tourney_id,tourney_name,surface,draw_size,tourney_level,tourney_date,match_num,winner_id,winner_seed,winner_entry,winner_name,winner_hand,winner_ht,winner_ioc,winner_age,loser_id,loser_seed,loser_entry,loser_name,loser_hand,loser_ht,loser_ioc,loser_age,score,best_of,round,minutes,w_ace,w_df,w_svpt,w_1stIn,w_1stWon,w_2ndWon,w_SvGms,w_bpSaved,w_bpFaced,l_ace,l_df,l_svpt,l_1stIn,l_1stWon,l_2ndWon,l_SvGms,l_bpSaved,l_bpFaced,winner_rank,winner_rank_points,loser_rank,loser_rank_points
1999-339,Adelaide,Hard,32,A,19990104,1,102158,1,,Patrick Rafter,R,185,AUS,26.0,102863,,Q,Takao Suzuki,R,175,JPN,22.2,6-3 6-0,3,R32,54,4,3,55,36,29,9,8,8,8,2,2,36,28,14,4,7,3,7,4,3315,115,415
1999-339,Adelaide,Hard,32,A,19990104,2,101792,,,Slava Dosedel,R,183,CZE,28.3,101793,,,Jim Courier,R,185,USA,28.3,7-5 6-3,3,R32,71,5,0,53,37,29,12,10,1,1,3,2,71,41,31,12,11,5,8,64,723,77,635
1999-339,Adelaide,Hard,32,A,19990104,3,102562,,,Jiri Novak,R,190,CZE,23.7,102776,,,Andrew Ilie,R,180,AUS,22.7,6-2 6-1,3,R32,45,1,2,41,24,19,11,7,0,0,2,4,47,22,12,8,8,3,8,75,669,59,757
1999-339,Adelaide,Hard,32,A,19990104,4,103720,,WC,Lleyton Hewitt,R,180,AUS,17.8,103017,7,,Nicolas Kiefer,R,183,GER,21.5,7-5 6-4,3,R32,86,4,1,68,50,37,11,11,1,1,5,3,74,44,30,17,11,8,10,100,482,35,1007
1999-339,Adelaide,Hard,32,A,19990104,5,101727,4,,Jason Stoltenberg,R,185,AUS,28.7,103324,,,Arnaud Di Pasquale,R,185,FRA,19.8,6-1 6-4,3,R32,61,7,3,57,32,28,12,9,1,1,2,2,52,25,16,13,8,4,7,27,1280,81,613
1999-339,Adelaide,Hard,32,A,19990104,6,101150,,,Gianluca Pozzi,L,180,ITA,33.5,101889,,,Todd Woodbridge,R,178,AUS,27.7,6-4 6-2,3,R32,69,5,1,49,24,19,17,9,1,2,3,2,62,37,21,12,9,3,7,61,730,65,722
1999-339,Adelaide,Hard,32,A,19990104,7,102318,,,Andrei Pavel,R,183,ROU,24.9,102025,,Q,Mikael Tillstrom,R,185,SWE,26.8,6-3 6-3,3,R32,68,5,2,54,41,28,8,9,3,4,5,4,79,51,28,12,9,7,11,68,710,85,588
1999-339,Adelaide,Hard,32,A,19990104,8,101647,5,,Byron Black,R,175,ZIM,29.2,102434,,,Vincent Spadea,R,183,USA,24.4,1-6 7-6(6) 6-2,3,R32,120,5,4,79,45,35,18,13,3,6,7,0,106,59,42,23,14,5,8,28,1259,42,935
1999-339,Adelaide,Hard,32,A,19990104,9,102021,6,,Michael Chang,R,175,USA,26.8,103206,,Q,Sebastien Grosjean,R,175,FRA,20.6,6-3 3-6 6-3,3,R32,106,5,2,84,36,30,26,14,7,10,6,3,87,48,33,16,13,5,9,29,1242,88,568
1999-339,Adelaide,Hard,32,A,19990104,10,102401,,,Scott Draper,L,178,AUS,24.5,102925,,,Justin Gimelstob,R,196,USA,21.9,3-6 7-6(6) 6-3,3,R32,129,11,2,103,68,51,15,14,10,13,11,5,108,75,53,13,16,4,8,51,819,80,615
1999-339,Adelaide,Hard,32,A,19990104,11,101833,,WC,Michael Tebbutt,L,190,AUS,28.0,102205,,,Sebastien Lareau,R,183,CAN,25.6,6-3 3-6 6-1,3,R32,89,6,5,75,36,26,21,13,0,3,4,3,67,37,23,13,12,2,7,122,393,79,622
1999-339,Adelaide,Hard,32,A,19990104,12,102856,3,,Gustavo Kuerten,R,190,BRA,22.3,102259,,,Jerome Golmard,L,188,FRA,25.3,7-5 6-1,3,R32,64,17,1,53,28,24,18,10,1,1,3,5,56,30,20,13,9,1,4,23,1472,47,883
1999-339,Adelaide,Hard,32,A,19990104,13,103103,,,Dominik Hrbaty,R,183,SVK,20.9,103264,8,,Mariano Puerta,L,180,ARG,20.2,4-6 6-1 7-5,3,R32,120,13,10,116,58,43,31,15,17,18,6,4,95,68,45,14,14,6,9,46,884,39,983
1999-339,Adelaide,Hard,32,A,19990104,14,102234,,Q,Oliver Gross,R,185,GER,25.5,101860,,WC,Mark Draper,R,185,AUS,27.8,6-2 6-0,3,R32,41,1,1,37,22,20,9,7,1,1,1,4,39,23,11,4,7,5,10,97,514,159,296
1999-339,Adelaide,Hard,32,A,19990104,15,102184,,,David Prinosil,R,185,GER,25.8,102437,,,Adrian Voinea,R,185,ROU,24.4,7-6(0) 4-6 6-2,3,R32,102,8,8,102,49,37,26,15,6,9,6,2,83,54,35,15,15,4,8,78,633,71,676
1999-339,Adelaide,Hard,32,A,19990104,16,102358,2,,Thomas Enqvist,R,190,SWE,24.8,101185,,,Mark Woodforde,L,188,AUS,33.2,0-6 6-4 6-4,3,R32,91,11,2,76,42,34,13,13,4,8,10,2,79,41,29,22,13,10,13,22,1500,58,773
1999-339,Adelaide,Hard,32,A,19990104,17,101792,,,Slava Dosedel,R,183,CZE,28.3,102158,1,,Patrick Rafter,R,185,AUS,26.0,7-5 6-4,3,R16,79,3,1,76,57,37,14,11,4,4,7,3,63,47,38,5,11,2,4,64,723,4,3315
1999-339,Adelaide,Hard,32,A,19990104,18,103720,,WC,Lleyton Hewitt,R,180,AUS,17.8,102562,,,Jiri Novak,R,190,CZE,23.7,7-6(2) 2-6 6-4,3,R16,137,2,3,115,71,46,24,15,8,12,4,3,111,78,54,13,15,7,10,100,482,75,669
1999-339,Adelaide,Hard,32,A,19990104,19,101727,4,,Jason Stoltenberg,R,185,AUS,28.7,101150,,,Gianluca Pozzi,L,180,ITA,33.5,6-3 6-2,3,R16,60,9,2,56,41,33,8,9,5,5,4,0,44,22,14,12,8,3,6,27,1280,61,730
1999-339,Adelaide,Hard,32,A,19990104,20,101647,5,,Byron Black,R,175,ZIM,29.2,102318,,,Andrei Pavel,R,183,ROU,24.9,6-3 6-2,3,R16,80,4,0,65,40,27,17,9,3,3,2,0,73,50,30,10,8,9,12,28,1259,68,710
1999-339,Adelaide,Hard,32,A,19990104,21,102401,,,Scott Draper,L,178,AUS,24.5,102021,6,,Michael Chang,R,175,USA,26.8,6-3 7-6(6),3,R16,89,7,3,83,50,36,14,11,5,7,5,1,58,33,23,12,10,4,7,51,819,29,1242
1999-339,Adelaide,Hard,32,A,19990104,22,101833,,WC,Michael Tebbutt,L,190,AUS,28.0,102856,3,,Gustavo Kuerten,R,190,BRA,22.3,6-7(2) 7-6(5) 7-6(3),3,R16,144,12,7,122,62,54,32,18,2,3,23,9,126,57,50,39,18,4,5,122,393,23,1472
1999-339,Adelaide,Hard,32,A,19990104,23,103103,,,Dominik Hrbaty,R,183,SVK,20.9,102234,,Q,Oliver Gross,R,185,GER,25.5,W/O,3,R16,,,,,,,,,,,,,,,,,,,,46,884,97,514
1999-339,Adelaide,Hard,32,A,19990104,24,102358,2,,Thomas Enqvist,R,190,SWE,24.8,102184,,,David Prinosil,R,185,GER,25.8,6-2 6-3,3,R16,56,6,2,52,25,20,17,9,0,1,9,6,45,22,15,10,8,0,4,22,1500,78,633
1999-339,Adelaide,Hard,32,A,19990104,25,103720,,WC,Lleyton Hewitt,R,180,AUS,17.8,101792,,,Slava Dosedel,R,183,CZE,28.3,4-6 6-4 6-2,3,QF,108,4,4,97,54,39,20,14,4,8,4,3,89,60,34,14,14,7,13,100,482,64,723
1999-339,Adelaide,Hard,32,A,19990104,26,101727,4,,Jason Stoltenberg,R,185,AUS,28.7,101647,5,,Byron Black,R,175,ZIM,29.2,6-3 6-2,3,QF,65,7,2,48,29,25,11,9,2,3,1,3,62,36,16,14,8,6,10,27,1280,28,1259
1999-339,Adelaide,Hard,32,A,19990104,27,102401,,,Scott Draper,L,178,AUS,24.5,101833,,WC,Michael Tebbutt,L,190,AUS,28.0,6-7(7) 6-4 7-6(5),3,QF,136,3,1,114,81,61,19,17,4,6,20,7,120,62,49,30,17,3,6,51,819,122,393
1999-339,Adelaide,Hard,32,A,19990104,28,102358,2,,Thomas Enqvist,R,190,SWE,24.8,103103,,,Dominik Hrbaty,R,183,SVK,20.9,6-2 6-4,3,QF,53,4,0,43,24,21,13,9,0,1,8,6,50,29,21,6,9,2,6,22,1500,46,884
1999-339,Adelaide,Hard,32,A,19990104,29,103720,,WC,Lleyton Hewitt,R,180,AUS,17.8,101727,4,,Jason Stoltenberg,R,185,AUS,28.7,6-1 6-3,3,SF,62,1,0,49,34,23,11,8,1,1,3,4,52,25,16,10,8,3,7,100,482,27,1280
1999-339,Adelaide,Hard,32,A,19990104,30,102358,2,,Thomas Enqvist,R,190,SWE,24.8,102401,,,Scott Draper,L,178,AUS,24.5,6-3 7-5,3,SF,65,12,1,56,35,30,12,11,0,1,5,1,59,39,24,11,10,5,8,22,1500,51,819
1999-339,Adelaide,Hard,32,A,19990104,31,102358,2,,Thomas Enqvist,R,190,SWE,24.8,103720,,WC,Lleyton Hewitt,R,180,AUS,17.8,4-6 6-1 6-2,3,F,90,16,4,66,44,36,13,13,2,3,7,5,90,55,37,13,12,4,8,22,1500,100,482
1999-451,Doha,Hard,32,A,19990104,1,102450,1,,Tim Henman,R,185,GBR,24.3,102854,,,Sjeng Schalken,R,193,NED,22.3,6-2 6-3,3,R32,64,1,1,53,30,24,15,9,2,2,2,2,46,37,23,1,8,2,5,7,2620,66,712
1999-451,Doha,Hard,32,A,19990104,2,101962,,,Younes El Aynaoui,R,193,MAR,27.3,102148,,,Fabrice Santoro,R,178,FRA,26.0,6-4 6-1,3,R32,63,4,0,61,40,28,14,9,7,7,5,0,44,31,22,3,8,2,5,45,894,41,935
1999-451,Doha,Hard,32,A,19990104,3,102950,,,Fernando Vicente,R,180,ESP,21.8,102106,,,Davide Sanguinetti,R,188,ITA,26.3,6-1 6-2,3,R32,54,2,1,41,22,18,14,8,0,0,1,2,47,27,16,7,7,2,6,54,799,48,853
1999-451,Doha,Hard,32,A,19990104,4,101543,,,Jeff Tarango,L,180,USA,30.1,101733,8,,Jan Siemerink,L,183,NED,28.7,6-3 6-3,3,R32,64,1,3,51,34,27,10,9,0,0,4,1,54,32,22,10,9,4,7,73,675,19,1669
1999-451,Doha,Hard,32,A,19990104,5,102338,3,,Yevgeny Kafelnikov,R,190,RUS,24.8,101902,,Q,Stephane Huet,L,180,FRA,27.6,2-6 6-3 6-4,3,R32,109,5,5,85,47,30,17,14,6,11,15,2,101,60,38,17,13,11,16,11,2515,219,206
1999-451,Doha,Hard,32,A,19990104,6,102271,,,Hicham Arazi,L,175,MAR,25.2,103498,,,Marat Safin,R,193,RUS,18.9,1-6 6-3 7-6(5),3,R32,127,3,3,92,50,30,23,14,8,14,8,4,111,46,31,30,14,11,16,36,999,49,852
1999-451,Doha,Hard,32,A,19990104,7,102644,,,Franco Squillari,L,183,ARG,23.3,102539,,,Bohdan Ulihrach,R,188,CZE,23.8,2-6 6-1 6-4,3,R32,88,6,4,87,61,42,11,13,4,7,0,1,63,43,26,13,12,4,8,60,747,33,1077
1999-451,Doha,Hard,32,A,19990104,8,102223,,WC,Karim Alami,R,185,MAR,25.6,101434,5,,Petr Korda,L,190,CZE,30.9,7-6(5) 2-6 6-3,3,R32,135,6,2,113,75,50,20,15,7,11,3,4,116,75,49,21,14,14,17,72,676,13,1915
1999-451,Doha,Hard,32,A,19990104,9,101888,,,Daniel Vacek,R,190,CZE,27.7,102563,6,,Thomas Johansson,R,180,SWE,23.7,6-1 6-2,3,R32,62,4,0,45,29,19,13,8,2,3,3,1,45,21,11,8,7,1,6,50,842,17,1761
1999-451,Doha,Hard,32,A,19990104,10,102783,,Q,Rainer Schuettler,R,180,GER,22.6,102446,,,Andrei Medvedev,R,193,UKR,24.3,4-6 6-3 6-2,3,R32,110,1,3,82,49,31,18,14,3,8,1,5,92,53,31,12,13,4,11,124,392,62,725
1999-451,Doha,Hard,32,A,19990104,11,102419,,Q,Christophe Van Garsse,R,185,BEL,24.5,102029,,,Filip Dewulf,R,190,BEL,26.8,6-1 7-6(3),3,R32,75,2,2,63,39,32,13,10,1,2,1,1,67,31,20,17,9,5,8,170,287,55,789
1999-451,Doha,Hard,32,A,19990104,12,101964,4,,Goran Ivanisevic,L,193,CRO,27.3,101532,,,Francisco Clavet,L,183,ESP,30.1,6-3 6-7(1) 6-4,3,R32,126,14,3,103,59,46,18,16,6,9,2,3,90,55,32,24,15,5,10,12,2137,30,1216
1999-451,Doha,Hard,32,A,19990104,13,101611,7,,Cedric Pioline,R,188,FRA,29.5,102548,,,Juan Antonio Marin,R,175,CRC,23.8,6-3 6-1,3,R32,65,11,1,46,24,22,12,8,3,3,2,1,48,25,15,9,8,3,7,18,1710,70,678
1999-451,Doha,Hard,32,A,19990104,14,101439,,WC,Javier Sanchez,R,178,ESP,30.9,102202,,Q,Kenneth Carlsen,L,190,DEN,25.7,6-3 6-4,3,R32,64,1,1,52,36,28,13,10,1,1,3,1,49,33,23,8,9,2,4,169,288,83,606
1999-451,Doha,Hard,32,A,19990104,15,103151,,,Mariano Zabaleta,R,183,ARG,20.8,101475,,,Carlos Costa,R,183,ESP,30.7,6-4 6-3,3,R32,76,2,3,54,24,18,16,9,3,5,3,4,58,32,20,10,10,3,8,63,723,67,710
1999-451,Doha,Hard,32,A,19990104,16,101463,,WC,Bernd Karbacher,R,185,GER,30.7,102257,2,,Greg Rusedski,L,193,GBR,25.3,4-6 7-6(3) 6-3,3,R32,122,2,1,98,65,43,20,16,6,10,8,3,93,54,39,17,15,2,6,125,382,9,2573
1999-451,Doha,Hard,32,A,19990104,17,102450,1,,Tim Henman,R,185,GBR,24.3,101962,,,Younes El Aynaoui,R,193,MAR,27.3,4-6 6-3 6-0,3,R16,121,9,1,86,46,37,20,13,7,8,8,3,99,57,39,14,12,11,15,7,2620,45,894
1999-451,Doha,Hard,32,A,19990104,18,101543,,,Jeff Tarango,L,180,USA,30.1,102950,,,Fernando Vicente,R,180,ESP,21.8,6-3 7-5,3,R16,91,2,3,67,39,29,10,11,1,4,4,8,72,35,20,15,10,5,10,73,675,54,799
1999-451,Doha,Hard,32,A,19990104,19,102271,,,Hicham Arazi,L,175,MAR,25.2,102338,3,,Yevgeny Kafelnikov,R,190,RUS,24.8,3-6 6-1 7-6(10),3,R16,109,7,2,92,53,39,24,14,4,6,7,4,98,62,47,15,14,6,9,36,999,11,2515
1999-451,Doha,Hard,32,A,19990104,20,102223,,WC,Karim Alami,R,185,MAR,25.6,102644,,,Franco Squillari,L,183,ARG,23.3,6-2 6-7(2) 7-5,3,R16,123,6,3,109,64,46,21,16,7,9,4,7,94,52,38,19,16,2,7,72,676,60,747
1999-451,Doha,Hard,32,A,19990104,21,102783,,Q,Rainer Schuettler,R,180,GER,22.6,101888,,,Daniel Vacek,R,190,CZE,27.7,7-6(3) 6-3,3,R16,97,0,3,90,53,35,23,11,7,8,2,1,67,39,24,17,10,3,5,124,392,50,842
1999-451,Doha,Hard,32,A,19990104,22,101964,4,,Goran Ivanisevic,L,193,CRO,27.3,102419,,Q,Christophe Van Garsse,R,185,BEL,24.5,6-3 6-0,3,R16,44,9,1,41,21,17,15,8,0,0,1,6,42,23,13,7,7,2,6,12,2137,170,287
1999-451,Doha,Hard,32,A,19990104,23,101611,7,,Cedric Pioline,R,188,FRA,29.5,101439,,WC,Javier Sanchez,R,178,ESP,30.9,7-6(2) 6-2,3,R16,86,7,2,63,29,25,16,10,5,7,0,2,64,47,27,8,10,4,8,18,1710,169,288
1999-451,Doha,Hard,32,A,19990104,24,103151,,,Mariano Zabaleta,R,183,ARG,20.8,101463,,WC,Bernd Karbacher,R,185,GER,30.7,6-0 3-6 7-5,3,R16,111,6,2,75,45,34,15,13,4,6,4,0,88,53,33,21,14,7,12,63,723,125,382
1999-451,Doha,Hard,32,A,19990104,25,102450,1,,Tim Henman,R,185,GBR,24.3,101543,,,Jeff Tarango,L,180,USA,30.1,6-4 6-7(13) 6-4,3,QF,154,21,0,101,59,48,21,16,2,5,1,2,123,70,43,31,16,9,14,7,2620,73,675
1999-451,Doha,Hard,32,A,19990104,26,102223,,WC,Karim Alami,R,185,MAR,25.6,102271,,,Hicham Arazi,L,175,MAR,25.2,6-1 6-7(3) 6-4,3,QF,122,11,0,94,55,38,19,14,7,10,3,3,103,56,39,17,15,10,17,72,676,36,999
1999-451,Doha,Hard,32,A,19990104,27,102783,,Q,Rainer Schuettler,R,180,GER,22.6,101964,4,,Goran Ivanisevic,L,193,CRO,27.3,6-2 6-7(5) 6-2,3,QF,104,4,2,88,48,34,22,14,6,8,11,16,104,61,43,10,14,12,18,124,392,12,2137
1999-451,Doha,Hard,32,A,19990104,28,101611,7,,Cedric Pioline,R,188,FRA,29.5,103151,,,Mariano Zabaleta,R,183,ARG,20.8,7-6(2) 6-2,3,QF,77,5,1,59,40,34,12,10,0,0,5,2,59,38,28,12,10,2,4,18,1710,63,723
1999-451,Doha,Hard,32,A,19990104,29,102450,1,,Tim Henman,R,185,GBR,24.3,102223,,WC,Karim Alami,R,185,MAR,25.6,6-4 6-2,3,SF,73,3,0,46,26,20,15,9,2,3,1,2,64,37,21,15,9,6,10,7,2620,72,676
1999-451,Doha,Hard,32,A,19990104,30,102783,,Q,Rainer Schuettler,R,180,GER,22.6,101611,7,,Cedric Pioline,R,188,FRA,29.5,3-6 6-2 7-5,3,SF,129,2,2,79,51,35,14,14,2,5,2,1,118,69,35,29,15,7,12,124,392,18,1710
1999-451,Doha,Hard,32,A,19990104,31,102783,,Q,Rainer Schuettler,R,180,GER,22.6,102450,1,,Tim Henman,R,185,GBR,24.3,6-4 5-7 6-1,3,F,125,2,2,94,62,42,19,14,5,7,3,1,95,55,32,21,15,2,7,124,392,7,2620
1999-301,Auckland,Hard,32,A,19990111,1,102318,,,Andrei Pavel,R,183,ROU,24.9,102701,1,,Marcelo Rios,L,175,CHI,23.0,5-7 2-0 RET,3,R32,48,4,3,45,30,23,4,8,4,6,2,4,45,24,13,13,7,1,3,64,729,2,3670
1999-301,Auckland,Hard,32,A,19990111,2,102950,,,Fernando Vicente,R,180,ESP,21.8,101543,,,Jeff Tarango,L,180,USA,30.1,6-2 4-6 6-4,3,R32,128,9,4,111,64,46,23,14,6,8,3,0,82,52,36,13,14,8,12,52,809,65,724
1999-301,Auckland,Hard,32,A,19990111,3,101888,,,Daniel Vacek,R,190,CZE,27.7,103084,,Q,Guillermo Canas,R,185,ARG,21.1,4-6 7-5 6-3,3,R32,123,1,2,88,59,36,17,16,3,9,3,5,123,76,42,22,15,15,22,47,886,96,516
1999-301,Auckland,Hard,32,A,19990111,4,102854,,,Sjeng Schalken,R,193,NED,22.3,102434,7,,Vincent Spadea,R,183,USA,24.4,7-6(6) 6-4,3,R32,95,2,3,70,44,36,12,11,5,7,7,2,77,41,27,18,11,1,4,74,660,46,897
1999-301,Auckland,Hard,32,A,19990111,5,101601,,WC,Brett Steven,R,185,NZL,29.7,101965,3,,Wayne Ferreira,R,185,RSA,27.3,6-1 6-4,3,R32,59,7,2,51,36,29,8,9,2,3,4,2,57,26,18,9,8,3,7,100,466,26,1285
1999-301,Auckland,Hard,32,A,19990111,6,103498,,,Marat Safin,R,193,RUS,18.9,101150,,,Gianluca Pozzi,L,180,ITA,33.5,6-3 6-2,3,R32,64,6,0,54,27,22,14,9,1,2,4,2,61,35,22,10,8,6,10,49,852,63,730
1999-301,Auckland,Hard,32,A,19990111,7,103151,,,Mariano Zabaleta,R,183,ARG,20.8,102106,,,Davide Sanguinetti,R,188,ITA,26.3,3-6 6-3 6-2,3,R32,92,5,1,87,57,39,14,13,3,6,4,4,82,38,24,22,13,7,12,59,770,48,853
1999-301,Auckland,Hard,32,A,19990111,8,102796,,,Magnus Norman,R,188,SWE,22.6,102148,6,,Fabrice Santoro,R,178,FRA,26.0,4-6 7-6(7) 3-0 RET,3,R32,110,4,1,74,41,32,22,13,0,1,2,3,98,57,41,22,13,7,9,51,818,67,702
1999-301,Auckland,Hard,32,A,19990111,9,103163,5,,Tommy Haas,R,188,GER,20.7,102987,,Q,Andre Sa,R,185,BRA,21.6,6-2 7-6(5),3,R32,85,7,7,74,41,26,16,10,5,9,3,5,69,38,23,11,10,5,11,35,1044,126,381
1999-301,Auckland,Hard,32,A,19990111,10,102548,,,Juan Antonio Marin,R,175,CRC,23.8,101475,,,Carlos Costa,R,183,ESP,30.7,6-3 6-4,3,R32,88,3,4,74,40,29,22,10,10,10,4,10,79,38,30,15,9,8,10,70,678,73,661
1999-301,Auckland,Hard,32,A,19990111,11,103252,,Q,Alberto Martin,R,175,ESP,20.3,102776,,,Andrew Ilie,R,180,AUS,22.7,6-3 6-4,3,R32,65,1,4,63,48,36,6,10,3,4,1,1,48,25,18,10,9,0,3,105,455,61,757
1999-301,Auckland,Hard,32,A,19990111,12,101703,,,Guillaume Raoux,R,180,FRA,28.9,101647,4,,Byron Black,R,175,ZIM,29.2,6-3 6-3,3,R32,77,7,0,47,22,14,20,9,0,1,2,1,66,39,23,11,9,5,9,55,788,27,1283
1999-301,Auckland,Hard,32,A,19990111,13,103103,8,,Dominik Hrbaty,R,183,SVK,21.0,102644,,,Franco Squillari,L,183,ARG,23.3,6-2 6-4,3,R32,57,5,3,51,27,20,16,9,0,1,5,5,59,32,20,11,9,3,7,44,906,60,766
1999-301,Auckland,Hard,32,A,19990111,14,101897,,,Fernando Meligeni,L,180,BRA,27.7,102131,,WC,Alistair Hunt,R,190,NZL,26.1,6-1 7-5,3,R32,60,1,2,52,25,21,21,10,2,2,3,9,53,30,24,7,9,0,3,58,779,478,54
1999-301,Auckland,Hard,32,A,19990111,15,102437,,,Adrian Voinea,R,185,ROU,24.4,101793,,WC,Jim Courier,R,185,USA,28.4,7-6(5) 6-1,3,R32,78,9,1,61,38,29,17,10,0,0,3,1,61,42,26,10,9,4,6,71,676,78,635
1999-301,Auckland,Hard,32,A,19990111,16,102456,2,,Felix Mantilla,R,180,ESP,24.3,102133,,Q,Laurence Tieleman,R,180,ITA,26.1,7-6(10) 6-2,3,R32,89,3,2,70,42,32,21,10,5,5,5,2,78,52,33,15,10,3,5,20,1643,107,448
1999-301,Auckland,Hard,32,A,19990111,17,102318,,,Andrei Pavel,R,183,ROU,24.9,102950,,,Fernando Vicente,R,180,ESP,21.8,6-3 6-4,3,R16,71,2,0,61,50,33,7,10,4,6,2,2,54,31,19,10,9,2,6,64,729,52,809
1999-301,Auckland,Hard,32,A,19990111,18,102854,,,Sjeng Schalken,R,193,NED,22.3,101888,,,Daniel Vacek,R,190,CZE,27.7,6-4 6-4,3,R16,81,4,1,58,40,31,10,10,3,4,5,4,68,44,27,13,10,4,7,74,660,47,886
1999-301,Auckland,Hard,32,A,19990111,19,101601,,WC,Brett Steven,R,185,NZL,29.7,103498,,,Marat Safin,R,193,RUS,18.9,7-5 6-2,3,R16,77,1,5,70,44,34,13,10,5,6,3,4,57,27,19,14,10,2,6,100,466,49,852
1999-301,Auckland,Hard,32,A,19990111,20,103151,,,Mariano Zabaleta,R,183,ARG,20.8,102796,,,Magnus Norman,R,188,SWE,22.6,5-7 6-3 6-3,3,R16,123,6,3,103,67,45,18,15,8,11,7,5,85,54,35,17,15,4,9,59,770,51,818
1999-301,Auckland,Hard,32,A,19990111,21,103163,5,,Tommy Haas,R,188,GER,20.7,102548,,,Juan Antonio Marin,R,175,CRC,23.8,6-3 6-4,3,R16,70,5,2,54,30,25,14,10,2,3,1,3,55,24,18,14,9,5,8,35,1044,70,678
1999-301,Auckland,Hard,32,A,19990111,22,101703,,,Guillaume Raoux,R,180,FRA,28.9,103252,,Q,Alberto Martin,R,175,ESP,20.3,7-6(5) 5-7 7-6(1),3,R16,147,9,1,101,53,41,31,18,2,5,5,2,117,81,62,17,18,9,11,55,788,105,455
1999-301,Auckland,Hard,32,A,19990111,23,103103,8,,Dominik Hrbaty,R,183,SVK,21.0,101897,,,Fernando Meligeni,L,180,BRA,27.7,7-6(2) 7-5,3,R16,81,5,0,69,44,35,17,12,1,2,1,3,71,44,31,13,12,1,3,44,906,58,779
1999-301,Auckland,Hard,32,A,19990111,24,102456,2,,Felix Mantilla,R,180,ESP,24.3,102437,,,Adrian Voinea,R,185,ROU,24.4,1-6 6-1 6-4,3,R16,103,8,4,76,40,26,20,12,1,4,8,4,88,55,36,13,12,7,11,20,1643,71,676
1999-301,Auckland,Hard,32,A,19990111,25,102854,,,Sjeng Schalken,R,193,NED,22.3,102318,,,Andrei Pavel,R,183,ROU,24.9,6-3 6-2,3,QF,55,2,0,40,29,25,11,9,0,0,1,2,40,24,13,9,8,0,3,74,660,64,729
1999-301,Auckland,Hard,32,A,19990111,26,101601,,WC,Brett Steven,R,185,NZL,29.7,103151,,,Mariano Zabaleta,R,183,ARG,20.8,6-0 6-4,3,QF,56,5,1,49,37,26,6,8,5,6,3,4,47,27,13,7,8,3,8,100,466,59,770
1999-301,Auckland,Hard,32,A,19990111,27,103163,5,,Tommy Haas,R,188,GER,20.7,101703,,,Guillaume Raoux,R,180,FRA,28.9,7-6(4) 7-6(2),3,QF,114,8,6,75,39,33,24,12,0,0,5,2,90,50,35,23,12,3,3,35,1044,55,788
1999-301,Auckland,Hard,32,A,19990111,28,102456,2,,Felix Mantilla,R,180,ESP,24.3,103103,8,,Dominik Hrbaty,R,183,SVK,21.0,2-6 7-5 6-3,3,QF,102,5,1,76,44,31,18,14,3,6,10,5,74,38,29,21,15,0,4,20,1643,44,906
1999-301,Auckland,Hard,32,A,19990111,29,102854,,,Sjeng Schalken,R,193,NED,22.3,101601,,WC,Brett Steven,R,185,NZL,29.7,6-4 6-4,3,SF,70,3,0,49,34,28,13,10,0,0,1,1,56,38,22,15,10,3,5,74,660,100,466
1999-301,Auckland,Hard,32,A,19990111,30,103163,5,,Tommy Haas,R,188,GER,20.7,102456,2,,Felix Mantilla,R,180,ESP,24.3,4-6 6-3 6-3,3,SF,99,8,5,78,46,37,19,14,0,1,7,2,90,57,36,20,14,4,7,35,1044,20,1643
1999-301,Auckland,Hard,32,A,19990111,31,102854,,,Sjeng Schalken,R,193,NED,22.3,103163,5,,Tommy Haas,R,188,GER,20.7,6-4 6-4,3,F,78,3,1,52,32,20,11,10,0,3,2,1,66,45,28,7,10,3,8,74,660,35,1044
1999-338,Sydney,Hard,32,A,19990111,1,102374,1,,Alex Corretja,R,180,ESP,24.7,102521,,Q,Hendrik Dreekmann,R,188,GER,23.9,4-6 6-3 6-3,3,R32,117,4,5,76,29,24,31,14,0,1,7,6,93,46,30,25,14,7,10,3,3398,88,576
1999-338,Sydney,Hard,32,A,19990111,2,101820,,,Marc Rosset,R,201,SUI,28.1,102539,,,Bohdan Ulihrach,R,188,CZE,23.8,6-4 6-0,3,R32,57,10,0,42,26,23,10,8,0,0,2,7,65,40,22,10,8,2,6,32,1165,33,1077
1999-338,Sydney,Hard,32,A,19990111,3,102998,,,Jan Michael Gambill,R,190,USA,21.6,101776,,WC,Sandon Stolle,R,193,AUS,28.4,7-6(7) 2-6 6-1,3,R32,108,10,2,96,62,44,19,14,8,11,12,5,85,50,39,14,13,1,4,37,983,,
1999-338,Sydney,Hard,32,A,19990111,4,102610,7,,Albert Costa,R,180,ESP,23.5,101235,,Q,Paul Haarhuis,R,188,NED,32.8,6-2 6-4,3,R32,65,2,4,41,24,21,12,9,0,1,3,4,64,39,27,8,9,10,14,13,1823,72,674
1999-338,Sydney,Hard,32,A,19990111,5,102344,4,,Karol Kucera,R,188,SVK,24.8,101532,,,Francisco Clavet,L,183,ESP,30.2,6-4 7-6(8),3,R32,117,3,3,68,50,31,11,11,1,5,0,3,87,49,28,19,11,9,14,8,2579,29,1216
1999-338,Sydney,Hard,32,A,19990111,6,101611,,,Cedric Pioline,R,188,FRA,29.5,102401,,,Scott Draper,L,178,AUS,24.6,6-4 7-6(2),3,R32,90,5,3,66,41,34,16,11,2,2,4,3,71,43,29,15,11,3,4,14,1797,43,906
1999-338,Sydney,Hard,32,A,19990111,7,101889,,WC,Todd Woodbridge,R,178,AUS,27.7,101833,,WC,Michael Tebbutt,L,190,AUS,28.0,1-6 6-0 7-6(5),3,R32,104,7,2,80,55,42,11,12,5,8,8,4,93,59,42,14,13,6,10,76,648,109,446
1999-338,Sydney,Hard,32,A,19990111,8,102856,,,Gustavo Kuerten,R,190,BRA,22.3,102257,5,,Greg Rusedski,L,193,GBR,25.3,1-6 6-3 6-4,3,R32,99,7,6,95,45,37,24,13,6,8,9,3,80,39,33,22,13,3,5,23,1475,9,2568
1999-338,Sydney,Hard,32,A,19990111,9,101990,6,,Richard Krajicek,R,196,NED,27.0,102259,,Q,Jerome Golmard,L,188,FRA,25.3,6-4 4-0 RET,3,R32,61,8,1,45,27,23,8,7,1,1,0,2,44,27,15,8,8,3,6,10,2548,50,833
1999-338,Sydney,Hard,32,A,19990111,10,101727,,,Jason Stoltenberg,R,185,AUS,28.7,102238,,,Alberto Berasategui,R,173,ESP,25.5,6-1 6-7(3) 7-6(5),3,R32,135,11,4,118,67,46,27,16,10,13,0,2,123,97,59,12,15,6,11,30,1195,22,1556
1999-338,Sydney,Hard,32,A,19990111,11,101404,,,Thomas Muster,L,180,AUT,31.2,102035,,,Jonas Bjorkman,R,183,SWE,26.8,7-5 6-7(2) 6-3,3,R32,159,10,7,136,78,57,23,17,12,16,4,3,106,49,32,29,16,6,12,25,1344,24,1417
1999-338,Sydney,Hard,32,A,19990111,12,102845,3,,Carlos Moya,R,190,ESP,22.3,102563,,,Thomas Johansson,R,180,SWE,23.8,6-3 7-6(4),3,R32,85,7,1,79,37,28,22,11,5,7,8,2,58,26,19,17,10,2,5,5,3159,17,1761
1999-338,Sydney,Hard,32,A,19990111,13,101774,8,,Todd Martin,R,198,USA,28.5,102271,,,Hicham Arazi,L,175,MAR,25.2,6-1 6-3,3,R32,43,10,0,36,27,25,7,8,0,0,2,3,47,27,16,6,8,1,5,16,1774,34,1069
1999-338,Sydney,Hard,32,A,19990111,14,103264,,,Mariano Puerta,L,180,ARG,20.3,101733,,,Jan Siemerink,L,183,NED,28.7,6-2 6-4,3,R32,61,1,1,46,31,25,11,9,0,0,1,7,51,24,15,14,9,3,6,38,983,19,1664
1999-338,Sydney,Hard,32,A,19990111,15,103017,,,Nicolas Kiefer,R,183,GER,21.5,210013,,Q,Martin Damm Sr,R,188,CZE,26.4,5-7 6-3 6-2,3,R32,115,6,4,86,38,31,32,15,2,3,8,2,84,52,40,11,14,3,6,36,1007,,
1999-338,Sydney,Hard,32,A,19990111,16,103720,,,Lleyton Hewitt,R,180,AUS,17.8,102158,2,,Patrick Rafter,R,185,AUS,26.0,7-6(1) 6-1,3,R32,84,2,0,73,51,32,14,10,4,6,0,5,59,36,24,8,9,3,7,104,456,4,3315
1999-338,Sydney,Hard,32,A,19990111,17,102374,1,,Alex Corretja,R,180,ESP,24.7,101820,,,Marc Rosset,R,201,SUI,28.1,4-6 6-3 7-6(2),3,R16,138,7,3,101,64,46,18,16,5,9,8,8,98,53,39,18,15,3,7,3,3398,32,1165
1999-338,Sydney,Hard,32,A,19990111,18,102610,7,,Albert Costa,R,180,ESP,23.5,102998,,,Jan Michael Gambill,R,190,USA,21.6,6-3 7-5,3,R16,70,7,1,59,43,36,9,11,0,0,5,0,60,37,30,9,10,5,7,13,1823,37,983
1999-338,Sydney,Hard,32,A,19990111,19,102344,4,,Karol Kucera,R,188,SVK,24.8,101611,,,Cedric Pioline,R,188,FRA,29.5,6-4 6-0,3,R16,61,2,1,39,32,25,4,8,0,1,2,2,48,24,14,6,8,2,7,8,2579,14,1797
1999-338,Sydney,Hard,32,A,19990111,20,102856,,,Gustavo Kuerten,R,190,BRA,22.3,101889,,WC,Todd Woodbridge,R,178,AUS,27.7,6-4 6-0,3,R16,62,11,2,58,36,26,10,8,3,4,2,3,47,34,17,4,8,3,8,23,1475,76,648
1999-338,Sydney,Hard,32,A,19990111,21,101727,,,Jason Stoltenberg,R,185,AUS,28.7,101990,6,,Richard Krajicek,R,196,NED,27.0,6-3 6-4,3,R16,70,3,2,53,28,25,16,10,1,1,8,3,65,38,27,12,9,4,6,30,1195,10,2548
1999-338,Sydney,Hard,32,A,19990111,22,101404,,,Thomas Muster,L,180,AUT,31.2,102845,3,,Carlos Moya,R,190,ESP,22.3,7-6(4) 7-5,3,R16,110,4,4,80,38,26,23,12,5,8,12,7,94,45,32,20,12,13,17,25,1344,5,3159
1999-338,Sydney,Hard,32,A,19990111,23,101774,8,,Todd Martin,R,198,USA,28.5,103264,,,Mariano Puerta,L,180,ARG,20.3,7-6(7) 6-4,3,R16,92,11,1,70,44,37,17,11,2,2,6,2,78,54,40,10,11,2,3,16,1774,38,983
1999-338,Sydney,Hard,32,A,19990111,24,103720,,,Lleyton Hewitt,R,180,AUS,17.8,103017,,,Nicolas Kiefer,R,183,GER,21.5,6-4 6-2,3,R16,82,3,4,67,39,27,15,9,5,6,11,3,61,35,22,11,9,2,6,104,456,36,1007
1999-338,Sydney,Hard,32,A,19990111,25,102374,1,,Alex Corretja,R,180,ESP,24.7,102610,7,,Albert Costa,R,180,ESP,23.5,6-3 4-6 2-0 RET,3,QF,96,8,0,63,33,27,18,11,4,5,7,1,67,42,29,14,11,3,5,3,3398,13,1823
1999-338,Sydney,Hard,32,A,19990111,26,102344,4,,Karol Kucera,R,188,SVK,24.8,102856,,,Gustavo Kuerten,R,190,BRA,22.3,3-6 6-4 6-1,3,QF,89,4,2,67,42,33,13,13,0,3,5,5,83,45,32,12,13,3,8,8,2579,23,1475
1999-338,Sydney,Hard,32,A,19990111,27,101404,,,Thomas Muster,L,180,AUT,31.2,101727,,,Jason Stoltenberg,R,185,AUS,28.7,3-6 6-2 6-3,3,QF,95,0,1,74,52,33,15,13,2,5,3,5,75,42,27,15,13,4,9,25,1344,30,1195
1999-338,Sydney,Hard,32,A,19990111,28,101774,8,,Todd Martin,R,198,USA,28.5,103720,,,Lleyton Hewitt,R,180,AUS,17.8,6-3 6-7(4) 6-4,3,QF,123,14,1,90,66,51,15,15,4,5,3,3,109,75,50,18,16,4,8,16,1774,104,456
1999-338,Sydney,Hard,32,A,19990111,29,102374,1,,Alex Corretja,R,180,ESP,24.7,102344,4,,Karol Kucera,R,188,SVK,24.8,7-5 6-4,3,SF,90,3,0,62,36,27,17,11,2,3,1,1,52,34,27,7,11,0,3,3,3398,8,2579
1999-338,Sydney,Hard,32,A,19990111,30,101774,8,,Todd Martin,R,198,USA,28.5,101404,,,Thomas Muster,L,180,AUT,31.2,6-2 6-1,3,SF,53,14,0,45,28,23,11,8,1,1,1,1,43,26,13,8,7,2,6,16,1774,25,1344
1999-338,Sydney,Hard,32,A,19990111,31,101774,8,,Todd Martin,R,198,USA,28.5,102374,1,,Alex Corretja,R,180,ESP,24.7,6-3 7-6(5),3,F,100,7,3,67,40,34,17,11,1,1,5,2,76,51,35,15,10,6,7,16,1774,3,3398
1999-580,Australian Open,Hard,128,G,19990118,1,101150,,,Gianluca Pozzi,L,180,ITA,33.5,103202,,LL,Oscar Serrano,R,173,ESP,20.6,3-6 6-3 7-6(6) 6-3,5,R128,162,3,6,134,66,56,33,20,10,12,1,2,132,85,61,23,19,11,14,65,730,135,338
1999-580,Australian Open,Hard,128,G,19990118,2,102201,,,Lionel Roux,R,185,FRA,25.7,102287,,,Albert Portas,R,188,ESP,25.1,6-3 6-1 6-2,5,R128,98,4,2,82,45,33,23,12,3,4,3,8,102,58,33,14,12,4,11,255,157,85,585
1999-580,Australian Open,Hard,128,G,19990118,3,102286,,,Wayne Black,R,170,ZIM,25.1,102437,,,Adrian Voinea,R,185,ROU,24.4,6-2 6-4 6-1,5,R128,89,1,1,79,53,38,15,12,6,7,5,3,93,55,33,13,13,6,13,97,518,71,682
1999-580,Australian Open,Hard,128,G,19990118,4,102446,,,Andrei Medvedev,R,193,UKR,24.3,103198,,Q,Justin Bower,L,190,RSA,20.6,7-6(0) 6-1 3-6 6-3,5,R128,125,11,4,131,92,77,16,19,1,3,11,2,136,89,63,24,18,8,12,81,615,239,179
1999-580,Australian Open,Hard,128,G,19990118,5,101434,,,Petr Korda,L,190,CZE,30.9,102869,,,Galo Blanco,R,173,ESP,22.2,6-3 6-7(1) 6-4 6-7(4) 6-2,5,R128,225,12,14,190,114,87,28,26,8,12,18,6,234,145,100,40,25,24,32,20,1633,83,612
1999-580,Australian Open,Hard,128,G,19990118,6,103031,,,Julian Alonso,R,185,ESP,21.4,102205,,,Sebastien Lareau,R,183,CAN,25.7,6-3 6-4 6-2,5,R128,96,6,5,95,68,49,13,14,5,7,1,6,98,57,35,14,13,13,19,104,461,78,622
1999-580,Australian Open,Hard,128,G,19990118,7,102521,,,Hendrik Dreekmann,R,188,GER,23.9,101475,,,Carlos Costa,R,183,ESP,30.7,6-2 2-6 6-4 6-3,5,R128,130,6,3,112,66,50,20,18,2,6,6,3,118,64,43,23,17,7,13,94,528,79,617
1999-580,Australian Open,Hard,128,G,19990118,8,101774,15,,Todd Martin,R,198,USA,28.5,101897,,,Fernando Meligeni,L,180,BRA,27.7,3-6 4-6 6-3 6-4 6-1,5,R128,108,8,4,140,102,75,21,22,5,8,10,6,168,108,72,29,23,12,18,13,1944,61,780
1999-580,Australian Open,Hard,128,G,19990118,9,102338,10,,Yevgeny Kafelnikov,R,190,RUS,24.9,102035,,,Jonas Bjorkman,R,183,SWE,26.8,6-3 6-2 6-4,5,R128,117,7,4,114,55,45,27,14,8,9,7,5,108,65,39,20,13,7,12,10,2515,25,1417
1999-580,Australian Open,Hard,128,G,19990118,10,101727,,,Jason Stoltenberg,R,185,AUS,28.7,102966,,Q,Fredrik Jonsson,R,193,SWE,21.8,6-3 7-6(6) 6-4,5,R128,123,5,3,114,75,60,22,16,5,5,6,0,99,60,47,22,15,3,5,29,1234,214,215
1999-580,Australian Open,Hard,128,G,19990118,11,101793,,,Jim Courier,R,185,USA,28.4,103193,,,Peter Wessels,R,196,NED,20.7,6-3 6-2 7-6(0),5,R128,103,10,0,88,68,57,18,15,1,1,13,8,119,85,63,8,14,5,8,77,635,113,434
1999-580,Australian Open,Hard,128,G,19990118,12,101962,,,Younes El Aynaoui,R,193,MAR,27.3,102456,,,Felix Mantilla,R,180,ESP,24.3,6-7(0) 7-6(1) 6-3 3-6 6-4,5,R128,205,24,5,177,112,92,36,26,3,6,12,5,176,113,84,34,26,4,8,39,930,19,1650
1999-580,Australian Open,Hard,128,G,19990118,13,101902,,Q,Stephane Huet,L,180,FRA,27.7,103324,,,Arnaud Di Pasquale,R,185,FRA,19.9,1-6 6-3 6-2 7-5,5,R128,125,6,3,113,48,40,40,18,8,10,4,5,115,71,47,23,18,3,7,205,222,82,613
1999-580,Australian Open,Hard,128,G,19990118,14,102318,,,Andrei Pavel,R,183,ROU,24.9,101439,,Q,Javier Sanchez,R,178,ESP,30.9,7-6(5) 6-2 4-6 6-4,5,R128,147,4,1,138,110,78,16,20,9,11,8,9,148,82,57,34,20,8,12,53,812,162,293
1999-580,Australian Open,Hard,128,G,19990118,15,102834,,Q,Paul Goldstein,R,178,USA,22.4,102202,,,Kenneth Carlsen,L,190,DEN,25.7,2-6 6-3 6-0 6-2,5,R128,120,3,2,104,65,45,23,16,3,5,7,6,100,48,32,24,15,5,11,187,245,87,581
1999-580,Australian Open,Hard,128,G,19990118,16,102257,8,,Greg Rusedski,L,193,GBR,25.3,102401,,,Scott Draper,L,178,AUS,24.6,7-6(3) 2-6 6-4 7-6(5),5,R128,164,14,11,157,105,84,22,21,6,8,6,4,156,113,81,25,21,6,7,8,2568,46,884
1999-580,Australian Open,Hard,128,G,19990118,17,103017,,,Nicolas Kiefer,R,183,GER,21.5,102845,4,,Carlos Moya,R,190,ESP,22.3,6-7(7) 6-4 7-6(6) 6-3,5,R128,203,8,14,184,91,72,37,22,8,11,4,5,150,85,57,34,21,7,12,37,1001,5,3178
1999-580,Australian Open,Hard,128,G,19990118,18,102821,,Q,Cecil Mamiit,R,173,PHI,22.5,102905,,,Stefan Koubek,L,175,AUT,22.0,6-4 6-3 6-2,5,R128,90,1,2,88,54,37,19,14,3,6,2,3,82,50,26,13,13,5,12,127,365,95,526
1999-580,Australian Open,Hard,128,G,19990118,19,101703,,,Guillaume Raoux,R,180,FRA,28.9,103252,,,Alberto Martin,R,175,ESP,20.4,6-3 7-5 6-4,5,R128,118,6,4,109,61,47,28,16,5,6,1,4,90,51,37,19,15,4,8,51,819,102,476
1999-580,Australian Open,Hard,128,G,19990118,20,102148,,,Fabrice Santoro,R,178,FRA,26.1,102410,,Q,David Caldwell,R,180,USA,24.5,6-2 6-4 6-4,5,R128,120,7,3,121,59,46,34,14,5,6,0,2,114,82,47,17,14,10,15,68,702,181,254
1999-580,Australian Open,Hard,128,G,19990118,21,102110,,,Daniel Nestor,L,190,CAN,26.3,103166,,Q,Vladimir Voltchkov,R,180,BLR,20.7,6-3 6-7(5) 6-1 7-6(9),5,R128,155,20,9,173,114,91,31,21,8,9,19,4,150,104,82,19,19,4,8,107,452,165,290
1999-580,Australian Open,Hard,128,G,19990118,22,102854,,,Sjeng Schalken,R,193,NED,22.3,101404,,,Thomas Muster,L,180,AUT,31.2,2-6 6-3 6-3 6-3,5,R128,,,,,,,,,,,,,,,,,,,,49,839,24,1470
1999-580,Australian Open,Hard,128,G,19990118,23,103163,,,Tommy Haas,R,188,GER,20.7,102306,,,Michael Kohlmann,R,188,GER,25.0,7-6(5) 6-2 7-5,5,R128,119,9,8,124,68,59,26,16,5,6,8,1,105,75,55,13,16,1,5,33,1161,110,440
1999-580,Australian Open,Hard,128,G,19990118,24,103720,,WC,Lleyton Hewitt,R,180,AUS,17.8,101611,13,,Cedric Pioline,R,188,FRA,29.5,6-3 6-1 6-1,5,R128,103,3,2,65,38,31,16,11,2,3,3,3,98,60,35,11,12,7,15,101,484,15,1800
1999-580,Australian Open,Hard,128,G,19990118,25,210013,,,Martin Damm Sr,R,188,CZE,26.4,102610,12,,Albert Costa,R,180,ESP,23.5,6-4 4-6 6-4 6-4,5,R128,145,11,0,107,66,57,25,20,0,3,9,4,135,97,63,20,20,5,10,,,14,1817
1999-580,Australian Open,Hard,128,G,19990118,26,102227,,,Sargis Sargsian,R,180,ARM,25.6,101733,,,Jan Siemerink,L,183,NED,28.7,6-4 3-6 6-2 6-3,5,R128,145,2,1,123,97,67,14,18,12,14,4,4,118,70,43,26,18,4,9,99,488,18,1664
1999-580,Australian Open,Hard,128,G,19990118,27,102434,,,Vincent Spadea,R,183,USA,24.5,102887,,,Ramon Delgado,R,185,PAR,22.1,6-7(5) 6-3 6-2 6-0,5,R128,125,17,6,136,95,78,14,18,3,5,6,3,118,77,46,16,17,7,15,44,897,59,784
1999-580,Australian Open,Hard,128,G,19990118,28,102644,,,Franco Squillari,L,183,ARG,23.4,102694,,Q,Lars Burgsmuller,R,183,GER,23.1,7-6(9) 6-4 6-4,5,R128,146,7,15,132,60,47,30,16,4,7,0,1,114,73,51,15,16,6,11,62,766,150,317
1999-580,Australian Open,Hard,128,G,19990118,29,103096,,,Arnaud Clement,R,173,FRA,21.0,101816,,,Steve Campbell,R,183,USA,28.2,4-6 6-3 6-4 6-4,5,R128,145,5,2,113,77,65,18,20,1,3,3,8,130,78,59,15,19,7,11,105,460,103,464
1999-580,Australian Open,Hard,128,G,19990118,30,102562,,,Jiri Novak,R,190,CZE,23.8,101532,,,Francisco Clavet,L,183,ESP,30.2,6-3 6-4 6-3,5,R128,99,4,0,102,75,49,17,14,6,8,0,3,85,49,27,15,14,1,7,73,678,30,1213
1999-580,Australian Open,Hard,128,G,19990118,31,101792,,,Slava Dosedel,R,183,CZE,28.4,102375,,,Dinu Pescariu,R,185,ROU,24.7,6-4 6-3 6-3,5,R128,97,5,3,100,73,50,13,14,3,5,7,3,106,62,44,14,14,5,11,60,781,108,447
1999-580,Australian Open,Hard,128,G,19990118,32,101736,5,,Andre Agassi,R,180,USA,28.7,102024,,,Hernan Gumy,R,188,ARG,26.8,6-0 6-3 6-0,5,R128,79,1,1,54,38,31,10,10,0,0,1,2,81,55,27,8,11,10,18,6,2879,109,442
1999-580,Australian Open,Hard,128,G,19990118,33,102450,6,,Tim Henman,R,185,GBR,24.3,102223,,,Karim Alami,R,185,MAR,25.6,6-3 6-2 6-1,5,R128,79,6,2,65,32,31,23,12,0,0,4,9,88,47,30,12,12,2,8,7,2608,56,793
1999-580,Australian Open,Hard,128,G,19990118,34,101776,,WC,Sandon Stolle,R,193,AUS,28.5,103084,,,Guillermo Canas,R,185,ARG,21.1,2-6 7-6(4) 6-3 6-3,5,R128,165,6,4,125,80,60,16,19,6,12,4,6,152,111,63,15,19,10,17,240,179,96,520
1999-580,Australian Open,Hard,128,G,19990118,35,101820,,,Marc Rosset,R,201,SUI,28.1,101889,,,Todd Woodbridge,R,178,AUS,27.7,6-4 6-2 6-4,5,R128,96,10,5,87,47,40,26,14,0,0,3,3,99,63,39,18,14,3,7,31,1193,74,666
1999-580,Australian Open,Hard,128,G,19990118,36,102533,,,Jens Knippschild,R,190,GER,23.9,101885,,WC,Wayne Arthurs,L,190,AUS,27.8,3-6 4-6 7-6(2) 7-5 8-6,5,R128,188,10,3,164,94,76,48,28,1,3,22,8,201,112,96,49,29,8,10,111,439,185,248
1999-580,Australian Open,Hard,128,G,19990118,37,101235,,,Paul Haarhuis,R,188,NED,32.9,101833,,WC,Michael Tebbutt,L,190,AUS,28.0,6-2 6-4 6-2,5,R128,100,3,1,81,62,41,12,13,1,3,3,2,83,63,36,5,13,4,11,69,689,144,323
1999-580,Australian Open,Hard,128,G,19990118,38,101543,,,Jeff Tarango,L,180,USA,30.1,102238,,,Alberto Berasategui,R,173,ESP,25.5,6-7(5) 6-3 6-7(3) 6-4 4-1 RET,5,R128,173,6,2,150,114,77,18,24,8,12,7,9,179,135,84,15,25,11,20,66,724,22,1522
1999-580,Australian Open,Hard,128,G,19990118,39,102539,,,Bohdan Ulihrach,R,188,CZE,23.9,103206,,,Sebastien Grosjean,R,175,FRA,20.6,6-3 7-5 2-6 4-6 6-3,5,R128,180,3,10,169,96,60,38,24,14,20,5,3,151,101,72,20,24,7,14,34,1077,88,569
1999-580,Australian Open,Hard,128,G,19990118,40,101772,,Q,Andrei Cherkasov,R,180,RUS,28.5,101463,,LL,Bernd Karbacher,R,185,GER,30.7,6-2 6-1 6-1,5,R128,90,5,2,82,61,46,11,11,7,7,2,1,70,41,22,10,11,2,9,167,290,123,390
1999-580,Australian Open,Hard,128,G,19990118,41,102882,14,,Mark Philippoussis,R,196,AUS,22.1,101688,,,Geoff Grant,R,183,USA,29.0,6-3 6-4 6-3,5,R128,100,19,5,107,67,63,17,14,2,2,5,3,90,63,46,12,14,8,12,16,1792,112,437
1999-580,Australian Open,Hard,128,G,19990118,42,102021,,,Michael Chang,R,175,USA,26.9,101601,,,Brett Steven,R,185,NZL,29.7,7-6(7) 6-3 6-3,5,R128,125,5,2,97,48,40,25,15,1,3,1,6,112,68,42,16,15,5,10,27,1242,90,550
1999-580,Australian Open,Hard,128,G,19990118,43,102466,,,Jan Kroslak,R,188,SVK,24.2,102548,,,Juan Antonio Marin,R,175,CRC,23.8,6-1 7-6(1) 7-6(5),5,R128,125,8,3,104,73,53,16,15,2,6,0,7,132,64,38,28,16,4,11,89,558,72,682
1999-580,Australian Open,Hard,128,G,19990118,44,103264,,,Mariano Puerta,L,180,ARG,20.3,102519,,Q,Marcio Carlsson,R,175,BRA,23.9,6-0 5-7 6-1 6-4,5,R128,130,3,6,112,67,52,20,18,1,4,5,3,113,75,44,16,17,5,13,36,1014,129,354
1999-580,Australian Open,Hard,128,G,19990118,45,101647,,,Byron Black,R,175,ZIM,29.2,102842,,WC,Toby Mitchell,R,,AUS,22.4,7-6 6-2 6-2,5,R128,105,5,4,93,66,54,10,14,6,7,4,3,110,85,48,9,14,7,13,28,1237,248,162
1999-580,Australian Open,Hard,128,G,19990118,46,102358,,,Thomas Enqvist,R,190,SWE,24.8,102998,,,Jan Michael Gambill,R,190,USA,21.6,6-3 7-6(5) 6-4,5,R128,120,7,7,117,65,48,27,15,2,4,18,3,126,60,50,27,16,2,7,21,1608,38,983
1999-580,Australian Open,Hard,128,G,19990118,47,101185,,,Mark Woodforde,L,188,AUS,33.3,101860,,WC,Mark Draper,R,185,AUS,27.9,7-6(4) 6-4 6-4,5,R128,120,0,6,107,58,39,29,14,5,6,3,7,110,66,43,20,15,7,12,64,739,160,296
1999-580,Australian Open,Hard,128,G,19990118,48,102158,3,,Patrick Rafter,R,185,AUS,26.0,102234,,,Oliver Gross,R,185,GER,25.5,6-2 6-4 6-3,5,R128,96,5,3,84,59,47,9,14,1,4,1,8,98,51,33,13,13,7,14,4,3269,92,538
1999-580,Australian Open,Hard,128,G,19990118,49,102344,7,,Karol Kucera,R,188,SVK,24.8,102950,,,Fernando Vicente,R,180,ESP,21.8,6-2 7-6(4) 6-3,5,R128,130,6,3,119,81,57,16,15,7,11,1,4,103,59,32,18,14,7,14,11,2498,55,809
1999-580,Australian Open,Hard,128,G,19990118,50,102106,,,Davide Sanguinetti,R,188,ITA,26.3,102233,,,Leander Paes,R,178,IND,25.5,6-4 6-4 6-1,5,R128,85,3,2,73,41,34,22,13,0,0,1,9,105,59,37,18,14,7,12,48,853,93,535
1999-580,Australian Open,Hard,128,G,19990118,51,103498,,,Marat Safin,R,193,RUS,18.9,102184,,,David Prinosil,R,185,GER,25.8,6-2 7-6(4) 7-6(3),5,R128,115,13,1,131,92,75,16,16,6,8,5,9,116,65,48,18,16,1,5,47,861,76,642
1999-580,Australian Open,Hard,128,G,19990118,52,102856,,,Gustavo Kuerten,R,190,BRA,22.3,102154,,Q,Marcos Ondruska,R,183,RSA,26.0,6-4 6-3 6-3,5,R128,100,10,3,104,64,49,19,14,5,7,2,3,92,69,40,7,14,6,12,23,1518,138,329
1999-580,Australian Open,Hard,128,G,19990118,53,101965,,,Wayne Ferreira,R,185,RSA,27.3,103182,,Q,Markus Hipfl,R,178,AUT,20.7,7-6(4) 6-1 6-2,5,R128,89,22,2,107,78,69,14,14,1,2,6,3,91,70,42,7,13,1,6,26,1285,133,342
1999-580,Australian Open,Hard,128,G,19990118,54,101888,,,Daniel Vacek,R,190,CZE,27.8,103103,,,Dominik Hrbaty,R,183,SVK,21.0,6-4 1-6 2-6 7-6(3) 6-3,5,R128,159,16,4,181,116,79,32,24,10,17,20,5,149,91,71,31,22,7,11,45,886,42,906
1999-580,Australian Open,Hard,128,G,19990118,55,103151,,,Mariano Zabaleta,R,183,ARG,20.8,102512,,WC,Joseph Sirianni,R,175,AUS,24.0,3-6 6-4 6-3 4-6 6-2,5,R128,185,14,7,167,95,73,32,23,6,10,7,8,163,89,65,32,23,11,17,54,810,,
1999-580,Australian Open,Hard,128,G,19990118,56,101990,9,,Richard Krajicek,R,196,NED,27.1,102271,,,Hicham Arazi,L,175,MAR,25.2,6-7(4) 6-2 6-4 6-2,5,R128,137,27,2,130,92,82,21,19,0,2,4,4,128,60,38,34,19,4,11,9,2548,35,1069
1999-580,Australian Open,Hard,128,G,19990118,57,102839,,,Nicolas Lapentti,R,188,ECU,22.4,102563,16,,Thomas Johansson,R,180,SWE,23.8,6-3 3-6 3-6 7-6(4) 6-0,5,R128,180,11,5,159,103,74,27,23,6,12,9,3,143,82,62,23,22,6,13,91,545,17,1761
1999-580,Australian Open,Hard,128,G,19990118,58,102796,,,Magnus Norman,R,188,SWE,22.6,102770,,,John Van Lottum,R,185,NED,22.7,6-4 5-7 2-6 6-2 7-5,5,R128,207,10,9,167,109,81,18,25,7,15,10,3,168,104,73,27,25,10,19,52,818,100,488
1999-580,Australian Open,Hard,128,G,19990118,59,102025,,,Mikael Tillstrom,R,185,SWE,26.8,102133,,,Laurence Tieleman,R,180,ITA,26.1,5-7 7-6(5) 6-3 6-4,5,R128,158,5,4,147,93,58,27,21,7,14,8,4,154,99,61,26,22,6,15,84,597,106,459
1999-580,Australian Open,Hard,128,G,19990118,60,102925,,,Justin Gimelstob,R,196,USA,21.9,102783,,Q,Rainer Schuettler,R,180,GER,22.7,6-2 7-6(4) 6-1,5,R128,105,6,1,89,61,47,17,14,0,2,3,1,82,49,30,17,13,1,7,,,67,721
1999-580,Australian Open,Hard,128,G,19990118,61,102776,,,Andrew Ilie,R,180,AUS,22.7,102817,,Q,Edwin Kempes,R,188,NED,22.5,6-2 6-3 3-6 6-3,5,R128,106,5,1,96,52,36,34,18,2,5,4,2,105,64,44,19,17,3,9,63,757,154,310
1999-580,Australian Open,Hard,128,G,19990118,62,102259,,,Jerome Golmard,L,188,FRA,25.3,102023,,Q,Petr Luxa,R,190,CZE,26.8,6-2 7-6(4) 6-4,5,R128,126,3,5,101,57,38,23,15,4,8,6,3,113,71,41,18,15,9,16,50,833,220,200
1999-580,Australian Open,Hard,128,G,19990118,63,102104,,,Christian Ruud,R,188,NOR,26.4,102463,,,Lucas Arnold Ker,R,180,ARG,24.2,7-5 3-6 6-4 6-2,5,R128,180,5,2,133,79,56,24,20,10,16,1,4,123,65,40,21,19,5,13,86,584,114,433
1999-580,Australian Open,Hard,128,G,19990118,64,102374,2,,Alex Corretja,R,180,ESP,24.7,102863,,WC,Takao Suzuki,R,175,JPN,22.3,6-3 4-6 3-6 7-6(5) 6-2,5,R128,221,17,3,182,123,97,28,24,4,7,20,4,191,118,89,37,24,8,12,3,3550,116,421
1999-580,Australian Open,Hard,128,G,19990118,65,101150,,,Gianluca Pozzi,L,180,ITA,33.5,102201,,,Lionel Roux,R,185,FRA,25.7,2-6 6-3 6-1 3-0 RET,5,R64,112,4,3,86,52,39,20,14,2,4,0,6,89,46,26,18,14,6,11,65,730,255,157
1999-580,Australian Open,Hard,128,G,19990118,66,102286,,,Wayne Black,R,170,ZIM,25.1,102446,,,Andrei Medvedev,R,193,UKR,24.3,6-4 6-4 3-6 4-6 6-2,5,R64,162,5,5,160,100,73,22,23,5,10,13,7,163,109,78,23,24,6,13,97,518,81,615
1999-580,Australian Open,Hard,128,G,19990118,67,101434,,,Petr Korda,L,190,CZE,30.9,103031,,,Julian Alonso,R,185,ESP,21.4,6-3 6-1 6-1,5,R64,78,10,5,90,47,38,22,12,3,4,3,4,66,39,22,5,11,4,11,20,1633,104,461
1999-580,Australian Open,Hard,128,G,19990118,68,101774,15,,Todd Martin,R,198,USA,28.5,102521,,,Hendrik Dreekmann,R,188,GER,23.9,4-6 6-2 7-6(5) 6-2,5,R64,160,21,2,145,112,83,20,19,5,7,11,3,149,90,64,24,19,9,14,13,1944,94,528
1999-580,Australian Open,Hard,128,G,19990118,69,102338,10,,Yevgeny Kafelnikov,R,190,RUS,24.9,101727,,,Jason Stoltenberg,R,185,AUS,28.7,7-5 3-6 7-6(10) 7-6(3),5,R64,208,5,9,165,85,60,41,22,8,12,24,9,214,131,98,36,23,12,16,10,2515,29,1234
1999-580,Australian Open,Hard,128,G,19990118,70,101793,,,Jim Courier,R,185,USA,28.4,101962,,,Younes El Aynaoui,R,193,MAR,27.3,7-6(2) 6-4 5-7 6-2,5,R64,175,10,3,140,100,70,25,21,4,8,8,5,151,99,64,25,21,8,14,77,635,39,930
1999-580,Australian Open,Hard,128,G,19990118,71,102318,,,Andrei Pavel,R,183,ROU,24.9,101902,,Q,Stephane Huet,L,180,FRA,27.7,6-4 1-6 6-4 6-3,5,R64,122,5,1,107,79,56,16,18,6,10,8,4,129,67,44,32,18,6,11,53,812,205,222
1999-580,Australian Open,Hard,128,G,19990118,72,102834,,Q,Paul Goldstein,R,178,USA,22.4,102257,8,,Greg Rusedski,L,193,GBR,25.3,6-4 6-7(9) 7-6(5) 6-2,5,R64,179,5,1,164,108,78,30,21,11,13,12,9,181,97,74,34,21,10,15,187,245,8,2568
1999-580,Australian Open,Hard,128,G,19990118,73,103017,,,Nicolas Kiefer,R,183,GER,21.5,102821,,Q,Cecil Mamiit,R,173,PHI,22.5,6-2 7-5 7-6(7),5,R64,140,6,2,116,72,49,21,16,10,15,3,3,106,60,30,22,16,6,14,37,1001,127,365
1999-580,Australian Open,Hard,128,G,19990118,74,102148,,,Fabrice Santoro,R,178,FRA,26.1,101703,,,Guillaume Raoux,R,180,FRA,28.9,6-4 1-6 6-2 4-6 6-3,5,R64,181,2,5,149,93,67,25,22,8,12,8,0,156,82,57,43,22,10,15,68,702,51,819
1999-580,Australian Open,Hard,128,G,19990118,75,102110,,,Daniel Nestor,L,190,CAN,26.3,102854,,,Sjeng Schalken,R,193,NED,22.3,7-5 6-1 6-0,5,R64,90,7,3,87,59,48,13,13,2,3,5,6,101,59,32,16,12,12,19,107,452,49,839
1999-580,Australian Open,Hard,128,G,19990118,76,103163,,,Tommy Haas,R,188,GER,20.7,103720,,WC,Lleyton Hewitt,R,180,AUS,17.8,4-6 6-4 6-3 6-4,5,R64,163,17,7,169,98,76,31,20,12,15,9,1,115,78,54,21,19,5,10,33,1161,101,484
1999-580,Australian Open,Hard,128,G,19990118,77,210013,,,Martin Damm Sr,R,188,CZE,26.4,102227,,,Sargis Sargsian,R,180,ARM,25.6,4-6 6-3 6-7(3) 6-4 6-3,5,R64,211,13,7,162,83,70,38,24,5,9,6,3,170,117,79,26,26,11,19,,,99,488
1999-580,Australian Open,Hard,128,G,19990118,78,102434,,,Vincent Spadea,R,183,USA,24.5,102644,,,Franco Squillari,L,183,ARG,23.4,6-3 6-4 6-4,5,R64,105,7,0,86,62,51,16,15,0,1,6,5,106,74,54,9,14,5,9,44,897,62,766
1999-580,Australian Open,Hard,128,G,19990118,79,102562,,,Jiri Novak,R,190,CZE,23.8,103096,,,Arnaud Clement,R,173,FRA,21.0,3-6 6-7(1) 6-0 6-3 6-3,5,R64,181,8,5,168,110,74,27,22,13,17,6,3,158,103,66,26,23,8,17,73,678,105,460
1999-580,Australian Open,Hard,128,G,19990118,80,101736,5,,Andre Agassi,R,180,USA,28.7,101792,,,Slava Dosedel,R,183,CZE,28.4,7-6(5) 6-2 6-0,5,R64,83,2,0,82,53,45,14,13,5,6,8,3,102,67,42,11,13,7,13,6,2879,60,781
1999-580,Australian Open,Hard,128,G,19990118,81,102450,6,,Tim Henman,R,185,GBR,24.3,101776,,WC,Sandon Stolle,R,193,AUS,28.5,4-6 7-5 4-6 6-1 6-4,5,R64,187,8,3,158,109,83,25,25,5,9,13,5,171,117,87,18,24,8,14,7,2608,240,179
1999-580,Australian Open,Hard,128,G,19990118,82,101820,,,Marc Rosset,R,201,SUI,28.1,102533,,,Jens Knippschild,R,190,GER,23.9,6-7(7) 7-6(2) 6-1 6-3,5,R64,155,16,7,149,78,66,43,20,5,6,6,5,146,69,48,41,20,4,9,31,1193,111,439
1999-580,Australian Open,Hard,128,G,19990118,83,101543,,,Jeff Tarango,L,180,USA,30.1,101235,,,Paul Haarhuis,R,188,NED,32.9,6-1 3-6 4-6 6-4 6-0,5,R64,158,5,3,150,114,78,16,21,12,15,7,0,142,102,64,20,21,15,22,66,724,69,689
1999-580,Australian Open,Hard,128,G,19990118,84,102539,,,Bohdan Ulihrach,R,188,CZE,23.9,101772,,Q,Andrei Cherkasov,R,180,RUS,28.5,7-6(5) 4-6 6-7(3) 6-4 6-4,5,R64,257,5,5,185,124,83,26,27,4,12,1,12,206,122,79,31,27,15,24,34,1077,167,290
1999-580,Australian Open,Hard,128,G,19990118,85,102882,14,,Mark Philippoussis,R,196,AUS,22.1,102021,,,Michael Chang,R,175,USA,26.9,7-6(1) 2-6 6-3 5-7 7-5,5,R64,225,22,2,176,133,112,19,27,4,8,13,5,192,123,90,37,26,6,9,16,1792,27,1242
1999-580,Australian Open,Hard,128,G,19990118,86,102466,,,Jan Kroslak,R,188,SVK,24.2,103264,,,Mariano Puerta,L,180,ARG,20.3,3-6 4-6 7-6(4) 6-4 6-1,5,R64,184,12,5,166,118,85,23,23,9,13,7,3,188,128,89,24,25,18,24,89,558,36,1014
1999-580,Australian Open,Hard,128,G,19990118,87,102358,,,Thomas Enqvist,R,190,SWE,24.8,101647,,,Byron Black,R,175,ZIM,29.2,7-6(6) 7-6(2) 6-0,5,R64,120,11,1,103,62,54,24,15,1,2,6,2,114,79,55,11,15,3,7,21,1608,28,1237
1999-580,Australian Open,Hard,128,G,19990118,88,102158,3,,Patrick Rafter,R,185,AUS,26.0,101185,,,Mark Woodforde,L,188,AUS,33.3,6-2 6-4 6-4,5,R64,97,5,1,83,62,53,10,14,0,0,2,1,84,61,37,12,14,4,8,4,3269,64,739
1999-580,Australian Open,Hard,128,G,19990118,89,102344,7,,Karol Kucera,R,188,SVK,24.8,102106,,,Davide Sanguinetti,R,188,ITA,26.3,7-5 6-1 6-4,5,R64,118,1,2,87,55,40,18,15,5,7,7,1,117,64,39,26,14,18,24,11,2498,48,853
1999-580,Australian Open,Hard,128,G,19990118,90,103498,,,Marat Safin,R,193,RUS,18.9,102856,,,Gustavo Kuerten,R,190,BRA,22.3,6-3 5-7 4-6 6-3 6-4,5,R64,170,12,5,164,84,68,43,25,4,7,13,5,168,95,77,34,25,9,14,47,861,23,1518
1999-580,Australian Open,Hard,128,G,19990118,91,101965,,,Wayne Ferreira,R,185,RSA,27.3,101888,,,Daniel Vacek,R,190,CZE,27.8,6-4 2-6 6-3 6-1,5,R64,104,16,4,109,71,62,19,17,3,6,3,7,118,77,49,16,17,7,13,26,1285,45,886
1999-580,Australian Open,Hard,128,G,19990118,92,101990,9,,Richard Krajicek,R,196,NED,27.1,103151,,,Mariano Zabaleta,R,183,ARG,20.8,6-3 6-2 7-5,5,R64,125,8,2,93,60,51,19,15,1,1,4,2,87,57,36,13,14,2,6,9,2548,54,810
1999-580,Australian Open,Hard,128,G,19990118,93,102839,,,Nicolas Lapentti,R,188,ECU,22.4,102796,,,Magnus Norman,R,188,SWE,22.6,7-6(4) 3-6 2-6 6-3 6-4,5,R64,210,6,10,167,90,74,34,24,8,12,9,2,176,110,79,35,24,13,16,91,545,52,818
1999-580,Australian Open,Hard,128,G,19990118,94,102025,,,Mikael Tillstrom,R,185,SWE,26.8,102925,,,Justin Gimelstob,R,196,USA,21.9,6-3 6-4 6-1,5,R64,109,4,0,71,59,43,11,13,1,3,4,6,114,66,40,13,13,14,21,84,597,,
1999-580,Australian Open,Hard,128,G,19990118,95,102776,,,Andrew Ilie,R,180,AUS,22.7,102259,,,Jerome Golmard,L,188,FRA,25.3,4-6 7-6(3) 6-4 6-4,5,R64,185,7,1,165,93,61,39,21,16,20,10,6,156,86,64,30,21,5,10,63,757,50,833
1999-580,Australian Open,Hard,128,G,19990118,96,102104,,,Christian Ruud,R,188,NOR,26.4,102374,2,,Alex Corretja,R,180,ESP,24.7,3-6 6-3 6-4 6-4,5,R64,166,6,6,123,78,61,17,19,6,9,9,2,125,84,62,16,19,7,12,86,584,3,3550
1999-580,Australian Open,Hard,128,G,19990118,97,102286,,,Wayne Black,R,170,ZIM,25.1,101150,,,Gianluca Pozzi,L,180,ITA,33.5,6-3 4-6 7-5 6-2,5,R32,185,2,4,138,93,67,19,20,7,11,9,4,146,64,47,34,19,12,19,97,518,65,730
1999-580,Australian Open,Hard,128,G,19990118,98,101774,15,,Todd Martin,R,198,USA,28.5,101434,,,Petr Korda,L,190,CZE,30.9,7-5 4-6 7-6(2) 5-7 6-4,5,R32,206,29,7,197,135,111,29,28,9,13,7,10,189,119,91,29,28,9,13,13,1944,20,1633
1999-580,Australian Open,Hard,128,G,19990118,99,102338,10,,Yevgeny Kafelnikov,R,190,RUS,24.9,101793,,,Jim Courier,R,185,USA,28.4,5-7 6-4 6-2 3-0 RET,5,R32,128,8,1,104,67,52,20,17,0,3,17,7,129,84,59,16,17,8,15,10,2515,77,635
1999-580,Australian Open,Hard,128,G,19990118,100,102318,,,Andrei Pavel,R,183,ROU,24.9,102834,,Q,Paul Goldstein,R,178,USA,22.4,3-6 6-3 2-6 7-5 6-3,5,R32,190,10,5,177,132,79,22,23,12,19,5,5,185,121,75,30,24,7,15,53,812,187,245
1999-580,Australian Open,Hard,128,G,19990118,101,102148,,,Fabrice Santoro,R,178,FRA,26.1,103017,,,Nicolas Kiefer,R,183,GER,21.5,7-6(7) 6-1 6-3,5,R32,125,5,0,101,70,45,21,14,4,6,8,6,114,69,51,13,14,9,15,68,702,37,1001
1999-580,Australian Open,Hard,128,G,19990118,102,103163,,,Tommy Haas,R,188,GER,20.7,102110,,,Daniel Nestor,L,190,CAN,26.3,7-5 4-6 6-3 6-4,5,R32,140,18,3,147,101,79,26,21,4,6,12,8,132,89,72,14,20,4,8,33,1161,107,452
1999-580,Australian Open,Hard,128,G,19990118,103,102434,,,Vincent Spadea,R,183,USA,24.5,210013,,,Martin Damm Sr,R,188,CZE,26.4,6-3 6-4 6-4,5,R32,116,7,3,114,85,64,11,15,5,6,8,1,95,76,50,10,14,7,11,44,897,,
1999-580,Australian Open,Hard,128,G,19990118,104,101736,5,,Andre Agassi,R,180,USA,28.7,102562,,,Jiri Novak,R,190,CZE,23.8,6-3 6-2 6-1,5,R32,78,5,2,79,57,46,13,12,3,3,0,2,76,42,23,14,12,3,9,6,2879,73,678
1999-580,Australian Open,Hard,128,G,19990118,105,101820,,,Marc Rosset,R,201,SUI,28.1,102450,6,,Tim Henman,R,185,GBR,24.3,7-6(5) 6-3 7-5,5,R32,142,14,9,150,87,69,23,17,10,13,3,3,99,58,39,23,16,2,7,31,1193,7,2608
1999-580,Australian Open,Hard,128,G,19990118,106,102539,,,Bohdan Ulihrach,R,188,CZE,23.9,101543,,,Jeff Tarango,L,180,USA,30.1,1-6 6-3 6-2 6-3,5,R32,115,16,3,113,67,57,22,16,6,9,12,2,126,81,57,22,17,9,15,34,1077,66,724
1999-580,Australian Open,Hard,128,G,19990118,107,102882,14,,Mark Philippoussis,R,196,AUS,22.1,102466,,,Jan Kroslak,R,188,SVK,24.2,3-6 6-3 6-4 6-1,5,R32,117,17,4,114,72,64,23,17,1,2,7,7,133,84,53,25,18,3,8,16,1792,89,558
1999-580,Australian Open,Hard,128,G,19990118,108,102358,,,Thomas Enqvist,R,190,SWE,24.8,102158,3,,Patrick Rafter,R,185,AUS,26.0,6-4 4-6 6-4 6-4,5,R32,146,10,9,153,80,63,39,20,5,6,19,2,135,98,82,17,20,7,10,21,1608,4,3269
1999-580,Australian Open,Hard,128,G,19990118,109,102344,7,,Karol Kucera,R,188,SVK,24.8,103498,,,Marat Safin,R,193,RUS,18.9,6-2 6-3 6-2,5,R32,90,5,4,83,53,43,14,13,2,3,3,4,82,47,32,10,12,4,10,11,2498,47,861
1999-580,Australian Open,Hard,128,G,19990118,110,101965,,,Wayne Ferreira,R,185,RSA,27.3,101990,9,,Richard Krajicek,R,196,NED,27.1,6-7(1) 6-7(5) 6-4 6-2 6-3,5,R32,202,13,4,179,110,91,36,26,1,2,14,3,180,111,88,35,25,8,13,26,1285,9,2548
1999-580,Australian Open,Hard,128,G,19990118,111,102839,,,Nicolas Lapentti,R,188,ECU,22.4,102025,,,Mikael Tillstrom,R,185,SWE,26.8,4-6 7-6(9) 2-6 6-4 6-2,5,R32,190,11,2,180,135,97,21,24,11,15,6,8,171,114,81,27,24,4,8,91,545,84,597
1999-580,Australian Open,Hard,128,G,19990118,112,102776,,,Andrew Ilie,R,180,AUS,22.7,102104,,,Christian Ruud,R,188,NOR,26.4,6-2 6-2 6-4,5,R32,113,3,0,80,71,51,5,13,3,4,5,6,116,90,48,10,13,15,21,63,757,86,584
1999-580,Australian Open,Hard,128,G,19990118,113,101774,15,,Todd Martin,R,198,USA,28.5,102286,,,Wayne Black,R,170,ZIM,25.1,7-6(3) 6-4 6-4,5,R16,,,,,,,,,,,,,,,,,,,,13,1944,97,518
1999-580,Australian Open,Hard,128,G,19990118,114,102338,10,,Yevgeny Kafelnikov,R,190,RUS,24.9,102318,,,Andrei Pavel,R,183,ROU,24.9,6-3 7-6(5) 6-7(5) 3-6 6-4,5,R16,,,,,,,,,,,,,,,,,,,,10,2515,53,812
1999-580,Australian Open,Hard,128,G,19990118,115,103163,,,Tommy Haas,R,188,GER,20.7,102148,,,Fabrice Santoro,R,178,FRA,26.1,6-2 6-3 7-5,5,R16,,,,,,,,,,,,,,,,,,,,33,1161,68,702
1999-580,Australian Open,Hard,128,G,19990118,116,102434,,,Vincent Spadea,R,183,USA,24.5,101736,5,,Andre Agassi,R,180,USA,28.7,6-1 7-5 6-7(3) 6-3,5,R16,,,,,,,,,,,,,,,,,,,,44,897,6,2879
1999-580,Australian Open,Hard,128,G,19990118,117,101820,,,Marc Rosset,R,201,SUI,28.1,102539,,,Bohdan Ulihrach,R,188,CZE,23.9,6-3 6-4 6-2,5,R16,,,,,,,,,,,,,,,,,,,,31,1193,34,1077
1999-580,Australian Open,Hard,128,G,19990118,118,102358,,,Thomas Enqvist,R,190,SWE,24.8,102882,14,,Mark Philippoussis,R,196,AUS,22.1,6-2 6-4 6-7(3) 4-6 6-2,5,R16,,,,,,,,,,,,,,,,,,,,21,1608,16,1792
1999-580,Australian Open,Hard,128,G,19990118,119,102344,7,,Karol Kucera,R,188,SVK,24.8,101965,,,Wayne Ferreira,R,185,RSA,27.3,6-3 6-1 7-5,5,R16,,,,,,,,,,,,,,,,,,,,11,2498,26,1285
1999-580,Australian Open,Hard,128,G,19990118,120,102839,,,Nicolas Lapentti,R,188,ECU,22.4,102776,,,Andrew Ilie,R,180,AUS,22.7,6-4 6-2 4-6 6-2,5,R16,,,,,,,,,,,,,,,,,,,,91,545,63,757
1999-580,Australian Open,Hard,128,G,19990118,121,102338,10,,Yevgeny Kafelnikov,R,190,RUS,24.9,101774,15,,Todd Martin,R,198,USA,28.5,6-2 7-6(1) 6-2,5,QF,107,13,3,94,73,63,11,14,1,1,11,4,110,71,52,15,14,9,13,10,2515,13,1944
1999-580,Australian Open,Hard,128,G,19990118,122,103163,,,Tommy Haas,R,188,GER,20.7,102434,,,Vincent Spadea,R,183,USA,24.5,7-6(5) 7-5 6-3,5,QF,128,10,5,142,90,70,18,16,14,17,7,4,102,57,44,19,17,2,8,33,1161,44,897
1999-580,Australian Open,Hard,128,G,19990118,123,102358,,,Thomas Enqvist,R,190,SWE,24.8,101820,,,Marc Rosset,R,201,SUI,28.1,6-3 6-4 6-4,5,QF,102,15,4,110,88,72,7,15,4,5,3,7,101,62,42,14,14,4,8,21,1608,31,1193
1999-580,Australian Open,Hard,128,G,19990118,124,102839,,,Nicolas Lapentti,R,188,ECU,22.4,102344,7,,Karol Kucera,R,188,SVK,24.8,7-6(4) 6-7(6) 6-2 0-6 8-6,5,QF,208,10,3,192,138,91,24,26,10,17,11,7,164,99,77,28,26,6,13,91,545,11,2498
1999-580,Australian Open,Hard,128,G,19990118,125,102338,10,,Yevgeny Kafelnikov,R,190,RUS,24.9,103163,,,Tommy Haas,R,188,GER,20.7,6-3 6-4 7-5,5,SF,113,15,2,107,72,64,17,16,3,4,5,1,96,65,47,12,15,5,9,10,2515,33,1161
1999-580,Australian Open,Hard,128,G,19990118,126,102358,,,Thomas Enqvist,R,190,SWE,24.8,102839,,,Nicolas Lapentti,R,188,ECU,22.4,6-3 7-5 6-1,5,SF,102,11,2,101,73,52,18,14,5,7,10,8,116,74,50,9,14,13,20,21,1608,91,545
1999-580,Australian Open,Hard,128,G,19990118,127,102338,10,,Yevgeny Kafelnikov,R,190,RUS,24.9,102358,,,Thomas Enqvist,R,190,SWE,24.8,4-6 6-0 6-3 7-6(1),5,F,147,17,6,157,121,92,11,19,3,5,17,5,131,102,75,7,18,5,10,10,2515,21,1608
1999-496,Marseille,Hard,32,A,19990201,1,103819,,WC,Roger Federer,R,185,SUI,17.4,102845,1,,Carlos Moya,R,190,ESP,22.4,7-6(1) 3-6 6-3,3,R32,113,3,10,110,46,36,32,15,5,8,9,2,105,52,37,28,15,6,9,243,173,5,3178
1999-496,Marseille,Hard,32,A,19990201,2,102259,,,Jerome Golmard,L,188,FRA,25.3,102437,,,Adrian Voinea,R,185,ROU,24.4,6-2 6-2,3,R32,59,10,1,50,29,27,10,8,2,2,3,3,48,26,17,7,8,5,9,63,743,72,682
1999-496,Marseille,Hard,32,A,19990201,3,103096,,WC,Arnaud Clement,R,173,FRA,21.1,102950,,,Fernando Vicente,R,180,ESP,21.9,6-3 6-1,3,R32,59,4,0,45,23,17,16,8,1,1,0,4,50,25,18,6,8,4,8,103,472,52,809
1999-496,Marseille,Hard,32,A,19990201,4,102369,,Q,Julien Boutter,R,190,FRA,24.8,103498,8,,Marat Safin,R,193,RUS,19.0,6-4 7-6(2),3,R32,83,10,4,73,42,29,22,11,5,6,3,2,60,20,17,23,11,0,2,237,184,40,931
1999-496,Marseille,Hard,32,A,19990201,5,101611,3,,Cedric Pioline,R,188,FRA,29.6,101543,,,Jeff Tarango,L,180,USA,30.1,6-4 6-2,3,R32,70,8,3,53,24,22,16,9,1,1,3,5,51,25,16,12,9,1,4,18,1678,53,794
1999-496,Marseille,Hard,32,A,19990201,6,102446,,,Andrei Medvedev,R,193,UKR,24.4,102966,,Q,Fredrik Jonsson,R,193,SWE,21.8,7-6(5) 7-6(3),3,R32,108,11,3,76,37,33,22,12,2,3,13,2,108,64,46,20,12,7,8,82,616,205,224
1999-496,Marseille,Hard,32,A,19990201,7,102318,,,Andrei Pavel,R,183,ROU,25.0,102869,,,Galo Blanco,R,173,ESP,22.3,6-4 7-5,3,R32,69,5,2,59,38,30,12,11,2,3,7,4,64,33,24,16,11,3,6,45,880,84,612
1999-496,Marseille,Hard,32,A,19990201,8,102765,6,,Nicolas Escude,R,185,FRA,22.8,102223,,,Karim Alami,R,185,MAR,25.6,6-1 6-7(2) 7-6(2),3,R32,128,7,3,118,71,51,28,16,6,7,10,6,117,65,48,24,15,8,11,107,449,65,723
1999-496,Marseille,Hard,32,A,19990201,9,101703,,,Guillaume Raoux,R,180,FRA,28.9,101320,5,,Magnus Gustafsson,R,185,SWE,32.0,6-3 6-4,3,R32,76,6,1,56,30,22,19,10,0,0,2,2,61,38,26,10,9,5,7,75,660,32,1149
1999-496,Marseille,Hard,32,A,19990201,10,101150,,,Gianluca Pozzi,L,180,ITA,33.6,102201,,,Lionel Roux,R,185,FRA,25.8,7-5 6-0,3,R32,91,4,2,61,26,22,16,9,6,8,1,3,70,31,16,16,9,9,15,68,707,373,84
1999-496,Marseille,Hard,32,A,19990201,11,102202,,,Kenneth Carlsen,L,190,DEN,25.7,102184,,,David Prinosil,R,185,GER,25.9,7-6(4) 4-6 6-3,3,R32,120,10,7,109,55,47,24,16,4,6,10,9,89,46,37,21,15,0,2,86,581,80,624
1999-496,Marseille,Hard,32,A,19990201,12,101820,4,,Marc Rosset,R,201,SUI,28.2,102642,,Q,Cyril Saulnier,R,190,FRA,23.4,6-2 3-6 6-1,3,R32,90,8,9,74,35,30,20,12,1,2,1,3,75,43,26,16,12,4,8,24,1451,446,63
1999-496,Marseille,Hard,32,A,19990201,13,102148,,,Fabrice Santoro,R,178,FRA,26.1,101888,7,,Daniel Vacek,R,190,CZE,27.8,6-2 6-3,3,R32,73,4,3,51,31,22,13,8,2,2,2,7,72,29,20,17,9,5,9,59,767,42,909
1999-496,Marseille,Hard,32,A,19990201,14,103324,,,Arnaud Di Pasquale,R,185,FRA,19.9,102925,,,Justin Gimelstob,R,196,USA,22.0,4-6 6-1 6-4,3,R32,109,1,4,87,58,41,12,14,5,8,5,8,80,39,30,14,13,4,9,83,613,74,662
1999-496,Marseille,Hard,32,A,19990201,15,103103,,Q,Dominik Hrbaty,R,183,SVK,21.0,102548,,,Juan Antonio Marin,R,175,CRC,23.9,6-2 6-1,3,R32,43,6,2,36,18,18,14,8,0,0,0,1,46,22,11,11,7,3,7,43,906,73,682
1999-496,Marseille,Hard,32,A,19990201,16,102338,2,,Yevgeny Kafelnikov,R,190,RUS,24.9,102854,,,Sjeng Schalken,R,193,NED,22.3,6-3 6-2,3,R32,63,2,2,71,34,25,21,9,4,4,3,5,44,23,19,7,8,2,5,3,3419,46,877
1999-496,Marseille,Hard,32,A,19990201,17,103819,,WC,Roger Federer,R,185,SUI,17.4,102259,,,Jerome Golmard,L,188,FRA,25.3,6-7(6) 7-6(5) 7-6(5),3,R16,140,12,5,115,73,63,19,18,3,5,14,8,121,67,54,30,18,4,6,243,173,63,743
1999-496,Marseille,Hard,32,A,19990201,18,103096,,WC,Arnaud Clement,R,173,FRA,21.1,102369,,Q,Julien Boutter,R,190,FRA,24.8,6-2 6-3,3,R16,78,2,5,67,34,25,16,9,5,6,7,6,59,32,21,8,8,8,12,103,472,237,184
1999-496,Marseille,Hard,32,A,19990201,19,101611,3,,Cedric Pioline,R,188,FRA,29.6,102446,,,Andrei Medvedev,R,193,UKR,24.4,7-5 7-5,3,R16,101,2,1,79,46,34,15,12,9,11,1,3,65,33,23,16,12,4,8,18,1678,82,616
1999-496,Marseille,Hard,32,A,19990201,20,102765,6,,Nicolas Escude,R,185,FRA,22.8,102318,,,Andrei Pavel,R,183,ROU,25.0,0-6 7-6(2) 7-5,3,R16,115,6,4,99,43,30,27,15,8,13,5,2,86,53,40,18,15,2,5,107,449,45,880
1999-496,Marseille,Hard,32,A,19990201,21,101150,,,Gianluca Pozzi,L,180,ITA,33.6,101703,,,Guillaume Raoux,R,180,FRA,28.9,4-6 6-4 6-4,3,R16,126,4,4,80,44,38,21,15,1,2,3,8,94,51,35,28,15,5,7,68,707,75,660
1999-496,Marseille,Hard,32,A,19990201,22,101820,4,,Marc Rosset,R,201,SUI,28.2,102202,,,Kenneth Carlsen,L,190,DEN,25.7,6-3 6-2,3,R16,83,9,2,56,34,28,9,8,3,3,5,8,67,30,20,15,9,2,6,24,1451,86,581
1999-496,Marseille,Hard,32,A,19990201,23,102148,,,Fabrice Santoro,R,178,FRA,26.1,103324,,,Arnaud Di Pasquale,R,185,FRA,19.9,6-1 6-3,3,R16,65,3,1,54,28,20,15,8,3,4,0,6,43,18,9,12,8,4,9,59,767,83,613
1999-496,Marseille,Hard,32,A,19990201,24,103103,,Q,Dominik Hrbaty,R,183,SVK,21.0,102338,2,,Yevgeny Kafelnikov,R,190,RUS,24.9,6-7(4) 6-4 6-2,3,R16,116,16,3,87,46,39,25,15,2,3,6,9,123,70,46,25,15,11,15,43,906,3,3419
1999-496,Marseille,Hard,32,A,19990201,25,103096,,WC,Arnaud Clement,R,173,FRA,21.1,103819,,WC,Roger Federer,R,185,SUI,17.4,6-3 6-3,3,QF,70,1,2,45,23,21,9,9,1,3,3,6,65,37,21,11,9,5,10,103,472,243,173
1999-496,Marseille,Hard,32,A,19990201,26,101611,3,,Cedric Pioline,R,188,FRA,29.6,102765,6,,Nicolas Escude,R,185,FRA,22.8,7-6(7) 7-6(5),3,QF,110,6,4,82,42,30,22,12,6,9,6,2,85,46,30,23,12,2,5,18,1678,107,449
1999-496,Marseille,Hard,32,A,19990201,27,101820,4,,Marc Rosset,R,201,SUI,28.2,101150,,,Gianluca Pozzi,L,180,ITA,33.6,6-2 6-1,3,QF,58,6,2,46,27,21,14,8,2,2,1,1,43,20,15,6,7,3,7,24,1451,68,707
1999-496,Marseille,Hard,32,A,19990201,28,102148,,,Fabrice Santoro,R,178,FRA,26.1,103103,,Q,Dominik Hrbaty,R,183,SVK,21.0,6-4 6-3,3,QF,80,1,2,56,27,16,17,9,3,5,3,4,70,35,20,16,10,5,10,59,767,43,906
1999-496,Marseille,Hard,32,A,19990201,29,103096,,WC,Arnaud Clement,R,173,FRA,21.1,101611,3,,Cedric Pioline,R,188,FRA,29.6,6-4 6-1,3,SF,64,4,2,41,18,15,18,8,0,0,3,2,58,25,16,12,9,3,7,103,472,18,1678
1999-496,Marseille,Hard,32,A,19990201,30,102148,,,Fabrice Santoro,R,178,FRA,26.1,101820,4,,Marc Rosset,R,201,SUI,28.2,6-4 6-4,3,SF,82,4,2,67,32,22,24,10,1,1,6,3,61,21,19,20,10,2,4,59,767,24,1451
1999-496,Marseille,Hard,32,A,19990201,31,102148,,,Fabrice Santoro,R,178,FRA,26.1,103096,,WC,Arnaud Clement,R,173,FRA,21.1,6-3 4-6 6-4,3,F,137,8,2,91,52,35,18,14,8,12,4,5,113,54,39,20,15,6,12,59,767,103,472
1999-D027,Davis Cup G1 QF: CHN vs NZL,Hard,4,D,19990205,1,103066,,,Mark Nielsen,R,185,NZL,21.3,103337,,,Ben Qiang Zhu,R,,CHN,19.8,6-3 6-2 7-5,5,RR,,,,,,,,,,,,,,,,,,,,403,75,794,14
1999-D027,Davis Cup G1 QF: CHN vs NZL,Hard,4,D,19990205,2,102772,,,Yu Zhang,R,,CHN,22.8,102131,,,Alistair Hunt,R,190,NZL,26.2,6-1 6-7(3) 6-3 4-6 6-2,5,RR,,,,,,,,,,,,,,,,,,,,799,14,582,32
1999-D027,Davis Cup G1 QF: CHN vs NZL,Hard,4,D,19990205,4,103337,,,Ben Qiang Zhu,R,,CHN,19.8,102131,,,Alistair Hunt,R,190,NZL,26.2,6-4 7-6(6) 2-6 6-3,5,RR,,,,,,,,,,,,,,,,,,,,794,14,582,32
1999-D027,Davis Cup G1 QF: CHN vs NZL,Hard,4,D,19990205,5,103066,,,Mark Nielsen,R,185,NZL,21.3,102772,,,Yu Zhang,R,,CHN,22.8,6-1 6-3 6-4,5,RR,,,,,,,,,,,,,,,,,,,,403,75,799,14
1999-495,Dubai,Hard,32,A,19990208,1,102776,,,Andrew Ilie,R,180,AUS,22.8,102374,1,,Alex Corretja,R,180,ESP,24.8,4-6 6-4 7-6(10),3,R32,144,5,5,105,54,42,26,16,1,3,4,4,99,53,39,26,16,2,4,55,790,2,3530
1999-495,Dubai,Hard,32,A,19990208,2,101434,,,Petr Korda,L,190,CZE,31.0,103252,,LL,Alberto Martin,R,175,ESP,20.4,6-3 6-4,3,R32,72,1,6,61,39,29,12,10,0,1,0,2,56,36,27,6,9,2,5,76,653,105,476
1999-495,Dubai,Hard,32,A,19990208,3,102394,,Q,Johan Van Herck,R,185,BEL,24.7,102233,,WC,Leander Paes,R,178,IND,25.6,6-4 6-3,3,R32,72,1,4,59,41,28,9,10,2,4,1,1,62,34,17,16,9,6,10,116,413,84,605
1999-495,Dubai,Hard,32,A,19990208,4,102856,8,,Gustavo Kuerten,R,190,BRA,22.4,102548,,,Juan Antonio Marin,R,175,CRC,23.9,6-4 6-4,3,R32,63,9,7,56,26,21,18,10,0,1,2,2,59,27,17,16,10,1,4,21,1516,70,682
1999-495,Dubai,Hard,32,A,19990208,5,102257,4,,Greg Rusedski,L,193,GBR,25.4,102854,,,Sjeng Schalken,R,193,NED,22.4,6-4 6-3,3,R32,65,7,3,53,29,24,12,9,0,1,1,2,49,26,19,10,10,0,4,10,2469,45,877
1999-495,Dubai,Hard,32,A,19990208,6,101532,,,Francisco Clavet,L,183,ESP,30.2,101965,,,Wayne Ferreira,R,185,RSA,27.4,3-6 6-2 7-6(11),3,R32,141,2,3,112,62,41,29,14,10,13,12,6,92,46,35,23,15,1,5,29,1194,25,1443
1999-495,Dubai,Hard,32,A,19990208,7,103017,,,Nicolas Kiefer,R,183,GER,21.5,102765,,,Nicolas Escude,R,185,FRA,22.8,6-3 6-2,3,R32,70,4,2,51,34,26,12,9,0,0,2,5,57,38,22,7,8,5,8,,,100,504
1999-495,Dubai,Hard,32,A,19990208,8,102610,6,,Albert Costa,R,180,ESP,23.6,102271,,,Hicham Arazi,L,175,MAR,25.3,6-3 6-2,3,R32,52,6,0,49,39,31,6,9,2,2,4,6,48,18,12,14,8,1,4,16,1817,43,925
1999-495,Dubai,Hard,32,A,19990208,9,102344,5,,Karol Kucera,R,188,SVK,24.9,102238,,,Alberto Berasategui,R,173,ESP,25.6,6-0 6-2,3,R32,51,4,1,37,21,18,11,7,0,0,0,4,47,31,15,5,7,4,9,11,2261,27,1228
1999-495,Dubai,Hard,32,A,19990208,10,102259,,,Jerome Golmard,L,188,FRA,25.4,102148,,,Fabrice Santoro,R,178,FRA,26.1,6-4 6-3,3,R32,84,3,1,62,38,25,13,9,3,5,3,2,54,34,22,7,10,4,9,61,750,38,983
1999-495,Dubai,Hard,32,A,19990208,11,102035,,,Jonas Bjorkman,R,183,SWE,26.8,101414,,WC,Boris Becker,R,190,GER,31.2,6-3 6-4,3,R32,86,1,1,59,35,26,16,10,3,4,5,3,61,22,16,18,9,9,12,30,1181,71,670
1999-495,Dubai,Hard,32,A,19990208,12,102450,3,,Tim Henman,R,185,GBR,24.4,102286,,Q,Wayne Black,R,170,ZIM,25.2,6-0 6-4,3,R32,66,5,1,50,18,15,21,8,2,2,3,1,47,29,17,8,8,1,5,8,2608,88,563
1999-495,Dubai,Hard,32,A,19990208,13,102456,7,,Felix Mantilla,R,180,ESP,24.3,102950,,,Fernando Vicente,R,180,ESP,21.9,7-6(2) 6-4,3,R32,101,2,3,78,53,38,10,11,5,8,2,4,75,46,32,6,11,5,9,,,53,809
1999-495,Dubai,Hard,32,A,19990208,14,101647,,,Byron Black,R,175,ZIM,29.3,102539,,,Bohdan Ulihrach,R,188,CZE,23.9,6-1 7-6(7),3,R32,83,7,0,65,35,27,22,10,1,1,3,4,71,41,27,14,9,1,3,32,1125,31,1155
1999-495,Dubai,Hard,32,A,19990208,15,101404,,WC,Thomas Muster,L,180,AUT,31.3,101902,,Q,Stephane Huet,L,180,FRA,27.7,6-4 6-2,3,R32,73,2,4,57,32,24,11,9,3,5,7,2,56,24,15,14,9,4,9,23,1470,177,257
1999-495,Dubai,Hard,32,A,19990208,16,102845,2,,Carlos Moya,R,190,ESP,22.4,102796,,Q,Magnus Norman,R,188,SWE,22.6,1-6 6-3 6-4,3,R32,110,7,2,81,33,24,25,13,5,8,5,2,76,42,31,19,13,2,5,5,3178,51,821
1999-495,Dubai,Hard,32,A,19990208,17,102776,,,Andrew Ilie,R,180,AUS,22.8,101434,,,Petr Korda,L,190,CZE,31.0,6-1 6-3,3,R16,69,4,1,56,32,23,15,8,5,5,0,5,53,30,16,12,8,7,11,55,790,76,653
1999-495,Dubai,Hard,32,A,19990208,18,102856,8,,Gustavo Kuerten,R,190,BRA,22.4,102394,,Q,Johan Van Herck,R,185,BEL,24.7,6-3 6-2,3,R16,49,7,0,46,25,22,15,9,0,0,5,2,43,26,20,6,8,0,3,21,1516,116,413
1999-495,Dubai,Hard,32,A,19990208,19,101532,,,Francisco Clavet,L,183,ESP,30.2,102257,4,,Greg Rusedski,L,193,GBR,25.4,3-6 7-5 6-2,3,R16,126,0,1,90,60,36,18,14,4,9,2,10,105,46,30,23,15,9,16,29,1194,10,2469
1999-495,Dubai,Hard,32,A,19990208,20,103017,,,Nicolas Kiefer,R,183,GER,21.5,102610,6,,Albert Costa,R,180,ESP,23.6,6-3 7-6(3),3,R16,110,5,2,60,24,20,19,10,3,6,5,4,91,59,37,9,11,7,12,,,16,1817
1999-495,Dubai,Hard,32,A,19990208,21,102259,,,Jerome Golmard,L,188,FRA,25.4,102344,5,,Karol Kucera,R,188,SVK,24.9,7-6(6) 6-1,3,R16,91,6,0,78,46,32,21,10,7,7,10,5,54,29,23,12,9,0,2,61,750,11,2261
1999-495,Dubai,Hard,32,A,19990208,22,102450,3,,Tim Henman,R,185,GBR,24.4,102035,,,Jonas Bjorkman,R,183,SWE,26.8,6-3 7-6(7),3,R16,102,5,0,75,37,28,22,11,4,5,1,1,71,40,24,19,10,4,6,8,2608,30,1181
1999-495,Dubai,Hard,32,A,19990208,23,102456,7,,Felix Mantilla,R,180,ESP,24.3,101647,,,Byron Black,R,175,ZIM,29.3,7-6(1) 6-3,3,R16,99,6,0,68,54,37,9,11,3,5,7,2,79,50,35,9,10,6,9,,,32,1125
1999-495,Dubai,Hard,32,A,19990208,24,102845,2,,Carlos Moya,R,190,ESP,22.4,101404,,WC,Thomas Muster,L,180,AUT,31.3,6-4 6-4,3,R16,80,4,2,56,33,28,11,10,4,5,3,1,76,46,30,14,10,4,7,5,3178,23,1470
1999-495,Dubai,Hard,32,A,19990208,25,102776,,,Andrew Ilie,R,180,AUS,22.8,102856,8,,Gustavo Kuerten,R,190,BRA,22.4,6-4 6-4,3,QF,89,3,3,73,46,34,12,10,6,7,6,3,75,35,26,17,10,7,10,55,790,21,1516
1999-495,Dubai,Hard,32,A,19990208,26,103017,,,Nicolas Kiefer,R,183,GER,21.5,101532,,,Francisco Clavet,L,183,ESP,30.2,7-6(7) 6-7(6) 6-2,3,QF,186,10,4,119,58,45,30,16,5,8,4,1,109,66,40,27,16,8,13,,,29,1194
1999-495,Dubai,Hard,32,A,19990208,27,102259,,,Jerome Golmard,L,188,FRA,25.4,102450,3,,Tim Henman,R,185,GBR,24.4,7-6(4) 7-5,3,QF,115,1,1,91,50,34,22,12,5,7,12,3,76,40,29,16,12,1,4,61,750,8,2608
1999-495,Dubai,Hard,32,A,19990208,28,102845,2,,Carlos Moya,R,190,ESP,22.4,102456,7,,Felix Mantilla,R,180,ESP,24.3,7-6(4) 6-2,3,QF,97,5,1,54,25,20,19,10,0,2,3,4,80,43,29,15,10,7,11,5,3178,,
1999-495,Dubai,Hard,32,A,19990208,29,103017,,,Nicolas Kiefer,R,183,GER,21.5,102776,,,Andrew Ilie,R,180,AUS,22.8,6-3 7-6(6),3,SF,105,9,2,64,37,29,16,10,2,3,4,6,86,42,25,24,11,3,6,,,55,790
1999-495,Dubai,Hard,32,A,19990208,30,102259,,,Jerome Golmard,L,188,FRA,25.4,102845,2,,Carlos Moya,R,190,ESP,22.4,4-6 7-5 6-3,3,SF,120,9,2,91,56,41,20,16,7,10,13,3,106,52,36,24,15,8,12,61,750,5,3178
1999-495,Dubai,Hard,32,A,19990208,31,102259,,,Jerome Golmard,L,188,FRA,25.4,103017,,,Nicolas Kiefer,R,183,GER,21.5,6-4 6-2,3,F,78,1,1,49,26,21,16,9,2,2,7,7,56,22,18,16,9,2,5,61,750,,
1999-424,San Jose,Hard,32,A,19990208,1,101948,1,,Pete Sampras,R,185,USA,27.4,102869,,,Galo Blanco,R,173,ESP,22.3,6-4 6-4,3,R32,60,11,1,48,29,28,12,10,0,0,6,1,59,32,22,16,10,2,4,1,3744,83,612
1999-424,San Jose,Hard,32,A,19990208,2,101675,,,Martin Rodriguez,R,178,ARG,29.1,103060,,Q,Alejandro Hernandez,R,180,MEX,21.3,6-4 6-7(2) 6-3,3,R32,122,10,8,108,45,34,32,16,2,4,3,7,114,66,39,26,15,9,13,,,163,285
1999-424,San Jose,Hard,32,A,19990208,3,101463,,Q,Bernd Karbacher,R,185,GER,30.8,102905,,,Stefan Koubek,L,175,AUT,22.0,6-3 6-2,3,R32,68,6,2,47,25,20,11,9,3,5,0,3,57,20,10,17,8,6,11,132,353,97,526
1999-424,San Jose,Hard,32,A,19990208,4,102205,,,Sebastien Lareau,R,183,CAN,25.7,103151,7,,Mariano Zabaleta,R,183,ARG,20.9,6-2 6-1,3,R32,64,5,0,55,32,25,13,8,2,2,3,1,51,26,16,9,7,5,9,96,528,52,819
1999-424,San Jose,Hard,32,A,19990208,5,102882,3,,Mark Philippoussis,R,196,AUS,22.2,102227,,,Sargis Sargsian,R,180,ARM,25.6,6-7(2) 7-5 6-3,3,R32,131,13,3,108,61,48,26,17,7,9,2,0,116,74,44,26,16,11,15,14,1898,85,571
1999-424,San Jose,Hard,32,A,19990208,6,102770,,,John Van Lottum,R,185,NED,22.8,101793,,,Jim Courier,R,185,USA,28.4,6-4 7-6(4),3,R32,89,2,2,66,32,23,21,11,0,2,3,1,61,40,29,12,11,2,5,,,68,704
1999-424,San Jose,Hard,32,A,19990208,7,102162,,WC,Chris Woodruff,R,188,USA,26.0,101086,,Q,Ronald Agenor,R,180,USA,34.2,2-6 6-2 6-3,3,R32,92,8,3,71,37,31,13,12,1,4,2,2,77,67,42,2,13,8,13,,,243,179
1999-424,San Jose,Hard,32,A,19990208,8,102925,,WC,Justin Gimelstob,R,196,USA,22.0,102998,6,,Jan Michael Gambill,R,190,USA,21.6,6-3 7-6(6),3,R32,98,6,1,82,51,34,20,11,6,7,9,3,68,33,26,16,10,4,6,75,662,37,983
1999-424,San Jose,Hard,32,A,19990208,9,102104,,,Christian Ruud,R,188,NOR,26.4,103264,5,,Mariano Puerta,L,180,ARG,20.3,6-2 4-6 6-3,3,R32,103,10,0,79,39,29,26,14,2,4,2,1,71,45,27,15,13,3,7,66,719,35,1025
1999-424,San Jose,Hard,32,A,19990208,10,102834,,WC,Paul Goldstein,R,178,USA,22.5,101475,,,Carlos Costa,R,183,ESP,30.7,4-6 6-4 6-4,3,R32,121,3,2,92,53,38,18,15,4,8,14,3,93,57,40,16,15,6,11,124,383,80,617
1999-424,San Jose,Hard,32,A,19990208,11,102644,,,Franco Squillari,L,183,ARG,23.4,102287,,,Albert Portas,R,188,ESP,25.2,6-1 3-6 6-2,3,R32,89,6,7,75,47,34,15,12,2,3,3,3,89,51,28,20,12,5,9,62,747,87,565
1999-424,San Jose,Hard,32,A,19990208,12,102021,4,,Michael Chang,R,175,USA,26.9,101897,,,Fernando Meligeni,L,180,BRA,27.8,6-3 6-2,3,R32,67,3,1,52,25,20,16,8,2,2,1,4,58,30,19,10,9,3,7,26,1243,59,780
1999-424,San Jose,Hard,32,A,19990208,13,102887,8,,Ramon Delgado,R,185,PAR,22.2,101601,,,Brett Steven,R,185,NZL,29.7,5-7 6-4 7-5,3,R32,116,7,3,100,53,36,24,17,3,7,10,5,101,66,43,19,17,2,7,57,784,92,550
1999-424,San Jose,Hard,32,A,19990208,14,101185,,,Mark Woodforde,L,188,AUS,33.3,101816,,,Steve Campbell,R,183,USA,28.2,6-3 3-6 7-5,3,R32,113,5,0,87,51,33,24,15,5,8,4,4,88,54,39,16,15,5,9,60,761,119,397
1999-424,San Jose,Hard,32,A,19990208,15,102821,,Q,Cecil Mamiit,R,173,PHI,22.6,102202,,,Kenneth Carlsen,L,190,DEN,25.8,2-6 6-3 7-5,3,R32,128,2,3,89,54,31,18,15,5,11,4,0,81,40,26,19,14,5,11,120,396,93,547
1999-424,San Jose,Hard,32,A,19990208,16,101736,2,,Andre Agassi,R,180,USA,28.7,101889,,,Todd Woodbridge,R,178,AUS,27.8,6-2 6-1,3,R32,69,2,1,37,20,19,9,7,0,0,4,7,69,36,17,16,8,8,13,7,2845,103,485
1999-424,San Jose,Hard,32,A,19990208,17,101948,1,,Pete Sampras,R,185,USA,27.4,101675,,,Martin Rodriguez,R,178,ARG,29.1,7-5 6-3,3,R16,69,6,0,48,31,29,11,10,0,0,6,2,71,39,22,19,11,3,6,1,3744,,
1999-424,San Jose,Hard,32,A,19990208,18,101463,,Q,Bernd Karbacher,R,185,GER,30.8,102205,,,Sebastien Lareau,R,183,CAN,25.7,6-3 6-7(5) 6-3,3,R16,126,15,3,108,59,48,26,16,5,6,8,0,88,56,40,17,14,3,6,132,353,96,528
1999-424,San Jose,Hard,32,A,19990208,19,102882,3,,Mark Philippoussis,R,196,AUS,22.2,102770,,,John Van Lottum,R,185,NED,22.8,6-2 6-1,3,R16,44,8,0,39,25,21,8,7,0,0,0,3,43,26,14,6,8,1,6,14,1898,,
1999-424,San Jose,Hard,32,A,19990208,20,102925,,WC,Justin Gimelstob,R,196,USA,22.0,102162,,WC,Chris Woodruff,R,188,USA,26.0,6-4 7-6(3),3,R16,108,11,0,67,49,34,11,11,1,3,3,6,89,59,39,10,11,6,9,75,662,,
1999-424,San Jose,Hard,32,A,19990208,21,102104,,,Christian Ruud,R,188,NOR,26.4,102834,,WC,Paul Goldstein,R,178,USA,22.5,6-1 7-6(4),3,R16,97,2,3,68,31,24,21,9,5,5,1,2,78,41,27,17,10,6,9,66,719,124,383
1999-424,San Jose,Hard,32,A,19990208,22,102021,4,,Michael Chang,R,175,USA,26.9,102644,,,Franco Squillari,L,183,ARG,23.4,6-4 7-6(5),3,R16,84,3,2,62,31,23,19,11,0,3,2,6,80,43,32,14,11,5,9,26,1243,62,747
1999-424,San Jose,Hard,32,A,19990208,23,101185,,,Mark Woodforde,L,188,AUS,33.3,102887,8,,Ramon Delgado,R,185,PAR,22.2,6-2 6-3,3,R16,54,2,2,53,38,29,7,9,4,5,4,4,46,31,17,6,8,2,6,60,761,57,784
1999-424,San Jose,Hard,32,A,19990208,24,102821,,Q,Cecil Mamiit,R,173,PHI,22.6,101736,2,,Andre Agassi,R,180,USA,28.7,0-6 6-6 DEF,3,R16,66,,,,,,,,,,,,,,,,,,,120,396,7,2845
1999-424,San Jose,Hard,32,A,19990208,25,101948,1,,Pete Sampras,R,185,USA,27.4,101463,,Q,Bernd Karbacher,R,185,GER,30.8,7-5 6-3,3,QF,77,12,3,58,33,30,14,11,0,0,9,2,60,37,26,11,10,2,4,1,3744,132,353
1999-424,San Jose,Hard,32,A,19990208,26,102882,3,,Mark Philippoussis,R,196,AUS,22.2,102925,,WC,Justin Gimelstob,R,196,USA,22.0,6-2 3-6 7-6(0),3,QF,123,11,4,95,50,40,21,14,6,8,6,3,87,42,30,26,15,1,4,14,1898,75,662
1999-424,San Jose,Hard,32,A,19990208,27,102021,4,,Michael Chang,R,175,USA,26.9,102104,,,Christian Ruud,R,188,NOR,26.4,6-1 7-5,3,QF,96,10,0,80,47,35,14,10,8,9,1,1,55,24,13,16,9,1,5,26,1243,66,719
1999-424,San Jose,Hard,32,A,19990208,28,102821,,Q,Cecil Mamiit,R,173,PHI,22.6,101185,,,Mark Woodforde,L,188,AUS,33.3,7-6(5) 4-6 6-3,3,QF,147,3,1,117,69,53,18,15,7,10,2,3,104,57,36,25,16,5,9,120,396,60,761
1999-424,San Jose,Hard,32,A,19990208,29,102882,3,,Mark Philippoussis,R,196,AUS,22.2,101948,1,,Pete Sampras,R,185,USA,27.4,W/O,3,SF,,,,,,,,,,,,,,,,,,,,14,1898,1,3744
1999-424,San Jose,Hard,32,A,19990208,30,102821,,Q,Cecil Mamiit,R,173,PHI,22.6,102021,4,,Michael Chang,R,175,USA,26.9,3-6 6-3 6-4,3,SF,119,4,1,89,53,33,21,14,7,10,1,2,81,46,31,20,14,4,8,120,396,26,1243
1999-424,San Jose,Hard,32,A,19990208,31,102882,3,,Mark Philippoussis,R,196,AUS,22.2,102821,,Q,Cecil Mamiit,R,173,PHI,22.6,6-3 6-2,3,F,78,7,3,60,30,24,14,9,3,4,1,2,59,35,16,13,8,3,7,14,1898,120,396
1999-568,St. Petersburg,Carpet,32,A,19990208,1,101733,1,,Jan Siemerink,L,183,NED,28.8,102306,,,Michael Kohlmann,R,188,GER,25.0,6-3 6-4,3,R32,57,6,1,48,26,24,14,10,1,2,2,1,44,36,25,3,9,1,4,20,1619,,
1999-568,St. Petersburg,Carpet,32,A,19990208,2,102966,,Q,Fredrik Jonsson,R,193,SWE,21.8,102466,,,Jan Kroslak,R,188,SVK,24.3,6-1 7-6(3),3,R32,70,4,1,57,31,26,18,10,1,2,6,4,70,43,30,11,9,7,10,192,234,82,615
1999-568,St. Petersburg,Carpet,32,A,19990208,3,102086,,Q,Igor Kornienko,R,,RUS,26.5,102133,,,Laurence Tieleman,R,180,ITA,26.2,6-3 3-1 RET,3,R32,41,3,1,39,28,23,8,7,2,2,1,3,36,24,18,3,7,3,5,1240,2,94,545
1999-568,St. Petersburg,Carpet,32,A,19990208,4,101806,,,Marc Kevin Goellner,R,196,GER,28.3,102106,8,,Davide Sanguinetti,R,188,ITA,26.4,6-3 7-6(5),3,R32,74,12,4,68,40,34,12,10,1,2,0,2,68,26,18,22,10,5,8,125,381,49,855
1999-568,St. Petersburg,Carpet,32,A,19990208,5,101320,3,,Magnus Gustafsson,R,185,SWE,32.0,103857,,Q,Igor Kunitsyn,R,180,RUS,17.3,6-1 3-6 7-5,3,R32,95,11,3,71,41,35,21,14,5,6,3,2,87,43,30,23,14,2,5,33,1107,431,66
1999-568,St. Petersburg,Carpet,32,A,19990208,6,102184,,,David Prinosil,R,185,GER,25.9,101150,,,Gianluca Pozzi,L,180,ITA,33.6,6-4 3-6 6-3,3,R32,99,11,9,94,50,42,21,14,5,6,7,3,85,41,32,24,14,2,4,79,624,63,724
1999-568,St. Petersburg,Carpet,32,A,19990208,7,102533,,,Jens Knippschild,R,190,GER,23.9,101230,,WC,Andrei Chesnokov,R,188,RUS,33.0,6-1 6-3,3,R32,57,11,1,48,27,24,11,8,2,2,2,3,47,27,14,10,8,3,7,106,461,485,50
1999-568,St. Petersburg,Carpet,32,A,19990208,8,101703,,,Guillaume Raoux,R,180,FRA,28.9,101888,5,,Daniel Vacek,R,190,CZE,27.8,7-6(6) 6-4,3,R32,92,11,4,71,42,37,13,11,1,2,13,11,78,37,34,17,11,3,5,73,669,46,876
1999-568,St. Petersburg,Carpet,32,A,19990208,9,103103,6,,Dominik Hrbaty,R,183,SVK,21.0,102437,,,Adrian Voinea,R,185,ROU,24.5,6-3 3-6 6-3,3,R32,94,14,3,106,60,45,20,14,8,10,7,4,64,38,31,12,13,0,3,39,983,74,663
1999-568,St. Petersburg,Carpet,32,A,19990208,10,103096,,,Arnaud Clement,R,173,FRA,21.1,102223,,,Karim Alami,R,185,MAR,25.7,6-2 6-7(7) 6-4,3,R32,110,7,3,94,59,44,21,15,3,5,9,5,104,66,47,13,15,4,9,86,569,64,723
1999-568,St. Petersburg,Carpet,32,A,19990208,11,102025,,,Mikael Tillstrom,R,185,SWE,26.9,101772,,WC,Andrei Cherkasov,R,180,RUS,28.5,3-6 6-4 6-4,3,R32,122,5,7,116,59,44,24,15,4,8,0,5,87,47,35,16,14,3,7,99,519,154,297
1999-568,St. Petersburg,Carpet,32,A,19990208,12,103498,4,,Marat Safin,R,193,RUS,19.0,103084,,,Guillermo Canas,R,185,ARG,21.2,6-2 6-3,3,R32,78,9,1,69,32,25,17,9,4,5,2,4,64,28,19,14,8,6,10,42,930,98,520
1999-568,St. Petersburg,Carpet,32,A,19990208,13,102318,7,,Andrei Pavel,R,183,ROU,25.0,101659,,Q,Jan Apell,L,183,SWE,29.2,6-3 3-6 6-4,3,R32,97,3,4,75,44,33,19,14,3,5,5,6,96,48,33,23,14,3,6,47,875,459,59
1999-568,St. Petersburg,Carpet,32,A,19990208,14,101543,,,Jeff Tarango,L,180,USA,30.2,102231,,,Alex Calatrava,R,190,ESP,25.6,4-6 6-3 6-3,3,R32,94,11,5,77,47,37,20,14,2,3,22,8,92,46,39,19,14,9,12,54,794,113,432
1999-568,St. Petersburg,Carpet,32,A,19990208,15,103206,,,Sebastien Grosjean,R,175,FRA,20.6,210013,,,Martin Damm Sr,R,188,CZE,26.5,6-7(3) 7-6(8) 6-3,3,R32,132,14,3,104,65,57,22,16,0,0,17,3,114,68,59,23,17,10,12,90,555,,
1999-568,St. Petersburg,Carpet,32,A,19990208,16,101820,2,,Marc Rosset,R,201,SUI,28.2,108991,,WC,Sergei Petrouchevsky,U,,RUS,18.8,6-0 6-2,3,R32,39,5,7,39,16,15,15,7,2,2,3,4,37,16,9,5,7,0,5,24,1459,,
1999-568,St. Petersburg,Carpet,32,A,19990208,17,101733,1,,Jan Siemerink,L,183,NED,28.8,102966,,Q,Fredrik Jonsson,R,193,SWE,21.8,7-6(2) 6-2,3,R16,67,8,1,51,41,36,8,10,0,0,5,0,59,37,23,13,10,1,3,20,1619,192,234
1999-568,St. Petersburg,Carpet,32,A,19990208,18,102086,,Q,Igor Kornienko,R,,RUS,26.5,101806,,,Marc Kevin Goellner,R,196,GER,28.3,3-6 7-6(6) 6-3,3,R16,108,9,6,106,52,40,30,16,5,7,13,12,93,52,42,21,14,4,5,1240,2,125,381
1999-568,St. Petersburg,Carpet,32,A,19990208,19,102184,,,David Prinosil,R,185,GER,25.9,101320,3,,Magnus Gustafsson,R,185,SWE,32.0,4-6 6-3 6-4,3,R16,96,17,2,78,30,27,29,15,1,3,8,5,83,52,33,18,14,5,8,79,624,33,1107
1999-568,St. Petersburg,Carpet,32,A,19990208,20,101703,,,Guillaume Raoux,R,180,FRA,28.9,102533,,,Jens Knippschild,R,190,GER,23.9,6-3 7-6(4),3,R16,80,5,1,61,33,27,22,11,0,0,12,5,60,27,24,17,10,1,2,73,669,106,461
1999-568,St. Petersburg,Carpet,32,A,19990208,21,103103,6,,Dominik Hrbaty,R,183,SVK,21.0,103096,,,Arnaud Clement,R,173,FRA,21.1,6-2 6-3,3,R16,58,10,2,43,22,18,15,8,0,0,4,6,72,33,19,19,9,5,9,39,983,86,569
1999-568,St. Petersburg,Carpet,32,A,19990208,22,103498,4,,Marat Safin,R,193,RUS,19.0,102025,,,Mikael Tillstrom,R,185,SWE,26.9,6-3 6-4,3,R16,63,10,0,53,26,24,15,10,0,1,1,9,64,36,27,8,9,4,7,42,930,99,519
1999-568,St. Petersburg,Carpet,32,A,19990208,23,102318,7,,Andrei Pavel,R,183,ROU,25.0,101543,,,Jeff Tarango,L,180,USA,30.2,3-6 6-3 6-2,3,R16,96,3,2,74,51,38,16,13,3,4,2,6,88,59,39,13,13,7,10,47,875,54,794
1999-568,St. Petersburg,Carpet,32,A,19990208,24,101820,2,,Marc Rosset,R,201,SUI,28.2,103206,,,Sebastien Grosjean,R,175,FRA,20.6,6-2 7-6(2),3,R16,89,5,3,73,40,30,18,10,4,5,4,3,68,37,23,15,10,2,5,24,1459,90,555
1999-568,St. Petersburg,Carpet,32,A,19990208,25,101733,1,,Jan Siemerink,L,183,NED,28.8,102086,,Q,Igor Kornienko,R,,RUS,26.5,6-7(0) 7-6(4) 6-3,3,QF,137,11,1,102,61,50,25,17,1,1,12,3,112,77,56,20,16,5,6,20,1619,1240,2
1999-568,St. Petersburg,Carpet,32,A,19990208,26,102184,,,David Prinosil,R,185,GER,25.9,101703,,,Guillaume Raoux,R,180,FRA,28.9,3-6 7-6(3) 6-4,3,QF,125,15,2,90,45,38,28,15,6,7,10,3,104,56,47,23,16,5,6,79,624,73,669
1999-568,St. Petersburg,Carpet,32,A,19990208,27,103498,4,,Marat Safin,R,193,RUS,19.0,103103,6,,Dominik Hrbaty,R,183,SVK,21.0,7-6(4) 7-6(2),3,QF,100,15,3,85,40,34,24,12,3,5,3,3,84,36,30,22,12,5,7,42,930,39,983
1999-568,St. Petersburg,Carpet,32,A,19990208,28,101820,2,,Marc Rosset,R,201,SUI,28.2,102318,7,,Andrei Pavel,R,183,ROU,25.0,6-1 6-2,3,QF,44,7,1,35,19,18,12,7,1,1,0,1,39,24,11,6,8,0,5,24,1459,47,875
1999-568,St. Petersburg,Carpet,32,A,19990208,29,102184,,,David Prinosil,R,185,GER,25.9,101733,1,,Jan Siemerink,L,183,NED,28.8,6-4 6-2,3,SF,67,4,2,54,29,19,18,9,2,3,2,4,56,30,19,10,9,7,11,79,624,20,1619
1999-568,St. Petersburg,Carpet,32,A,19990208,30,101820,2,,Marc Rosset,R,201,SUI,28.2,103498,4,,Marat Safin,R,193,RUS,19.0,6-3 6-2,3,SF,80,5,6,57,26,19,15,8,0,1,2,2,58,28,18,9,9,7,12,24,1459,42,930
1999-568,St. Petersburg,Carpet,32,A,19990208,31,101820,2,,Marc Rosset,R,201,SUI,28.2,102184,,,David Prinosil,R,185,GER,25.9,6-3 6-4,3,F,77,8,3,51,30,27,8,9,1,2,8,4,73,41,28,11,10,11,15,24,1459,79,624
1999-D012,Davis Cup G1 QF: BAH vs CHI,Hard,4,D,19990212,1,103602,,,Fernando Gonzalez,R,183,CHI,18.5,101956,,,Mark Knowles,R,190,BAH,27.4,7-5 6-3 1-6 4-6 6-3,5,RR,,,,,,,,,,,,,,,,,,,,574,33,275,138
1999-D012,Davis Cup G1 QF: BAH vs CHI,Hard,4,D,19990212,2,103454,,,Nicolas Massu,R,183,CHI,19.3,102076,,,Mark Merklein,R,188,BAH,26.6,6-2 6-1 6-2,5,RR,,,,,,,,,,,,,,,,,,,,206,225,479,53
1999-D012,Davis Cup G1 QF: BAH vs CHI,Hard,4,D,19990212,4,103454,,,Nicolas Massu,R,183,CHI,19.3,100997,,,Roger Smith,R,185,BAH,35.0,7-5 4-6 6-3,3,RR,,,,,,,,,,,,,,,,,,,,206,225,,
1999-D012,Davis Cup G1 QF: BAH vs CHI,Hard,4,D,19990212,5,103602,,,Fernando Gonzalez,R,183,CHI,18.5,107382,,,John Farrington,R,,BAH,40.3,6-4 6-3,3,RR,,,,,,,,,,,,,,,,,,,,574,33,,
1999-D023,Davis Cup G1 QF: COL vs CAN,Clay,4,D,19990212,1,101495,,,Miguel Tobon,R,185,COL,30.6,102110,,,Daniel Nestor,L,190,CAN,26.4,7-6(0) 6-3 6-1,5,RR,,,,,,,,,,,,,,,,,,,,515,43,104,477
1999-D023,Davis Cup G1 QF: COL vs CAN,Clay,4,D,19990212,2,101991,,,Mauricio Hadad,R,170,COL,27.1,103225,,,Simon Larose,R,190,CAN,20.6,5-7 3-6 6-4 6-1 6-4,5,RR,,,,,,,,,,,,,,,,,,,,272,139,,
1999-D023,Davis Cup G1 QF: COL vs CAN,Clay,4,D,19990212,4,101991,,,Mauricio Hadad,R,170,COL,27.1,102780,,,Frederic Niemeyer,R,190,CAN,22.7,6-4 6-4 7-6(0),5,RR,,,,,,,,,,,,,,,,,,,,272,139,,
1999-D023,Davis Cup G1 QF: COL vs CAN,Clay,4,D,19990212,5,103225,,,Simon Larose,R,190,CAN,20.6,102756,,,Eduardo Rincon,R,,COL,22.8,4-6 6-1 6-4,3,RR,,,,,,,,,,,,,,,,,,,,,,839,12
1999-D042,Davis Cup G1 QF: ECU vs VEN,Clay,4,D,19990212,1,102655,,,Jimy Szymanski,R,175,VEN,23.4,102192,,,Luis Adrian Morejon,R,178,ECU,25.8,0-6 1-6 6-4 6-1 6-1,5,RR,,,,,,,,,,,,,,,,,,,,307,114,153,300
1999-D042,Davis Cup G1 QF: ECU vs VEN,Clay,4,D,19990212,2,102839,,,Nicolas Lapentti,R,188,ECU,22.4,103065,,,Kepler Orellana,R,,VEN,21.3,6-7(4) 6-4 6-3 6-4,5,RR,,,,,,,,,,,,,,,,,,,,40,974,312,111
1999-D042,Davis Cup G1 QF: ECU vs VEN,Clay,4,D,19990212,4,102839,,,Nicolas Lapentti,R,188,ECU,22.4,102655,,,Jimy Szymanski,R,175,VEN,23.4,6-2 7-6(5) 6-1,5,RR,,,,,,,,,,,,,,,,,,,,40,974,307,114
1999-D042,Davis Cup G1 QF: ECU vs VEN,Clay,4,D,19990212,5,103286,,,Yohny Romero,R,,VEN,20.1,108807,,,Juan Francisco Barragan,U,,ECU,16.1,6-0 6-3,3,RR,,,,,,,,,,,,,,,,,,,,613,27,,
1999-D061,Davis Cup G1 QF: LIB vs JPN,Hard,4,D,19990212,1,102300,,,Gouichi Motomura,R,173,JPN,25.1,102448,,,Ali Hamadeh,R,,LIB,24.4,6-3 6-4 7-6(8),5,RR,,,,,,,,,,,,,,,,,,,,223,203,941,8
1999-D061,Davis Cup G1 QF: LIB vs JPN,Hard,4,D,19990212,2,102667,,,Satoshi Iwabuchi,L,175,JPN,23.3,102812,,,Jicham Zaatini,R,,LIB,22.6,7-6(4) 6-4 6-3,5,RR,,,,,,,,,,,,,,,,,,,,324,104,535,39
1999-D061,Davis Cup G1 QF: LIB vs JPN,Hard,4,D,19990212,4,102300,,,Gouichi Motomura,R,173,JPN,25.1,102812,,,Jicham Zaatini,R,,LIB,22.6,1-6 6-3 7-5,3,RR,,,,,,,,,,,,,,,,,,,,223,203,535,39
1999-D061,Davis Cup G1 QF: LIB vs JPN,Hard,4,D,19990212,5,102448,,,Ali Hamadeh,R,,LIB,24.4,102667,,,Satoshi Iwabuchi,L,175,JPN,23.3,7-6(6) 7-6(3),3,RR,,,,,,,,,,,,,,,,,,,,941,8,324,104
1999-D075,Davis Cup G1 QF: UZB vs PAK,Hard,4,D,19990212,1,102087,,,Oleg Ogorodov,R,193,UZB,26.5,102826,,,Muhammad Khaliq Siddiq,U,,KUW,22.5,6-3 6-3 6-3,5,RR,,,,,,,,,,,,,,,,,,,,195,233,,
1999-D075,Davis Cup G1 QF: UZB vs PAK,Hard,4,D,19990212,2,103529,,,Aisam Ul Haq Qureshi,R,183,PAK,18.8,102957,,,Vadim Kutsenko,R,180,RUS,21.9,6-1 7-5 6-4,5,RR,,,,,,,,,,,,,,,,,,,,,,374,84
1999-D075,Davis Cup G1 QF: UZB vs PAK,Hard,4,D,19990212,4,102087,,,Oleg Ogorodov,R,193,UZB,26.5,103529,,,Aisam Ul Haq Qureshi,R,183,PAK,18.8,6-4 6-3 3-6 6-1,5,RR,,,,,,,,,,,,,,,,,,,,195,233,,
1999-D075,Davis Cup G1 QF: UZB vs PAK,Hard,4,D,19990212,5,102957,,,Vadim Kutsenko,R,180,RUS,21.9,108588,,,Asim Shafik,U,,PAK,23.1,6-0 6-0,3,RR,,,,,,,,,,,,,,,,,,,,374,84,,
1999-D018,Davis Cup G1 R1: UKR vs BLR,Carpet,4,D,19990212,1,103166,,,Vladimir Voltchkov,R,180,BLR,20.8,102069,,,Andrei Rybalko,R,180,UKR,26.6,6-2 6-3 7-5,5,RR,,,,,,,,,,,,,,,,,,,,131,354,405,73
1999-D018,Davis Cup G1 R1: UKR vs BLR,Carpet,4,D,19990212,2,102446,,,Andrei Medvedev,R,193,UKR,24.4,103018,,,Max Mirnyi,R,196,BLR,21.5,3-6 6-3 7-6(4) 7-5,5,RR,,,,,,,,,,,,,,,,,,,,81,615,,
1999-D018,Davis Cup G1 R1: UKR vs BLR,Carpet,4,D,19990212,4,102446,,,Andrei Medvedev,R,193,UKR,24.4,103166,,,Vladimir Voltchkov,R,180,BLR,20.8,5-7 6-3 6-3 6-3,5,RR,,,,,,,,,,,,,,,,,,,,81,615,131,354
1999-D018,Davis Cup G1 R1: UKR vs BLR,Carpet,4,D,19990212,5,103018,,,Max Mirnyi,R,196,BLR,21.5,102069,,,Andrei Rybalko,R,180,UKR,26.6,6-3 6-0 3-6 6-3,5,RR,,,,,,,,,,,,,,,,,,,,,,405,73
1999-D078,Davis Cup G2 QF: PHI vs TPE,Hard,4,D,19990212,1,102277,,,Bing Chao Lin,R,180,TPE,25.2,102462,,,Bryan Juinio,R,,USA,24.3,6-3 6-2 6-7(5) 1-6 6-4,5,RR,,,,,,,,,,,,,,,,,,,,717,18,1192,3
1999-D078,Davis Cup G2 QF: PHI vs TPE,Hard,4,D,19990212,2,101563,,,Joseph Lizardo,R,,PHI,30.0,103659,,,Wei Jen Cheng,R,,TPE,18.1,4-6 6-3 6-3 3-6 7-5,5,RR,,,,,,,,,,,,,,,,,,,,1114,4,,
1999-D078,Davis Cup G2 QF: PHI vs TPE,Hard,4,D,19990212,4,101563,,,Joseph Lizardo,R,,PHI,30.0,102277,,,Bing Chao Lin,R,180,TPE,25.2,6-4 6-3 5-3 RET,5,RR,,,,,,,,,,,,,,,,,,,,1114,4,717,18
1999-D078,Davis Cup G2 QF: PHI vs TPE,Hard,4,D,19990212,5,102462,,,Bryan Juinio,R,,USA,24.3,102543,,,Chia Yen Tsai,R,,TPE,23.9,6-2 6-2 6-2,5,RR,,,,,,,,,,,,,,,,,,,,1192,3,,
1999-D055,Davis Cup G2 QF: QAT vs INA,Hard,4,D,19990212,1,102843,,,Suwandi Suwandi,R,178,INA,22.4,102285,,,Nasser Ghanim Al Khulaifi,R,,QAT,25.2,6-4 6-3 6-3,5,RR,,,,,,,,,,,,,,,,,,,,,,,
1999-D055,Davis Cup G2 QF: QAT vs INA,Hard,4,D,19990212,2,103504,,,Febi Widhiyanto,R,,INA,18.9,102956,,,Sultan Khalfan,R,,QAT,21.9,6-4 6-0 6-3,5,RR,,,,,,,,,,,,,,,,,,,,,,,
1999-D055,Davis Cup G2 QF: QAT vs INA,Hard,4,D,19990212,4,102843,,,Suwandi Suwandi,R,178,INA,22.4,108841,,,Mubarak Al Tobaishi,U,,QAT,16.4,6-1 6-4,3,RR,,,,,,,,,,,,,,,,,,,,,,,
1999-D055,Davis Cup G2 QF: QAT vs INA,Hard,4,D,19990212,5,103504,,,Febi Widhiyanto,R,,INA,18.9,102285,,,Nasser Ghanim Al Khulaifi,R,,QAT,25.2,6-4 6-1,3,RR,,,,,,,,,,,,,,,,,,,,,,,
1999-D057,Davis Cup G2 QF: SRI vs IRI,Clay,4,D,19990212,1,108621,,,Seyed Akbar Taheri Rahaghi,U,,IRI,25.2,108836,,,Jayendra Wijeyesekera,U,,SRI,29.0,6-3 4-6 6-1 5-7 6-0,5,RR,,,,,,,,,,,,,,,,,,,,,,,
1999-D057,Davis Cup G2 QF: SRI vs IRI,Clay,4,D,19990212,2,108595,,,Mohammed Reza Tavakoli,U,,IRI,27.1,108849,,,Rohan De Silva,U,,SRI,26.9,6-1 7-6(5) 6-0,5,RR,,,,,,,,,,,,,,,,,,,,,,,
1999-D057,Davis Cup G2 QF: SRI vs IRI,Clay,4,D,19990212,4,108850,,,Renouk Wijemanne,U,,SRI,17.3,108851,,,Iman Nilipour,U,,IRI,19.1,7-5 6-1,3,RR,,,,,,,,,,,,,,,,,,,,,,,
1999-D057,Davis Cup G2 QF: SRI vs IRI,Clay,4,D,19990212,5,108852,,,Asiri Iddamalgoda,U,,SRI,25.6,103875,,,Anoosha Shahgholi,U,,IRI,17.2,6-1 1-6 7-6(4),3,RR,,,,,,,,,,,,,,,,,,,,,,,
1999-D064,Davis Cup G2 QF: THA vs KAZ,Hard,4,D,19990212,1,103387,,,Paradorn Srichaphan,R,185,THA,19.6,108592,,,Pavel Baranov,R,,KAZ,18.2,6-1 6-3 6-2,5,RR,,,,,,,,,,,,,,,,,,,,350,94,,
1999-D064,Davis Cup G2 QF: THA vs KAZ,Hard,4,D,19990212,2,103821,,,Danai Udomchoke,R,173,THA,17.4,103612,,,Alexey Kedryuk,R,193,KAZ,18.5,3-6 7-6(5) 6-4 5-7 7-5,5,RR,,,,,,,,,,,,,,,,,,,,576,33,1079,4
1999-D064,Davis Cup G2 QF: THA vs KAZ,Hard,4,D,19990212,4,102097,,,Naratorn Srichaphan,R,,THA,26.5,103612,,,Alexey Kedryuk,R,193,KAZ,18.5,6-1 6-2,3,RR,,,,,,,,,,,,,,,,,,,,738,17,1079,4
1999-D064,Davis Cup G2 QF: THA vs KAZ,Hard,4,D,19990212,5,103821,,,Danai Udomchoke,R,173,THA,17.4,108592,,,Pavel Baranov,R,,KAZ,18.2,6-4 6-0,3,RR,,,,,,,,,,,,,,,,,,,,576,33,,
1999-402,Memphis,Hard,48,A,19990215,1,101890,,Q,Jonathan Stark,R,188,USA,27.8,101601,,,Brett Steven,R,185,NZL,29.8,6-2 6-3,3,R64,62,13,2,45,30,24,9,8,0,0,2,6,65,31,19,16,9,7,11,303,116,103,481
1999-402,Memphis,Hard,48,A,19990215,2,102202,,,Kenneth Carlsen,L,190,DEN,25.8,101816,,,Steve Campbell,R,183,USA,28.3,6-1 6-0,3,R64,52,4,1,33,21,18,8,6,2,2,5,1,44,20,12,4,7,6,12,93,547,122,397
1999-402,Memphis,Hard,48,A,19990215,3,102287,,,Albert Portas,R,188,ESP,25.2,102227,,,Sargis Sargsian,R,180,ARM,25.7,7-6(3) 3-6 6-3,3,R64,118,6,5,85,45,34,19,15,2,6,7,1,117,78,55,13,15,10,14,88,565,86,571
1999-402,Memphis,Hard,48,A,19990215,4,102231,,Q,Alex Calatrava,R,190,ESP,25.6,102169,,Q,Michael Joyce,R,180,USA,26.0,5-7 7-6(1) 6-4,3,R64,129,22,4,91,48,44,24,17,2,4,7,1,107,68,50,22,17,3,5,114,432,245,178
1999-402,Memphis,Hard,48,A,19990215,5,101711,,WC,Alex Obrien,R,185,USA,28.9,101917,,Q,Grant Stafford,R,188,RSA,27.7,6-4 6-2,3,R64,85,11,1,69,48,33,11,9,3,4,1,3,65,40,28,7,9,4,8,185,247,172,274
1999-402,Memphis,Hard,48,A,19990215,6,102863,,LL,Takao Suzuki,R,175,JPN,22.4,102375,,,Dinu Pescariu,R,185,ROU,24.8,6-4 6-4,3,R64,65,11,2,57,43,34,9,10,1,1,2,0,57,38,27,8,10,2,4,116,421,107,447
1999-402,Memphis,Hard,48,A,19990215,7,102104,,,Christian Ruud,R,188,NOR,26.4,103031,,,Julian Alonso,R,185,ESP,21.5,6-2 6-4,3,R64,74,7,4,60,33,27,10,9,2,4,4,2,68,34,14,19,9,7,12,62,763,109,438
1999-402,Memphis,Hard,48,A,19990215,8,102562,,,Jiri Novak,R,190,CZE,23.9,102205,,,Sebastien Lareau,R,183,CAN,25.8,7-6(5) 6-7(4) 6-3,3,R64,117,9,3,113,66,50,26,17,4,6,8,1,110,76,53,18,16,3,6,67,721,91,550
1999-402,Memphis,Hard,48,A,19990215,9,102422,,Q,Michael Hill,R,188,AUS,24.6,102167,,Q,Juan Albert Viloca Puig,R,185,ESP,26.0,7-6(5) 4-6 7-5,3,R64,143,8,10,124,72,52,24,17,6,10,9,3,99,62,46,18,17,6,10,238,189,149,314
1999-402,Memphis,Hard,48,A,19990215,10,101191,,WC,Richey Reneberg,R,180,USA,33.3,102869,,,Galo Blanco,R,173,ESP,22.3,7-6(2) 6-3,3,R64,83,13,5,78,47,35,18,11,7,8,7,4,69,33,20,21,10,4,6,181,252,82,612
1999-402,Memphis,Hard,48,A,19990215,11,102133,,,Laurence Tieleman,R,180,ITA,26.2,101675,,,Martin Rodriguez,R,178,ARG,29.1,7-6(2) 6-2,3,R64,61,7,5,62,36,31,14,10,0,1,5,2,56,29,19,15,10,0,3,94,545,95,542
1999-402,Memphis,Hard,48,A,19990215,12,101793,,WC,Jim Courier,R,185,USA,28.4,101688,,,Geoff Grant,R,183,USA,29.0,6-0 6-3,3,R64,49,2,3,40,24,20,12,8,0,0,2,0,43,31,14,6,7,1,5,69,704,117,421
1999-402,Memphis,Hard,48,A,19990215,13,101889,,,Todd Woodbridge,R,178,AUS,27.8,101475,,,Carlos Costa,R,183,ESP,30.8,6-4 7-5,3,R64,74,4,4,64,37,30,18,11,1,1,4,2,59,29,24,16,11,1,3,102,485,92,550
1999-402,Memphis,Hard,48,A,19990215,14,102770,,,John Van Lottum,R,185,NED,22.8,103084,,,Guillermo Canas,R,185,ARG,21.2,6-2 6-2,3,R64,73,1,2,61,33,19,13,8,4,7,4,6,60,30,15,8,8,5,12,110,435,98,520
1999-402,Memphis,Hard,48,A,19990215,15,102110,,,Daniel Nestor,L,190,CAN,26.4,102925,,,Justin Gimelstob,R,196,USA,22.0,6-4 6-3,3,R64,79,6,4,60,33,25,15,9,4,5,9,5,64,36,24,13,10,4,8,104,477,70,692
1999-402,Memphis,Hard,48,A,19990215,16,102162,,WC,Chris Woodruff,R,188,USA,26.1,102905,,,Stefan Koubek,L,175,AUT,22.1,6-4 7-6(3),3,R64,77,8,3,70,48,41,10,11,1,1,5,0,63,39,29,15,11,2,3,717,18,99,519
1999-402,Memphis,Hard,48,A,19990215,17,101774,1,,Todd Martin,R,198,USA,28.6,101890,,Q,Jonathan Stark,R,188,USA,27.8,7-6(3) 4-6 7-5,3,R32,129,11,7,97,54,42,29,17,2,3,20,3,104,75,60,14,17,3,4,12,2132,303,116
1999-402,Memphis,Hard,48,A,19990215,18,102202,,,Kenneth Carlsen,L,190,DEN,25.8,102644,16,,Franco Squillari,L,183,ARG,23.4,6-1 6-2,3,R32,52,4,2,42,29,24,7,7,2,2,3,3,44,30,16,2,8,1,6,93,547,64,747
1999-402,Memphis,Hard,48,A,19990215,19,102401,9,,Scott Draper,L,178,AUS,24.6,102287,,,Albert Portas,R,188,ESP,25.2,6-3 7-5,3,R32,70,13,1,59,36,30,16,11,0,0,9,4,63,32,24,16,10,1,3,52,841,88,565
1999-402,Memphis,Hard,48,A,19990215,20,102998,7,,Jan Michael Gambill,R,190,USA,21.7,102231,,Q,Alex Calatrava,R,190,ESP,25.6,6-4 6-2,3,R32,57,15,3,50,33,26,11,9,0,0,11,2,58,29,23,12,9,4,7,43,946,114,432
1999-402,Memphis,Hard,48,A,19990215,21,103163,3,,Tommy Haas,R,188,GER,20.8,101711,,WC,Alex Obrien,R,185,USA,28.9,6-4 6-4,3,R32,74,9,4,66,39,28,15,10,2,3,5,1,66,49,31,7,10,5,8,22,1505,185,247
1999-402,Memphis,Hard,48,A,19990215,22,102887,13,,Ramon Delgado,R,185,PAR,22.2,102863,,LL,Takao Suzuki,R,175,JPN,22.4,6-3 6-2,3,R32,57,8,2,53,33,27,12,9,2,2,9,2,50,41,26,3,8,2,5,56,791,116,421
1999-402,Memphis,Hard,48,A,19990215,23,102776,12,,Andrew Ilie,R,180,AUS,22.8,102104,,,Christian Ruud,R,188,NOR,26.4,6-7(1) 6-2 6-3,3,R32,120,6,4,114,76,52,18,15,7,9,5,5,83,40,29,18,14,2,7,44,943,62,763
1999-402,Memphis,Hard,48,A,19990215,24,102562,,,Jiri Novak,R,190,CZE,23.9,102834,,LL,Paul Goldstein,R,178,USA,22.5,6-7(8) 6-0 7-5,3,R32,116,7,4,111,67,49,25,15,6,7,0,3,93,54,33,22,15,4,9,67,721,120,402
1999-402,Memphis,Hard,48,A,19990215,25,103264,6,,Mariano Puerta,L,180,ARG,20.4,102422,,Q,Michael Hill,R,188,AUS,24.6,6-4 6-1,3,R32,53,8,1,45,33,27,7,9,2,3,11,7,60,29,21,10,8,8,12,37,1025,238,189
1999-402,Memphis,Hard,48,A,19990215,26,101191,,WC,Richey Reneberg,R,180,USA,33.3,101543,11,,Jeff Tarango,L,180,USA,30.2,6-2 6-2,3,R32,61,8,3,48,30,24,7,8,0,1,3,4,55,32,20,6,8,5,10,181,252,61,765
1999-402,Memphis,Hard,48,A,19990215,27,102133,,,Laurence Tieleman,R,180,ITA,26.2,101897,14,,Fernando Meligeni,L,180,BRA,27.8,6-4 6-3,3,R32,56,8,1,44,25,22,14,9,0,0,2,1,57,35,25,11,10,4,7,94,545,59,780
1999-402,Memphis,Hard,48,A,19990215,28,101793,,WC,Jim Courier,R,185,USA,28.4,102021,4,,Michael Chang,R,175,USA,26.9,6-4 7-6(8),3,R32,111,6,1,70,44,33,13,11,1,3,6,3,93,49,37,17,11,7,10,69,704,27,1247
1999-402,Memphis,Hard,48,A,19990215,29,101889,,,Todd Woodbridge,R,178,AUS,27.8,101888,8,,Daniel Vacek,R,190,CZE,27.8,6-4 6-0,3,R32,55,2,1,40,24,20,12,8,0,0,3,2,56,40,18,11,8,3,7,102,485,51,844
1999-402,Memphis,Hard,48,A,19990215,30,102770,,,John Van Lottum,R,185,NED,22.8,103151,10,,Mariano Zabaleta,R,183,ARG,20.9,6-1 6-3,3,R32,54,3,0,41,21,18,15,8,0,0,5,5,47,24,16,8,8,0,4,110,435,53,819
1999-402,Memphis,Hard,48,A,19990215,31,102110,,,Daniel Nestor,L,190,CAN,26.4,101185,15,,Mark Woodforde,L,188,AUS,33.3,7-6(3) 6-4,3,R32,82,11,4,73,50,42,11,11,2,3,3,2,69,48,37,8,11,1,3,104,477,60,766
1999-402,Memphis,Hard,48,A,19990215,32,102882,2,,Mark Philippoussis,R,196,AUS,22.2,102162,,WC,Chris Woodruff,R,188,USA,26.1,6-3 7-6(3),3,R32,87,21,7,71,38,35,14,11,4,5,7,6,76,44,33,13,10,5,7,14,2060,717,18
1999-402,Memphis,Hard,48,A,19990215,33,101774,1,,Todd Martin,R,198,USA,28.6,102202,,,Kenneth Carlsen,L,190,DEN,25.8,7-6(3) 6-2,3,R16,87,12,0,68,46,36,14,10,2,2,6,4,70,38,28,15,10,2,4,12,2132,93,547
1999-402,Memphis,Hard,48,A,19990215,34,102998,7,,Jan Michael Gambill,R,190,USA,21.7,102401,9,,Scott Draper,L,178,AUS,24.6,6-3 7-6(6),3,R16,79,17,2,64,42,32,15,10,3,3,14,0,76,43,33,15,11,4,6,43,946,52,841
1999-402,Memphis,Hard,48,A,19990215,35,103163,3,,Tommy Haas,R,188,GER,20.8,102887,13,,Ramon Delgado,R,185,PAR,22.2,7-6(2) 6-2,3,R16,70,10,3,57,34,29,19,11,0,0,12,1,71,43,33,14,11,2,3,22,1505,56,791
1999-402,Memphis,Hard,48,A,19990215,36,102776,12,,Andrew Ilie,R,180,AUS,22.8,102562,,,Jiri Novak,R,190,CZE,23.9,6-4 4-6 6-4,3,R16,106,5,2,93,51,36,26,15,6,8,9,7,102,62,46,17,15,5,8,44,943,67,721
1999-402,Memphis,Hard,48,A,19990215,37,103264,6,,Mariano Puerta,L,180,ARG,20.4,101191,,WC,Richey Reneberg,R,180,USA,33.3,4-6 6-3 6-4,3,R16,106,6,4,90,51,38,21,15,5,8,16,2,91,52,42,14,14,7,11,37,1025,181,252
1999-402,Memphis,Hard,48,A,19990215,38,101793,,WC,Jim Courier,R,185,USA,28.4,102133,,,Laurence Tieleman,R,180,ITA,26.2,6-7(5) 7-5 6-1,3,R16,131,7,0,94,63,44,19,16,0,2,8,1,96,49,35,19,15,2,7,69,704,94,545
1999-402,Memphis,Hard,48,A,19990215,39,102770,,,John Van Lottum,R,185,NED,22.8,101889,,,Todd Woodbridge,R,178,AUS,27.8,6-4 6-4,3,R16,87,2,3,75,36,25,20,10,6,8,4,3,65,36,21,17,10,5,9,110,435,102,485
1999-402,Memphis,Hard,48,A,19990215,40,102110,,,Daniel Nestor,L,190,CAN,26.4,102882,2,,Mark Philippoussis,R,196,AUS,22.2,1-6 6-3 7-6(10),3,R16,106,17,9,96,59,43,19,14,5,8,23,5,94,55,44,19,14,3,5,104,477,14,2060
1999-402,Memphis,Hard,48,A,19990215,41,101774,1,,Todd Martin,R,198,USA,28.6,102998,7,,Jan Michael Gambill,R,190,USA,21.7,3-6 7-5 7-6(7),3,QF,136,20,4,96,61,48,19,16,1,2,16,3,125,76,59,21,17,7,8,12,2132,43,946
1999-402,Memphis,Hard,48,A,19990215,42,103163,3,,Tommy Haas,R,188,GER,20.8,102776,12,,Andrew Ilie,R,180,AUS,22.8,7-5 3-6 6-3,3,QF,113,13,3,92,47,38,24,15,4,6,6,3,92,56,42,18,15,8,11,22,1505,44,943
1999-402,Memphis,Hard,48,A,19990215,43,101793,,WC,Jim Courier,R,185,USA,28.4,103264,6,,Mariano Puerta,L,180,ARG,20.4,6-0 6-2,3,QF,49,10,0,36,27,24,5,7,1,1,2,5,39,21,11,4,7,0,5,69,704,37,1025
1999-402,Memphis,Hard,48,A,19990215,44,102770,,,John Van Lottum,R,185,NED,22.8,102110,,,Daniel Nestor,L,190,CAN,26.4,3-6 7-6(3) 6-4,3,QF,107,8,2,87,52,43,23,15,5,6,13,5,102,66,49,21,16,6,7,110,435,104,477
1999-402,Memphis,Hard,48,A,19990215,45,103163,3,,Tommy Haas,R,188,GER,20.8,101774,1,,Todd Martin,R,198,USA,28.6,6-3 7-6(4),3,SF,79,5,1,65,34,30,20,11,2,3,7,2,61,43,31,9,10,4,6,22,1505,12,2132
1999-402,Memphis,Hard,48,A,19990215,46,101793,,WC,Jim Courier,R,185,USA,28.4,102770,,,John Van Lottum,R,185,NED,22.8,7-6(5) 4-6 6-4,3,SF,140,11,3,105,78,57,15,16,6,8,6,1,96,59,48,19,16,6,8,69,704,110,435
1999-402,Memphis,Hard,48,A,19990215,47,103163,3,,Tommy Haas,R,188,GER,20.8,101793,,WC,Jim Courier,R,185,USA,28.4,6-4 6-1,3,F,60,12,4,52,28,26,13,9,3,3,9,5,47,33,23,6,8,3,6,22,1505,69,704
1999-407,Rotterdam,Carpet,32,A,19990215,1,103498,,,Marat Safin,R,193,RUS,19.0,102374,1,,Alex Corretja,R,180,ESP,24.8,7-5 3-6 6-3,3,R32,113,12,0,78,33,26,28,15,1,4,8,6,97,55,39,19,15,6,10,39,996,4,3250
1999-407,Rotterdam,Carpet,32,A,19990215,2,103103,,,Dominik Hrbaty,R,183,SVK,21.1,103193,,WC,Peter Wessels,R,196,NED,20.7,6-3 6-7(5) 7-6(2),3,R32,98,21,3,91,53,44,33,17,0,0,19,5,97,55,47,22,16,1,2,40,989,111,434
1999-407,Rotterdam,Carpet,32,A,19990215,3,102259,,,Jerome Golmard,L,188,FRA,25.4,102456,,,Felix Mantilla,R,180,ESP,24.3,6-0 6-4,3,R32,67,8,1,43,29,24,9,8,0,0,2,6,58,23,17,12,8,2,6,33,1078,21,1522
1999-407,Rotterdam,Carpet,32,A,19990215,4,101965,,,Wayne Ferreira,R,185,RSA,27.4,102358,7,,Thomas Enqvist,R,190,SWE,24.9,7-6(7) 6-3,3,R32,81,9,4,77,40,35,17,11,2,3,8,4,66,33,27,14,10,3,5,25,1333,13,2104
1999-407,Rotterdam,Carpet,32,A,19990215,5,102450,3,,Tim Henman,R,185,GBR,24.4,102106,,,Davide Sanguinetti,R,188,ITA,26.4,1-6 6-4 6-3,3,R32,100,7,3,78,42,32,15,13,5,9,3,4,80,49,35,12,13,3,7,7,2618,50,855
1999-407,Rotterdam,Carpet,32,A,19990215,6,101434,,,Petr Korda,L,190,CZE,31.0,101320,,,Magnus Gustafsson,R,185,SWE,32.1,6-4 6-2,3,R32,62,5,2,55,27,22,17,9,3,3,3,2,56,39,26,6,9,4,7,74,679,32,1107
1999-407,Rotterdam,Carpet,32,A,19990215,7,102148,,,Fabrice Santoro,R,178,FRA,26.1,101733,,,Jan Siemerink,L,183,NED,28.8,7-6(6) 6-3,3,R32,86,1,1,79,57,41,12,11,5,5,3,5,58,30,27,14,10,1,2,42,949,19,1664
1999-407,Rotterdam,Carpet,32,A,19990215,8,102344,6,,Karol Kucera,R,188,SVK,24.9,101647,,,Byron Black,R,175,ZIM,29.3,6-1 6-1,3,R32,58,9,3,44,26,24,8,7,1,1,0,0,53,33,16,8,7,9,14,11,2267,31,1136
1999-407,Rotterdam,Carpet,32,A,19990215,9,102257,5,,Greg Rusedski,L,193,GBR,25.4,103017,,,Nicolas Kiefer,R,183,GER,21.6,7-6(5) 4-6 6-3,3,R32,124,14,7,97,58,46,23,16,1,3,13,7,88,40,35,27,15,3,5,9,2469,35,1073
1999-407,Rotterdam,Carpet,32,A,19990215,10,102817,,WC,Edwin Kempes,R,188,NED,22.6,102466,,Q,Jan Kroslak,R,188,SVK,24.3,6-4 7-6(1),3,R32,68,4,1,61,43,34,12,11,0,1,11,4,68,54,40,5,11,2,4,174,273,81,615
1999-407,Rotterdam,Carpet,32,A,19990215,11,101611,,,Cedric Pioline,R,188,FRA,29.6,101235,,WC,Paul Haarhuis,R,188,NED,32.9,3-6 7-6(6) 7-6(5),3,R32,149,7,7,109,70,56,19,16,3,5,21,3,124,77,60,24,17,2,3,18,1691,68,713
1999-407,Rotterdam,Carpet,32,A,19990215,12,101990,4,,Richard Krajicek,R,196,NED,27.1,101820,,,Marc Rosset,R,201,SUI,28.2,6-3 7-5,3,R32,61,15,2,55,34,33,13,11,0,0,9,7,50,32,26,8,10,0,2,10,2386,23,1493
1999-407,Rotterdam,Carpet,32,A,19990215,13,102539,,,Bohdan Ulihrach,R,188,CZE,23.9,101964,8,,Goran Ivanisevic,L,193,CRO,27.4,6-7(6) 7-6(3) 7-5,3,R32,115,23,3,112,71,54,29,18,4,5,32,14,122,63,52,29,18,6,8,30,1155,15,1895
1999-407,Rotterdam,Carpet,32,A,19990215,14,103819,,Q,Roger Federer,R,185,SUI,17.5,101703,,,Guillaume Raoux,R,180,FRA,29.0,6-7(4) 7-5 7-6(3),3,R32,149,14,2,111,71,58,21,18,1,2,10,9,140,69,49,40,18,4,6,178,262,71,691
1999-407,Rotterdam,Carpet,32,A,19990215,15,102271,,,Hicham Arazi,L,175,MAR,25.3,102477,,Q,Gaston Etlis,R,185,ARG,24.2,7-6(8) 7-5,3,R32,82,7,2,77,41,33,19,12,5,7,7,3,79,57,38,8,12,2,5,49,865,150,307
1999-407,Rotterdam,Carpet,32,A,19990215,16,102338,2,,Yevgeny Kafelnikov,R,190,RUS,24.9,102783,,Q,Rainer Schuettler,R,180,GER,22.8,7-5 6-3,3,R32,76,6,4,66,37,27,15,10,1,3,4,2,66,36,21,15,11,4,9,2,3350,72,684
1999-407,Rotterdam,Carpet,32,A,19990215,17,103498,,,Marat Safin,R,193,RUS,19.0,103103,,,Dominik Hrbaty,R,183,SVK,21.1,7-6(4) 5-7 6-3,3,R16,114,14,0,103,51,39,30,17,3,6,9,3,99,46,38,26,16,3,6,39,996,40,989
1999-407,Rotterdam,Carpet,32,A,19990215,18,101965,,,Wayne Ferreira,R,185,RSA,27.4,102259,,,Jerome Golmard,L,188,FRA,25.4,5-7 6-3 7-6(4),3,R16,123,11,0,109,72,55,19,17,3,5,9,4,98,61,45,19,16,3,5,25,1333,33,1078
1999-407,Rotterdam,Carpet,32,A,19990215,19,102450,3,,Tim Henman,R,185,GBR,24.4,101434,,,Petr Korda,L,190,CZE,31.0,6-3 6-4,3,R16,82,8,3,57,30,26,16,10,0,0,2,3,67,30,22,19,9,6,8,7,2618,74,679
1999-407,Rotterdam,Carpet,32,A,19990215,20,102344,6,,Karol Kucera,R,188,SVK,24.9,102148,,,Fabrice Santoro,R,178,FRA,26.1,7-6(4) 6-4,3,R16,89,4,1,67,47,33,8,11,3,6,2,5,71,39,25,14,11,2,6,11,2267,42,949
1999-407,Rotterdam,Carpet,32,A,19990215,21,102257,5,,Greg Rusedski,L,193,GBR,25.4,102817,,WC,Edwin Kempes,R,188,NED,22.6,6-1 6-4,3,R16,51,12,1,43,27,24,12,9,0,0,1,2,51,34,21,9,8,5,8,9,2469,174,273
1999-407,Rotterdam,Carpet,32,A,19990215,22,101611,,,Cedric Pioline,R,188,FRA,29.6,101990,4,,Richard Krajicek,R,196,NED,27.1,7-6(5) 7-6(9),3,R16,107,1,5,91,55,48,17,12,4,5,24,2,84,59,48,13,12,2,3,18,1691,10,2386
1999-407,Rotterdam,Carpet,32,A,19990215,23,103819,,Q,Roger Federer,R,185,SUI,17.5,102539,,,Bohdan Ulihrach,R,188,CZE,23.9,6-4 7-5,3,R16,65,10,3,55,37,31,13,11,0,0,5,4,70,41,33,12,11,5,7,178,262,30,1155
1999-407,Rotterdam,Carpet,32,A,19990215,24,102338,2,,Yevgeny Kafelnikov,R,190,RUS,24.9,102271,,,Hicham Arazi,L,175,MAR,25.3,6-1 6-2,3,R16,54,7,1,41,26,24,8,8,0,0,4,2,52,29,16,8,7,3,7,2,3350,49,865
1999-407,Rotterdam,Carpet,32,A,19990215,25,103498,,,Marat Safin,R,193,RUS,19.0,101965,,,Wayne Ferreira,R,185,RSA,27.4,6-2 6-7(5) 6-1,3,QF,92,16,2,88,48,41,23,14,1,1,9,5,81,45,35,14,13,4,8,39,996,25,1333
1999-407,Rotterdam,Carpet,32,A,19990215,26,102450,3,,Tim Henman,R,185,GBR,24.4,102344,6,,Karol Kucera,R,188,SVK,24.9,6-4 7-6(4),3,QF,103,6,3,73,39,32,15,11,4,7,0,1,71,43,27,14,11,4,8,7,2618,11,2267
1999-407,Rotterdam,Carpet,32,A,19990215,27,102257,5,,Greg Rusedski,L,193,GBR,25.4,101611,,,Cedric Pioline,R,188,FRA,29.6,7-6(5) 3-6 7-6(5),3,QF,121,26,8,94,57,51,22,16,2,3,8,5,117,75,59,24,17,4,4,9,2469,18,1691
1999-407,Rotterdam,Carpet,32,A,19990215,28,102338,2,,Yevgeny Kafelnikov,R,190,RUS,24.9,103819,,Q,Roger Federer,R,185,SUI,17.5,6-1 5-7 6-4,3,QF,109,6,6,93,57,38,18,15,3,7,6,6,93,39,25,27,14,10,16,2,3350,178,262
1999-407,Rotterdam,Carpet,32,A,19990215,29,102450,3,,Tim Henman,R,185,GBR,24.4,103498,,,Marat Safin,R,193,RUS,19.0,7-6(7) 7-6(0),3,SF,98,16,3,76,45,38,18,12,0,0,12,4,81,43,37,25,12,4,4,7,2618,39,996
1999-407,Rotterdam,Carpet,32,A,19990215,30,102338,2,,Yevgeny Kafelnikov,R,190,RUS,24.9,102257,5,,Greg Rusedski,L,193,GBR,25.4,6-4 6-2,3,SF,59,2,0,50,35,27,11,9,0,0,17,4,57,33,23,10,9,3,6,2,3350,9,2469
1999-407,Rotterdam,Carpet,32,A,19990215,31,102338,2,,Yevgeny Kafelnikov,R,190,RUS,24.9,102450,3,,Tim Henman,R,185,GBR,24.4,6-2 7-6(3),3,F,87,2,0,76,47,32,13,10,2,4,6,6,57,25,16,13,10,1,5,2,3350,7,2618
1999-D056,Davis Cup G1 QF: KOR vs IND,Hard,4,D,19990219,1,102703,,,Hyung Taik Lee,R,180,KOR,23.1,102405,,,Mahesh Bhupathi,R,185,IND,24.6,6-1 7-5 6-2,5,RR,,,,,,,,,,,,,,,,,,,,261,148,270,141
1999-D056,Davis Cup G1 QF: KOR vs IND,Hard,4,D,19990219,2,102263,,,Yong Il Yoon,R,175,KOR,25.3,102233,,,Leander Paes,R,178,IND,25.6,4-6 3-6 7-5 6-2 6-1,5,RR,,,,,,,,,,,,,,,,,,,,325,104,83,605
1999-D056,Davis Cup G1 QF: KOR vs IND,Hard,4,D,19990219,4,102233,,,Leander Paes,R,178,IND,25.6,102703,,,Hyung Taik Lee,R,180,KOR,23.1,6-4 6-4 6-4,5,RR,,,,,,,,,,,,,,,,,,,,83,605,261,148
1999-D056,Davis Cup G1 QF: KOR vs IND,Hard,4,D,19990219,5,102263,,,Yong Il Yoon,R,175,KOR,25.3,102405,,,Mahesh Bhupathi,R,185,IND,24.6,6-7(5) 6-1 6-1 6-1,5,RR,,,,,,,,,,,,,,,,,,,,325,104,270,141
1999-408,London,Carpet,32,A,19990222,1,102338,1,,Yevgeny Kafelnikov,R,190,RUS,25.0,101320,,,Magnus Gustafsson,R,185,SWE,32.1,6-2 3-6 6-3,3,R32,93,11,4,80,48,38,16,13,1,3,6,6,94,52,36,18,13,10,14,2,3637,32,1107
1999-408,London,Carpet,32,A,19990222,2,101647,,,Byron Black,R,175,ZIM,29.3,102223,,,Karim Alami,R,185,MAR,25.7,6-1 1-6 7-6(4),3,R32,110,5,3,86,49,32,22,13,4,6,8,2,108,64,40,25,13,9,11,31,1136,66,722
1999-408,London,Carpet,32,A,19990222,3,102106,,,Davide Sanguinetti,R,188,ITA,26.4,102998,,WC,Jan Michael Gambill,R,190,USA,21.7,6-4 6-4,3,R32,72,10,4,61,36,30,15,10,2,2,13,4,73,37,29,16,10,11,13,50,855,44,971
1999-408,London,Carpet,32,A,19990222,4,102563,8,,Thomas Johansson,R,180,SWE,23.9,102023,,Q,Petr Luxa,R,190,CZE,26.9,6-2 6-4,3,R32,69,12,3,52,23,20,18,9,2,2,0,4,62,40,26,11,9,5,8,19,1645,212,213
1999-408,London,Carpet,32,A,19990222,5,101990,4,,Richard Krajicek,R,196,NED,27.2,101543,,,Jeff Tarango,L,180,USA,30.2,6-4 6-2,3,R32,55,9,4,51,33,26,9,9,0,1,1,6,50,24,13,13,9,1,5,9,2386,67,706
1999-408,London,Carpet,32,A,19990222,6,103017,,,Nicolas Kiefer,R,183,GER,21.6,101611,,,Cedric Pioline,R,188,FRA,29.6,5-7 6-2 7-5,3,R32,,,,,,,,,,,,,,,,,,,,35,1073,17,1745
1999-408,London,Carpet,32,A,19990222,7,101703,,,Guillaume Raoux,R,180,FRA,29.0,101888,,,Daniel Vacek,R,190,CZE,27.8,6-4 6-3,3,R32,77,5,5,55,27,22,14,9,3,4,6,13,73,40,28,12,10,9,13,72,675,52,844
1999-408,London,Carpet,32,A,19990222,8,102344,5,,Karol Kucera,R,188,SVK,24.9,102783,,LL,Rainer Schuettler,R,180,GER,22.8,7-6(2) 6-0,3,R32,62,6,0,48,28,21,17,9,0,0,2,3,57,30,20,10,9,0,3,12,2166,71,692
1999-408,London,Carpet,32,A,19990222,9,102358,6,,Thomas Enqvist,R,190,SWE,24.9,101820,,,Marc Rosset,R,201,SUI,28.2,6-1 6-3,3,R32,56,4,4,55,30,24,11,8,3,4,8,10,55,29,19,6,8,7,12,13,2037,26,1197
1999-408,London,Carpet,32,A,19990222,10,102184,,Q,David Prinosil,R,185,GER,25.9,102318,,,Andrei Pavel,R,183,ROU,25.0,7-6(5) 6-3,3,R32,72,6,3,55,23,20,20,10,0,2,4,3,75,42,27,15,11,4,8,62,757,47,892
1999-408,London,Carpet,32,A,19990222,11,101434,,,Petr Korda,L,190,CZE,31.0,101965,,,Wayne Ferreira,R,185,RSA,27.4,6-3 6-4,3,R32,67,6,4,67,48,35,13,10,5,5,7,2,62,37,27,13,9,5,7,75,636,24,1396
1999-408,London,Carpet,32,A,19990222,12,102257,3,,Greg Rusedski,L,193,GBR,25.4,101150,,,Gianluca Pozzi,L,180,ITA,33.6,6-2 6-1,3,R32,45,6,2,40,21,20,12,8,0,0,2,3,38,20,14,4,7,1,5,10,2253,65,724
1999-408,London,Carpet,32,A,19990222,13,101964,7,,Goran Ivanisevic,L,193,CRO,27.4,101733,,,Jan Siemerink,L,183,NED,28.8,6-3 0-6 7-6(1),3,R32,92,10,12,85,34,27,28,14,2,6,17,4,92,54,42,18,13,3,5,14,1895,20,1620
1999-408,London,Carpet,32,A,19990222,14,102271,,,Hicham Arazi,L,175,MAR,25.3,102539,,,Bohdan Ulihrach,R,188,CZE,23.9,7-5 6-4,3,R32,70,7,5,73,37,28,17,11,5,7,8,6,62,32,25,12,11,3,7,46,893,30,1159
1999-408,London,Carpet,32,A,19990222,15,103103,,,Dominik Hrbaty,R,183,SVK,21.1,101924,,Q,Stefano Pescosolido,R,185,ITA,27.6,6-3 6-7(3) 6-2,3,R32,101,18,12,91,45,40,24,14,4,4,9,9,97,48,41,19,15,2,6,41,989,217,211
1999-408,London,Carpet,32,A,19990222,16,102466,,Q,Jan Kroslak,R,188,SVK,24.3,102450,2,,Tim Henman,R,185,GBR,24.4,2-6 7-6(8) 6-4,3,R32,122,4,2,102,54,35,28,15,3,6,15,6,100,51,43,21,15,7,9,79,619,7,2789
1999-408,London,Carpet,32,A,19990222,17,102338,1,,Yevgeny Kafelnikov,R,190,RUS,25.0,101647,,,Byron Black,R,175,ZIM,29.3,6-3 6-2,3,R16,63,5,1,56,28,22,18,9,3,3,1,2,56,36,21,9,8,2,5,2,3637,31,1136
1999-408,London,Carpet,32,A,19990222,18,102563,8,,Thomas Johansson,R,180,SWE,23.9,102106,,,Davide Sanguinetti,R,188,ITA,26.4,6-0 6-7(3) 6-2,3,R16,104,14,3,69,35,31,23,13,0,0,8,5,97,44,30,23,13,8,13,19,1645,50,855
1999-408,London,Carpet,32,A,19990222,19,101990,4,,Richard Krajicek,R,196,NED,27.2,103017,,,Nicolas Kiefer,R,183,GER,21.6,6-3 6-4,3,R16,70,13,2,55,33,31,12,10,1,1,5,5,51,28,24,10,9,4,6,9,2386,35,1073
1999-408,London,Carpet,32,A,19990222,20,102344,5,,Karol Kucera,R,188,SVK,24.9,101703,,,Guillaume Raoux,R,180,FRA,29.0,6-2 6-0,3,R16,60,7,2,36,23,20,8,7,0,0,1,6,64,25,15,13,7,8,13,12,2166,72,675
1999-408,London,Carpet,32,A,19990222,21,102358,6,,Thomas Enqvist,R,190,SWE,24.9,102184,,Q,David Prinosil,R,185,GER,25.9,6-4 7-5,3,R16,81,10,1,64,34,30,15,11,1,2,9,6,78,36,26,16,11,3,6,13,2037,62,757
1999-408,London,Carpet,32,A,19990222,22,102257,3,,Greg Rusedski,L,193,GBR,25.4,101434,,,Petr Korda,L,190,CZE,31.0,6-3 7-6(4),3,R16,82,10,8,74,39,32,21,11,5,5,4,2,61,31,26,15,10,1,2,10,2253,75,636
1999-408,London,Carpet,32,A,19990222,23,102271,,,Hicham Arazi,L,175,MAR,25.3,101964,7,,Goran Ivanisevic,L,193,CRO,27.4,3-6 6-3 6-4,3,R16,82,4,4,84,45,35,19,14,9,12,24,10,85,50,38,15,14,1,5,46,893,14,1895
1999-408,London,Carpet,32,A,19990222,24,103103,,,Dominik Hrbaty,R,183,SVK,21.1,102466,,Q,Jan Kroslak,R,188,SVK,24.3,6-2 6-3,3,R16,50,4,3,50,29,22,13,8,1,1,4,2,53,39,22,7,9,0,4,41,989,79,619
1999-408,London,Carpet,32,A,19990222,25,102563,8,,Thomas Johansson,R,180,SWE,23.9,102338,1,,Yevgeny Kafelnikov,R,190,RUS,25.0,6-2 7-6(5),3,QF,82,14,3,63,35,31,16,10,2,2,5,3,63,33,23,16,10,0,2,19,1645,2,3637
1999-408,London,Carpet,32,A,19990222,26,101990,4,,Richard Krajicek,R,196,NED,27.2,102344,5,,Karol Kucera,R,188,SVK,24.9,6-1 6-3,3,QF,53,13,2,45,31,29,5,8,0,0,1,5,50,29,20,7,8,4,8,9,2386,12,2166
1999-408,London,Carpet,32,A,19990222,27,102257,3,,Greg Rusedski,L,193,GBR,25.4,102358,6,,Thomas Enqvist,R,190,SWE,24.9,7-5 4-6 6-3,3,QF,99,20,3,88,55,43,20,16,5,7,17,9,89,47,42,14,15,5,8,10,2253,13,2037
1999-408,London,Carpet,32,A,19990222,28,102271,,,Hicham Arazi,L,175,MAR,25.3,103103,,,Dominik Hrbaty,R,183,SVK,21.1,6-4 6-2,3,QF,62,8,2,50,29,26,11,9,1,1,1,0,60,27,20,14,9,10,13,46,893,41,989
1999-408,London,Carpet,32,A,19990222,29,101990,4,,Richard Krajicek,R,196,NED,27.2,102563,8,,Thomas Johansson,R,180,SWE,23.9,6-2 6-4,3,SF,65,11,2,49,27,23,15,9,3,3,6,1,54,27,19,14,9,1,4,9,2386,19,1645
1999-408,London,Carpet,32,A,19990222,30,102257,3,,Greg Rusedski,L,193,GBR,25.4,102271,,,Hicham Arazi,L,175,MAR,25.3,6-2 6-3,3,SF,55,5,3,45,29,26,11,9,1,1,2,1,57,32,19,13,8,5,8,10,2253,46,893
1999-408,London,Carpet,32,A,19990222,31,101990,4,,Richard Krajicek,R,196,NED,27.2,102257,3,,Greg Rusedski,L,193,GBR,25.4,7-6(6) 6-7(5) 7-5,3,F,126,31,5,113,76,65,17,18,2,3,11,3,116,67,52,30,18,3,5,9,2386,10,2253
1999-481,Copenhagen,Carpet,32,A,19990301,1,101820,1,,Marc Rosset,R,201,SUI,28.3,103084,,,Guillermo Canas,R,185,ARG,21.2,2-6 6-3 6-3,3,R32,120,9,16,101,45,31,23,13,8,13,2,5,76,39,27,14,13,5,11,26,1197,101,520
1999-481,Copenhagen,Carpet,32,A,19990301,2,102110,,,Daniel Nestor,L,190,CAN,26.4,102437,,,Adrian Voinea,R,185,ROU,24.5,6-3 6-2,3,R32,62,4,3,53,31,27,13,9,1,1,1,4,51,24,18,11,8,1,4,92,550,73,663
1999-481,Copenhagen,Carpet,32,A,19990301,3,103206,,,Sebastien Grosjean,R,175,FRA,20.7,101806,,,Marc Kevin Goellner,R,196,GER,28.4,7-6(5) 4-6 6-3,3,R32,109,7,3,96,50,44,23,16,4,5,12,5,103,56,42,29,15,7,8,82,609,173,275
1999-481,Copenhagen,Carpet,32,A,19990301,4,101775,,WC,Frederik Fetterlein,R,190,DEN,28.6,102184,7,,David Prinosil,R,185,GER,25.9,6-1 6-4,3,R32,81,9,5,70,32,29,19,9,10,10,2,1,51,18,13,17,8,4,7,686,20,56,797
1999-481,Copenhagen,Carpet,32,A,19990301,5,102148,4,,Fabrice Santoro,R,178,FRA,26.2,102623,,WC,Thomas Larsen,R,180,DEN,23.6,6-3 6-0,3,R32,50,4,0,38,20,15,12,7,3,4,1,4,50,24,11,7,8,2,8,41,999,175,271
1999-481,Copenhagen,Carpet,32,A,19990301,6,102905,,,Stefan Koubek,L,175,AUT,22.1,103096,,,Arnaud Clement,R,173,FRA,21.2,7-5 6-2,3,R32,69,4,2,69,35,21,21,10,1,3,1,4,59,29,19,10,10,3,8,98,528,87,577
1999-481,Copenhagen,Carpet,32,A,19990301,7,102783,,,Rainer Schuettler,R,180,GER,22.8,102133,,,Laurence Tieleman,R,180,ITA,26.2,4-6 6-4 6-2,3,R32,115,0,4,86,48,34,22,14,6,8,0,7,99,49,32,26,14,8,12,74,653,86,580
1999-481,Copenhagen,Carpet,32,A,19990301,8,101463,,LL,Bernd Karbacher,R,185,GER,30.9,102466,,,Jan Kroslak,R,188,SVK,24.3,6-3 6-4,3,R32,74,9,1,69,50,36,9,10,2,3,6,5,61,41,28,8,9,4,7,121,391,70,682
1999-481,Copenhagen,Carpet,32,A,19990301,9,102106,6,,Davide Sanguinetti,R,188,ITA,26.5,102501,,Q,Johan Landsberg,R,183,SWE,24.1,6-2 6-7(6) 6-1,3,R32,103,3,2,88,44,35,25,14,6,7,0,3,93,60,37,17,13,5,10,48,874,670,22
1999-481,Copenhagen,Carpet,32,A,19990301,10,102286,,,Wayne Black,R,170,ZIM,25.2,102538,,,Tuomas Ketola,R,185,FIN,24.0,5-7 6-3 6-0,3,R32,103,3,2,70,34,24,18,13,1,5,3,3,87,47,27,14,14,9,17,94,549,176,263
1999-481,Copenhagen,Carpet,32,A,19990301,11,102524,,,Neville Godwin,R,173,RSA,24.0,103193,,,Peter Wessels,R,196,NED,20.8,6-2 6-3,3,R32,53,4,0,47,27,21,13,9,1,2,1,1,50,32,18,6,8,5,9,149,314,126,373
1999-481,Copenhagen,Carpet,32,A,19990301,12,101320,3,,Magnus Gustafsson,R,185,SWE,32.1,102202,,,Kenneth Carlsen,L,190,DEN,25.8,7-5 7-5,3,R32,91,4,6,77,45,32,20,12,4,5,9,3,61,35,27,15,12,1,4,32,1100,90,565
1999-481,Copenhagen,Carpet,32,A,19990301,13,101150,8,,Gianluca Pozzi,L,180,ITA,33.7,102025,,,Mikael Tillstrom,R,185,SWE,26.9,4-6 7-5 6-2,3,R32,130,1,3,94,42,31,26,15,3,8,1,4,112,68,40,18,15,11,18,67,700,97,530
1999-481,Copenhagen,Carpet,32,A,19990301,14,103018,,Q,Max Mirnyi,R,196,BLR,21.6,102306,,,Michael Kohlmann,R,188,GER,25.1,7-6(5) 7-6(0),3,R32,99,5,1,78,56,39,14,12,1,3,1,1,85,46,29,23,12,3,5,290,127,115,417
1999-481,Copenhagen,Carpet,32,A,19990301,15,101900,,Q,Nicklas Kulti,R,190,SWE,27.8,103714,,Q,Andreas Vinciguerra,L,180,SWE,18.0,6-1 6-3,3,R32,63,5,1,46,26,19,12,8,0,1,1,7,57,33,21,6,8,9,14,320,106,535,39
1999-481,Copenhagen,Carpet,32,A,19990301,16,101647,2,,Byron Black,R,175,ZIM,29.3,103709,,WC,Kristian Pless,R,188,DEN,18.0,6-2 6-3,3,R32,68,3,2,57,35,24,15,9,7,8,3,3,66,34,19,14,8,4,8,31,1142,867,10
1999-481,Copenhagen,Carpet,32,A,19990301,17,102110,,,Daniel Nestor,L,190,CAN,26.4,101820,1,,Marc Rosset,R,201,SUI,28.3,7-6(6) 6-4,3,R16,79,9,3,74,48,40,14,11,2,2,4,8,67,34,31,16,11,2,3,92,550,26,1197
1999-481,Copenhagen,Carpet,32,A,19990301,18,103206,,,Sebastien Grosjean,R,175,FRA,20.7,101775,,WC,Frederik Fetterlein,R,190,DEN,28.6,6-2 7-5,3,R16,71,1,0,48,25,22,15,10,0,1,4,8,61,35,24,9,10,3,7,82,609,686,20
1999-481,Copenhagen,Carpet,32,A,19990301,19,102148,4,,Fabrice Santoro,R,178,FRA,26.2,102905,,,Stefan Koubek,L,175,AUT,22.1,6-1 6-2,3,R16,63,0,1,45,28,20,9,7,0,1,1,2,55,32,17,5,8,7,13,41,999,98,528
1999-481,Copenhagen,Carpet,32,A,19990301,20,102783,,,Rainer Schuettler,R,180,GER,22.8,101463,,LL,Bernd Karbacher,R,185,GER,30.9,6-3 7-6(4),3,R16,104,6,7,77,34,23,24,11,3,6,3,4,73,36,22,19,10,9,13,74,653,121,391
1999-481,Copenhagen,Carpet,32,A,19990301,21,102286,,,Wayne Black,R,170,ZIM,25.2,102106,6,,Davide Sanguinetti,R,188,ITA,26.5,7-6(1) 6-3,3,R16,81,1,0,58,34,26,15,10,3,4,4,4,79,39,28,17,11,5,8,94,549,48,874
1999-481,Copenhagen,Carpet,32,A,19990301,22,101320,3,,Magnus Gustafsson,R,185,SWE,32.1,102524,,,Neville Godwin,R,173,RSA,24.0,6-3 6-7(5) 7-5,3,R16,128,5,5,87,47,36,23,16,2,6,6,6,107,49,29,28,17,1,8,32,1100,149,314
1999-481,Copenhagen,Carpet,32,A,19990301,23,103018,,Q,Max Mirnyi,R,196,BLR,21.6,101150,8,,Gianluca Pozzi,L,180,ITA,33.7,7-5 4-6 7-6(3),3,R16,140,9,4,108,64,49,23,17,4,7,2,3,124,62,44,34,17,7,10,290,127,67,700
1999-481,Copenhagen,Carpet,32,A,19990301,24,101647,2,,Byron Black,R,175,ZIM,29.3,101900,,Q,Nicklas Kulti,R,190,SWE,27.8,7-6(5) 3-6 6-3,3,R16,147,6,4,131,83,53,23,15,15,19,12,7,110,61,40,24,15,12,16,31,1142,320,106
1999-481,Copenhagen,Carpet,32,A,19990301,25,103206,,,Sebastien Grosjean,R,175,FRA,20.7,102110,,,Daniel Nestor,L,190,CAN,26.4,4-6 7-5 6-4,3,QF,112,9,1,82,50,43,21,16,2,3,11,11,104,51,41,26,16,5,7,82,609,92,550
1999-481,Copenhagen,Carpet,32,A,19990301,26,102148,4,,Fabrice Santoro,R,178,FRA,26.2,102783,,,Rainer Schuettler,R,180,GER,22.8,6-3 2-0 RET,3,QF,44,1,2,28,18,15,6,6,1,1,1,0,40,22,12,9,6,4,7,41,999,74,653
1999-481,Copenhagen,Carpet,32,A,19990301,27,101320,3,,Magnus Gustafsson,R,185,SWE,32.1,102286,,,Wayne Black,R,170,ZIM,25.2,6-4 4-6 6-2,3,QF,125,7,0,72,42,34,17,14,1,4,1,0,105,61,38,20,14,5,10,32,1100,94,549
1999-481,Copenhagen,Carpet,32,A,19990301,28,101647,2,,Byron Black,R,175,ZIM,29.3,103018,,Q,Max Mirnyi,R,196,BLR,21.6,6-7(5) 6-3 6-3,3,QF,119,4,1,89,58,42,21,15,0,1,17,9,107,66,48,16,15,5,9,31,1142,290,127
1999-481,Copenhagen,Carpet,32,A,19990301,29,102148,4,,Fabrice Santoro,R,178,FRA,26.2,103206,,,Sebastien Grosjean,R,175,FRA,20.7,1-6 6-2 6-0,3,SF,87,3,3,76,44,29,19,10,7,9,1,1,69,47,27,8,11,3,8,41,999,82,609
1999-481,Copenhagen,Carpet,32,A,19990301,30,101320,3,,Magnus Gustafsson,R,185,SWE,32.1,101647,2,,Byron Black,R,175,ZIM,29.3,6-3 6-1,3,SF,63,8,2,43,28,24,9,8,2,2,2,1,53,30,17,10,8,4,8,32,1100,31,1142
1999-481,Copenhagen,Carpet,32,A,19990301,31,101320,3,,Magnus Gustafsson,R,185,SWE,32.1,102148,4,,Fabrice Santoro,R,178,FRA,26.2,6-4 6-1,3,F,62,4,1,48,35,26,6,8,2,3,1,2,56,35,17,9,9,5,10,32,1100,41,999
1999-433,Scottsdale,Hard,32,A,19990301,1,101948,1,,Pete Sampras,R,185,USA,27.5,102887,,,Ramon Delgado,R,185,PAR,22.2,7-6(2) 6-2,3,R32,77,11,5,74,41,31,20,10,7,8,9,4,59,28,23,15,10,2,5,1,3449,55,803
1999-433,Scottsdale,Hard,32,A,19990301,2,102998,,,Jan Michael Gambill,R,190,USA,21.7,102644,,,Franco Squillari,L,183,ARG,23.5,3-6 6-3 6-4,3,R32,100,12,0,76,42,37,17,14,2,3,9,9,90,37,26,32,14,8,10,45,971,63,747
1999-433,Scottsdale,Hard,32,A,19990301,3,102950,,,Fernando Vicente,R,180,ESP,21.9,101727,,,Jason Stoltenberg,R,185,AUS,28.9,7-6(3) 7-5,3,R32,87,1,2,80,50,38,15,12,4,6,11,3,69,46,29,14,12,1,4,62,761,27,1194
1999-433,Scottsdale,Hard,32,A,19990301,4,102925,,WC,Justin Gimelstob,R,196,USA,22.0,101404,7,,Thomas Muster,L,180,AUT,31.4,6-4 7-5,3,R32,83,10,3,60,36,29,17,11,2,2,1,3,80,58,35,15,11,6,8,68,692,22,1468
1999-433,Scottsdale,Hard,32,A,19990301,5,101736,3,,Andre Agassi,R,180,USA,28.8,101897,,,Fernando Meligeni,L,180,BRA,27.8,3-6 7-5 6-3,3,R32,93,4,1,95,63,43,16,15,4,7,6,5,77,44,33,17,15,0,4,9,2583,61,765
1999-433,Scottsdale,Hard,32,A,19990301,6,103151,,,Mariano Zabaleta,R,183,ARG,21.0,101792,,,Slava Dosedel,R,183,CZE,28.5,5-7 6-2 6-2,3,R32,98,5,5,91,45,32,26,14,6,9,1,4,75,46,31,11,14,5,11,53,819,57,782
1999-433,Scottsdale,Hard,32,A,19990301,7,102776,,,Andrew Ilie,R,180,AUS,22.8,102162,,WC,Chris Woodruff,R,188,USA,26.1,6-3 2-6 7-6(7),3,R32,126,6,4,104,58,42,24,15,3,6,10,10,97,57,44,20,14,4,6,43,991,554,35
1999-433,Scottsdale,Hard,32,A,19990301,8,101611,6,,Cedric Pioline,R,188,FRA,29.7,103264,,,Mariano Puerta,L,180,ARG,20.4,7-6(6) 6-2,3,R32,86,12,1,63,37,30,14,10,1,2,3,1,70,39,28,12,10,1,4,20,1501,35,1059
1999-433,Scottsdale,Hard,32,A,19990301,9,101185,,,Mark Woodforde,L,188,AUS,33.4,103163,5,,Tommy Haas,R,188,GER,20.9,6-3 5-7 6-2,3,R32,120,12,4,100,54,42,21,15,5,8,3,9,109,54,33,25,14,8,13,66,705,18,1696
1999-433,Scottsdale,Hard,32,A,19990301,10,101532,,,Francisco Clavet,L,183,ESP,30.3,102765,,,Nicolas Escude,R,185,FRA,22.9,6-7(5) 6-1 6-2,3,R32,115,4,2,90,59,43,20,14,0,1,6,4,119,61,42,23,13,9,14,24,1272,102,504
1999-433,Scottsdale,Hard,32,A,19990301,11,102024,,Q,Hernan Gumy,R,188,ARG,26.9,102854,,,Sjeng Schalken,R,193,NED,22.4,3-6 7-5 6-1,3,R32,122,3,5,85,59,39,12,14,4,8,4,7,88,50,34,14,14,5,11,111,442,51,830
1999-433,Scottsdale,Hard,32,A,19990301,12,101964,4,,Goran Ivanisevic,L,193,CRO,27.4,102401,,,Scott Draper,L,178,AUS,24.7,6-3 3-6 6-3,3,R32,94,13,4,84,41,30,27,14,6,8,9,8,93,41,31,23,15,5,10,14,1916,49,870
1999-433,Scottsdale,Hard,32,A,19990301,13,102259,,,Jerome Golmard,L,188,FRA,25.4,102856,8,,Gustavo Kuerten,R,190,BRA,22.4,6-3 3-6 6-3,3,R32,94,9,4,85,46,33,20,14,3,6,11,5,76,33,26,19,13,1,5,36,1050,23,1461
1999-433,Scottsdale,Hard,32,A,19990301,14,102839,,Q,Nicolas Lapentti,R,188,ECU,22.5,102318,,,Andrei Pavel,R,183,ROU,25.0,6-3 4-6 6-1,3,R32,111,1,3,83,46,30,24,13,4,6,1,6,92,67,41,10,13,9,14,44,974,47,892
1999-433,Scottsdale,Hard,32,A,19990301,15,103720,,Q,Lleyton Hewitt,R,180,AUS,18.0,102796,,,Magnus Norman,R,188,SWE,22.7,6-3 7-5,3,R32,73,5,1,55,36,30,12,11,0,1,6,4,53,24,22,12,10,2,5,91,552,58,778
1999-433,Scottsdale,Hard,32,A,19990301,16,102158,2,,Patrick Rafter,R,185,AUS,26.1,101711,,Q,Alex Obrien,R,185,USA,28.9,6-3 6-4,3,R32,79,7,3,59,38,30,11,10,2,3,3,2,66,48,29,6,9,7,10,5,3138,178,261
1999-433,Scottsdale,Hard,32,A,19990301,17,102998,,,Jan Michael Gambill,R,190,USA,21.7,101948,1,,Pete Sampras,R,185,USA,27.5,4-6 6-3 6-4,3,R16,96,7,2,83,37,30,29,15,2,3,12,1,83,52,43,13,14,3,5,45,971,1,3449
1999-433,Scottsdale,Hard,32,A,19990301,18,102925,,WC,Justin Gimelstob,R,196,USA,22.0,102950,,,Fernando Vicente,R,180,ESP,21.9,7-6(5) 6-2,3,R16,81,4,2,60,35,28,16,10,0,1,1,3,63,43,28,12,10,6,9,68,692,62,761
1999-433,Scottsdale,Hard,32,A,19990301,19,101736,3,,Andre Agassi,R,180,USA,28.8,103151,,,Mariano Zabaleta,R,183,ARG,21.0,6-2 6-0,3,R16,50,0,1,46,33,23,8,7,0,0,3,4,41,17,9,7,7,2,7,9,2583,53,819
1999-433,Scottsdale,Hard,32,A,19990301,20,101611,6,,Cedric Pioline,R,188,FRA,29.7,102776,,,Andrew Ilie,R,180,AUS,22.8,6-1 6-2,3,R16,54,5,1,49,29,21,15,8,4,4,5,2,44,31,20,2,7,4,8,20,1501,43,991
1999-433,Scottsdale,Hard,32,A,19990301,21,101185,,,Mark Woodforde,L,188,AUS,33.4,101532,,,Francisco Clavet,L,183,ESP,30.3,6-3 3-6 6-1,3,R16,93,3,3,74,39,32,20,13,3,4,3,1,66,48,31,10,12,2,5,66,705,24,1272
1999-433,Scottsdale,Hard,32,A,19990301,22,101964,4,,Goran Ivanisevic,L,193,CRO,27.4,102024,,Q,Hernan Gumy,R,188,ARG,26.9,6-4 6-4,3,R16,71,7,8,54,22,19,22,10,1,1,4,2,71,45,29,16,10,2,4,14,1916,111,442
1999-433,Scottsdale,Hard,32,A,19990301,23,102259,,,Jerome Golmard,L,188,FRA,25.4,102839,,Q,Nicolas Lapentti,R,188,ECU,22.5,3-5 RET,3,R16,48,1,4,34,14,11,6,4,2,4,0,1,21,9,7,7,5,0,1,36,1050,44,974
1999-433,Scottsdale,Hard,32,A,19990301,24,103720,,Q,Lleyton Hewitt,R,180,AUS,18.0,102158,2,,Patrick Rafter,R,185,AUS,26.1,7-6(5) 6-1,3,R16,95,3,1,70,42,31,17,10,4,5,3,3,62,43,26,9,9,2,5,91,552,5,3138
1999-433,Scottsdale,Hard,32,A,19990301,25,102998,,,Jan Michael Gambill,R,190,USA,21.7,102925,,WC,Justin Gimelstob,R,196,USA,22.0,4-6 6-4 6-1,3,QF,101,5,1,68,36,26,26,14,0,2,9,6,86,49,34,16,13,5,9,45,971,68,692
1999-433,Scottsdale,Hard,32,A,19990301,26,101736,3,,Andre Agassi,R,180,USA,28.8,101611,6,,Cedric Pioline,R,188,FRA,29.7,6-4 6-1,3,QF,58,4,1,46,32,22,11,8,1,2,2,4,56,28,18,8,9,2,7,9,2583,20,1501
1999-433,Scottsdale,Hard,32,A,19990301,27,101185,,,Mark Woodforde,L,188,AUS,33.4,101964,4,,Goran Ivanisevic,L,193,CRO,27.4,7-6(6) 4-6 6-1,3,QF,107,10,0,88,55,41,16,15,2,5,14,9,94,48,36,19,14,1,5,66,705,14,1916
1999-433,Scottsdale,Hard,32,A,19990301,28,103720,,Q,Lleyton Hewitt,R,180,AUS,18.0,102259,,,Jerome Golmard,L,188,FRA,25.4,6-1 3-0 RET,3,QF,35,3,0,22,12,12,8,6,0,0,1,2,30,16,8,2,5,0,4,91,552,36,1050
1999-433,Scottsdale,Hard,32,A,19990301,29,102998,,,Jan Michael Gambill,R,190,USA,21.7,101736,3,,Andre Agassi,R,180,USA,28.8,5-4 RET,3,SF,35,7,1,33,19,16,5,5,2,3,2,0,20,14,12,2,5,0,1,45,971,9,2583
1999-433,Scottsdale,Hard,32,A,19990301,30,103720,,Q,Lleyton Hewitt,R,180,AUS,18.0,101185,,,Mark Woodforde,L,188,AUS,33.4,6-2 6-2,3,SF,69,0,2,49,37,25,7,8,2,3,3,1,55,31,16,9,8,4,9,91,552,66,705
1999-433,Scottsdale,Hard,32,A,19990301,31,102998,,,Jan Michael Gambill,R,190,USA,21.7,103720,,Q,Lleyton Hewitt,R,180,AUS,18.0,7-6(2) 4-6 6-4,3,F,141,11,4,116,62,47,26,16,5,8,2,1,102,58,40,25,16,7,10,45,971,91,552
1999-404,Indian Wells Masters,Hard,56,M,19990308,1,102456,,,Felix Mantilla,R,180,ESP,24.4,103324,,Q,Arnaud Di Pasquale,R,185,FRA,20.0,6-4 6-4,3,R64,81,3,1,65,34,28,18,10,3,3,1,5,64,38,30,11,10,2,4,20,1522,78,632
1999-404,Indian Wells Masters,Hard,56,M,19990308,2,102162,,Q,Chris Woodruff,R,188,USA,26.1,101888,,,Daniel Vacek,R,190,CZE,27.9,7-5 4-6 7-5,3,R64,135,3,5,102,51,38,30,17,5,8,5,4,105,64,46,20,17,5,9,550,36,53,816
1999-404,Indian Wells Masters,Hard,56,M,19990308,3,101235,,Q,Paul Haarhuis,R,188,NED,33.0,102610,15,,Albert Costa,R,180,ESP,23.7,7-5 6-1,3,R64,64,3,3,52,32,27,8,9,3,5,2,1,55,27,16,8,9,3,9,73,670,15,1813
1999-404,Indian Wells Masters,Hard,56,M,19990308,4,102257,10,,Greg Rusedski,L,193,GBR,25.5,101434,,,Petr Korda,L,190,CZE,31.1,6-3 6-4,3,R64,85,11,4,66,37,31,17,10,6,6,0,5,81,46,29,18,9,10,12,10,2427,76,651
1999-404,Indian Wells Masters,Hard,56,M,19990308,5,102401,,,Scott Draper,L,178,AUS,24.7,102434,,,Vincent Spadea,R,183,USA,24.6,7-6(5) 6-4,3,R64,87,2,2,86,35,20,30,11,6,9,8,4,67,38,28,16,11,0,2,48,870,40,1037
1999-404,Indian Wells Masters,Hard,56,M,19990308,6,102271,,,Hicham Arazi,L,175,MAR,25.3,103163,,,Tommy Haas,R,188,GER,20.9,5-5 RET,3,R64,,,,,,,,,,,,,,,,,,,,41,1036,17,1634
1999-404,Indian Wells Masters,Hard,56,M,19990308,7,102882,,,Mark Philippoussis,R,196,AUS,22.3,102539,,,Bohdan Ulihrach,R,188,CZE,24.0,7-6(5) 7-6(4),3,R64,113,19,4,93,49,42,24,12,4,4,4,5,95,53,38,25,12,6,6,16,1700,29,1158
1999-404,Indian Wells Masters,Hard,56,M,19990308,8,102925,,WC,Justin Gimelstob,R,196,USA,22.1,102765,,,Nicolas Escude,R,185,FRA,22.9,2-6 6-1 6-1,3,R64,88,7,3,71,39,28,14,11,1,4,7,5,67,32,21,11,11,6,12,67,730,102,504
1999-404,Indian Wells Masters,Hard,56,M,19990308,9,103498,,,Marat Safin,R,193,RUS,19.1,102358,13,,Thomas Enqvist,R,190,SWE,24.9,6-4 6-4,3,R64,74,12,2,61,34,28,14,10,2,2,3,2,64,36,30,12,10,4,6,30,1148,14,1930
1999-404,Indian Wells Masters,Hard,56,M,19990308,10,101774,11,,Todd Martin,R,198,USA,28.6,101889,,Q,Todd Woodbridge,R,178,AUS,27.9,6-4 3-6 6-2,3,R64,101,2,4,76,48,37,16,13,2,3,4,3,80,38,29,25,14,0,3,11,2201,99,520
1999-404,Indian Wells Masters,Hard,56,M,19990308,11,101532,,,Francisco Clavet,L,183,ESP,30.3,101965,,,Wayne Ferreira,R,185,RSA,27.4,6-3 6-2,3,R64,75,1,2,66,42,29,12,9,5,6,3,4,53,21,14,13,8,4,8,23,1272,24,1247
1999-404,Indian Wells Masters,Hard,56,M,19990308,12,101611,,,Cedric Pioline,R,188,FRA,29.7,103151,,Q,Mariano Zabaleta,R,183,ARG,21.0,6-4 4-6 6-3,3,R64,104,9,4,77,38,33,25,15,2,4,6,3,86,54,39,16,14,3,6,19,1532,52,829
1999-404,Indian Wells Masters,Hard,56,M,19990308,13,103017,,,Nicolas Kiefer,R,183,GER,21.6,103264,,,Mariano Puerta,L,180,ARG,20.4,6-3 6-2,3,R64,78,5,2,50,23,21,16,9,0,1,3,0,68,44,24,10,8,10,14,33,1089,38,1059
1999-404,Indian Wells Masters,Hard,56,M,19990308,14,103720,,WC,Lleyton Hewitt,R,180,AUS,18.0,101185,,WC,Mark Woodforde,L,188,AUS,33.4,4-6 6-2 6-4,3,R64,109,2,2,97,59,34,21,14,8,13,2,3,72,51,29,8,14,2,9,65,740,50,835
1999-404,Indian Wells Masters,Hard,56,M,19990308,15,102344,12,,Karol Kucera,R,188,SVK,25.0,101647,,,Byron Black,R,175,ZIM,29.4,6-4 3-6 6-4,3,R64,114,12,5,102,53,39,19,14,7,12,3,0,83,52,33,14,15,4,10,12,2160,28,1164
1999-404,Indian Wells Masters,Hard,56,M,19990308,16,101964,14,,Goran Ivanisevic,L,193,CRO,27.4,102238,,,Alberto Berasategui,R,173,ESP,25.6,3-6 6-3 6-4,3,R64,93,12,13,88,39,33,24,14,3,5,4,5,94,70,48,12,14,8,11,13,1936,27,1167
1999-404,Indian Wells Masters,Hard,56,M,19990308,17,103598,,WC,Xavier Malisse,R,185,BEL,18.6,102106,,,Davide Sanguinetti,R,188,ITA,26.5,6-1 3-6 6-1,3,R64,86,5,3,72,41,33,16,12,4,6,4,1,90,33,21,27,11,4,9,171,276,47,874
1999-404,Indian Wells Masters,Hard,56,M,19990308,18,101793,,WC,Jim Courier,R,185,USA,28.5,102950,,LL,Fernando Vicente,R,180,ESP,21.9,7-6(5) 6-4,3,R64,86,7,1,71,40,33,20,11,3,3,6,1,61,38,29,15,11,0,1,46,897,59,769
1999-404,Indian Wells Masters,Hard,56,M,19990308,19,102998,,,Jan Michael Gambill,R,190,USA,21.7,102562,,Q,Jiri Novak,R,190,CZE,23.9,6-2 7-6(3),3,R64,71,7,3,66,36,28,16,10,2,4,3,5,68,37,27,10,10,3,7,31,1147,66,739
1999-404,Indian Wells Masters,Hard,56,M,19990308,20,101733,,,Jan Siemerink,L,183,NED,28.8,102021,,,Michael Chang,R,175,USA,27.0,7-5 6-3,3,R64,85,7,4,62,36,28,15,10,7,8,5,1,58,27,17,17,11,3,7,32,1146,39,1040
1999-404,Indian Wells Masters,Hard,56,M,19990308,21,101897,,LL,Fernando Meligeni,L,180,BRA,27.9,102205,,Q,Sebastien Lareau,R,183,CAN,25.8,7-5 6-2,3,R64,62,7,2,56,41,32,7,10,0,1,3,3,56,38,23,9,10,2,6,62,765,108,451
1999-404,Indian Wells Masters,Hard,56,M,19990308,22,102563,16,,Thomas Johansson,R,180,SWE,23.9,101727,,,Jason Stoltenberg,R,185,AUS,28.9,6-2 6-3,3,R64,65,1,2,48,29,22,12,8,1,1,6,2,65,37,19,15,9,8,12,18,1605,37,1067
1999-404,Indian Wells Masters,Hard,56,M,19990308,23,102854,,,Sjeng Schalken,R,193,NED,22.4,102035,,,Jonas Bjorkman,R,183,SWE,26.9,1-6 7-6(4) 7-6(6),3,R64,146,3,1,107,74,50,16,15,7,11,5,7,134,78,51,28,16,9,11,64,743,36,1076
1999-404,Indian Wells Masters,Hard,56,M,19990308,24,102856,,,Gustavo Kuerten,R,190,BRA,22.4,101404,,,Thomas Muster,L,180,AUT,31.4,6-2 6-4,3,R64,60,11,1,47,27,24,13,9,0,0,0,1,55,35,20,10,9,2,5,22,1461,21,1468
1999-404,Indian Wells Masters,Hard,56,M,19990308,25,102456,,,Felix Mantilla,R,180,ESP,24.4,101948,1,,Pete Sampras,R,185,USA,27.5,7-6(6) 3-6 6-3,3,R32,116,4,1,85,43,36,25,15,0,2,17,8,95,49,39,25,15,7,9,20,1522,1,3449
1999-404,Indian Wells Masters,Hard,56,M,19990308,26,102162,,Q,Chris Woodruff,R,188,USA,26.1,101235,,Q,Paul Haarhuis,R,188,NED,33.0,7-6(9) 6-3,3,R32,95,6,4,73,41,28,19,10,7,8,1,1,80,49,29,14,11,7,10,550,36,73,670
1999-404,Indian Wells Masters,Hard,56,M,19990308,27,102257,10,,Greg Rusedski,L,193,GBR,25.5,102401,,,Scott Draper,L,178,AUS,24.7,6-3 6-3,3,R32,,,,,,,,,,,,,,,,,,,,10,2427,48,870
1999-404,Indian Wells Masters,Hard,56,M,19990308,28,102450,7,,Tim Henman,R,185,GBR,24.5,102271,,,Hicham Arazi,L,175,MAR,25.3,6-3 6-3,3,R32,60,9,1,49,32,27,11,9,2,2,1,3,64,40,18,17,9,3,6,7,2764,41,1036
1999-404,Indian Wells Masters,Hard,56,M,19990308,29,102882,,,Mark Philippoussis,R,196,AUS,22.3,102374,3,,Alex Corretja,R,180,ESP,24.9,4-6 7-5 6-2,3,R32,127,13,2,87,46,38,22,15,2,4,6,2,91,50,33,21,15,7,11,16,1700,3,3250
1999-404,Indian Wells Masters,Hard,56,M,19990308,30,103498,,,Marat Safin,R,193,RUS,19.1,102925,,WC,Justin Gimelstob,R,196,USA,22.1,6-2 7-6(4),3,R32,82,9,2,64,30,26,18,10,3,4,1,2,65,36,23,14,10,5,8,30,1148,67,730
1999-404,Indian Wells Masters,Hard,56,M,19990308,31,101774,11,,Todd Martin,R,198,USA,28.6,101532,,,Francisco Clavet,L,183,ESP,30.3,6-2 3-6 7-6(4),3,R32,115,8,6,99,62,46,17,14,5,7,5,3,96,56,39,22,15,4,7,11,2201,23,1272
1999-404,Indian Wells Masters,Hard,56,M,19990308,32,102701,6,,Marcelo Rios,L,175,CHI,23.1,101611,,,Cedric Pioline,R,188,FRA,29.7,7-6(3) 6-1,3,R32,79,2,1,59,35,25,18,10,2,3,8,5,72,44,30,10,9,3,6,6,2880,19,1532
1999-404,Indian Wells Masters,Hard,56,M,19990308,33,103017,,,Nicolas Kiefer,R,183,GER,21.6,102158,5,,Patrick Rafter,R,185,AUS,26.1,7-6(2) 3-6 7-5,3,R32,169,8,5,110,53,39,31,16,8,12,9,9,122,74,51,22,17,10,14,33,1089,5,3134
1999-404,Indian Wells Masters,Hard,56,M,19990308,34,102344,12,,Karol Kucera,R,188,SVK,25.0,103720,,WC,Lleyton Hewitt,R,180,AUS,18.0,7-5 6-3,3,R32,83,4,3,65,34,23,20,11,6,8,1,1,61,40,20,12,10,0,4,12,2160,65,740
1999-404,Indian Wells Masters,Hard,56,M,19990308,35,103598,,WC,Xavier Malisse,R,185,BEL,18.6,101964,14,,Goran Ivanisevic,L,193,CRO,27.4,7-6(9) 6-3,3,R32,71,7,4,65,33,28,21,10,1,1,11,10,80,48,37,15,11,4,6,171,276,13,1936
1999-404,Indian Wells Masters,Hard,56,M,19990308,36,102845,4,,Carlos Moya,R,190,ESP,22.5,101793,,WC,Jim Courier,R,185,USA,28.5,7-6(6) 6-4,3,R32,102,6,3,84,43,37,19,11,7,8,2,3,71,45,34,14,11,2,4,4,3234,46,897
1999-404,Indian Wells Masters,Hard,56,M,19990308,37,101990,8,,Richard Krajicek,R,196,NED,27.2,102998,,,Jan Michael Gambill,R,190,USA,21.7,6-7(3) 7-5 7-5,3,R32,125,26,7,103,65,58,20,18,2,2,11,5,102,66,55,19,18,4,6,8,2619,31,1147
1999-404,Indian Wells Masters,Hard,56,M,19990308,38,101733,,,Jan Siemerink,L,183,NED,28.8,101897,,LL,Fernando Meligeni,L,180,BRA,27.9,6-4 2-6 6-4,3,R32,100,3,6,76,38,30,23,14,3,5,4,4,92,62,45,18,14,6,8,32,1146,62,765
1999-404,Indian Wells Masters,Hard,56,M,19990308,39,102854,,,Sjeng Schalken,R,193,NED,22.4,102563,16,,Thomas Johansson,R,180,SWE,23.9,6-3 6-3,3,R32,63,6,3,56,39,32,7,9,2,2,4,2,51,28,18,14,9,3,6,64,743,18,1605
1999-404,Indian Wells Masters,Hard,56,M,19990308,40,102856,,,Gustavo Kuerten,R,190,BRA,22.4,102338,2,,Yevgeny Kafelnikov,R,190,RUS,25.0,0-6 7-6(4) 6-3,3,R32,110,11,2,99,50,33,21,14,8,14,9,4,82,51,35,14,13,6,10,22,1461,2,3382
1999-404,Indian Wells Masters,Hard,56,M,19990308,41,102162,,Q,Chris Woodruff,R,188,USA,26.1,102456,,,Felix Mantilla,R,180,ESP,24.4,7-5 7-5,3,R16,98,6,5,66,37,28,16,12,0,2,1,2,76,54,34,9,12,2,6,550,36,20,1522
1999-404,Indian Wells Masters,Hard,56,M,19990308,42,102450,7,,Tim Henman,R,185,GBR,24.5,102257,10,,Greg Rusedski,L,193,GBR,25.5,6-4 2-6 6-4,3,R16,115,7,3,87,44,32,18,14,9,13,4,7,98,58,40,17,14,8,12,7,2764,10,2427
1999-404,Indian Wells Masters,Hard,56,M,19990308,43,102882,,,Mark Philippoussis,R,196,AUS,22.3,103498,,,Marat Safin,R,193,RUS,19.1,6-4 6-3,3,R16,63,4,3,54,37,28,10,10,0,1,9,1,52,28,20,12,9,6,9,16,1700,30,1148
1999-404,Indian Wells Masters,Hard,56,M,19990308,44,101774,11,,Todd Martin,R,198,USA,28.6,102701,6,,Marcelo Rios,L,175,CHI,23.1,4-6 6-2 6-2,3,R16,89,8,2,78,51,41,11,13,2,4,4,3,82,48,28,18,13,5,10,11,2201,6,2880
1999-404,Indian Wells Masters,Hard,56,M,19990308,45,102344,12,,Karol Kucera,R,188,SVK,25.0,103017,,,Nicolas Kiefer,R,183,GER,21.6,6-4 3-6 6-4,3,R16,139,5,9,84,43,29,18,14,2,6,2,9,105,44,28,30,15,9,14,12,2160,33,1089
1999-404,Indian Wells Masters,Hard,56,M,19990308,46,102845,4,,Carlos Moya,R,190,ESP,22.5,103598,,WC,Xavier Malisse,R,185,BEL,18.6,6-4 6-3,3,R16,67,2,2,53,29,19,17,9,2,3,7,1,60,35,26,10,10,8,12,4,3234,171,276
1999-404,Indian Wells Masters,Hard,56,M,19990308,47,101990,8,,Richard Krajicek,R,196,NED,27.2,101733,,,Jan Siemerink,L,183,NED,28.8,6-4 6-4,3,R16,72,9,1,57,36,30,13,10,1,1,6,3,59,37,29,9,10,2,4,8,2619,32,1146
1999-404,Indian Wells Masters,Hard,56,M,19990308,48,102856,,,Gustavo Kuerten,R,190,BRA,22.4,102854,,,Sjeng Schalken,R,193,NED,22.4,6-2 6-3,3,R16,47,11,1,38,19,19,13,8,0,0,4,1,49,29,18,9,9,1,5,22,1461,64,743
1999-404,Indian Wells Masters,Hard,56,M,19990308,49,102162,,Q,Chris Woodruff,R,188,USA,26.1,102450,7,,Tim Henman,R,185,GBR,24.5,6-1 1-6 7-5,3,QF,131,4,6,100,59,41,19,13,3,6,4,9,102,56,42,15,13,10,14,550,36,7,2764
1999-404,Indian Wells Masters,Hard,56,M,19990308,50,102882,,,Mark Philippoussis,R,196,AUS,22.3,101774,11,,Todd Martin,R,198,USA,28.6,3-6 7-5 6-1,3,QF,98,12,2,84,49,36,22,14,5,7,11,2,86,62,43,11,14,3,7,16,1700,11,2201
1999-404,Indian Wells Masters,Hard,56,M,19990308,51,102845,4,,Carlos Moya,R,190,ESP,22.5,102344,12,,Karol Kucera,R,188,SVK,25.0,6-4 6-4,3,QF,72,2,1,55,27,24,13,10,1,3,7,6,63,35,22,14,10,6,10,4,3234,12,2160
1999-404,Indian Wells Masters,Hard,56,M,19990308,52,102856,,,Gustavo Kuerten,R,190,BRA,22.4,101990,8,,Richard Krajicek,R,196,NED,27.2,6-4 6-4,3,QF,71,6,2,53,28,25,16,10,0,0,9,3,57,28,23,14,10,5,7,22,1461,8,2619
1999-404,Indian Wells Masters,Hard,56,M,19990308,53,102882,,,Mark Philippoussis,R,196,AUS,22.3,102162,,Q,Chris Woodruff,R,188,USA,26.1,6-1 6-2,3,SF,54,13,2,41,28,26,6,8,0,0,2,4,49,30,17,6,7,7,11,16,1700,550,36
1999-404,Indian Wells Masters,Hard,56,M,19990308,54,102845,4,,Carlos Moya,R,190,ESP,22.5,102856,,,Gustavo Kuerten,R,190,BRA,22.4,6-3 1-6 6-1,3,SF,87,2,0,68,40,31,15,12,0,2,9,1,72,40,32,10,11,5,8,4,3234,22,1461
1999-404,Indian Wells Masters,Hard,56,M,19990308,55,102882,,,Mark Philippoussis,R,196,AUS,22.3,102845,4,,Carlos Moya,R,190,ESP,22.5,5-7 6-4 6-4 4-6 6-2,5,F,178,23,10,147,93,72,28,25,7,10,6,6,155,101,68,32,25,7,12,16,1700,4,3234
1999-403,Miami Masters,Hard,96,M,19990315,1,102106,,,Davide Sanguinetti,R,188,ITA,26.5,101703,,,Guillaume Raoux,R,180,FRA,29.0,6-2 6-2,3,R128,60,3,1,49,23,18,14,8,1,2,1,7,56,31,17,8,8,4,9,46,874,71,679
1999-403,Miami Masters,Hard,96,M,19990315,2,102286,,,Wayne Black,R,170,ZIM,25.3,102184,,,David Prinosil,R,185,GER,26.0,1-6 7-6(7) 6-4,3,R128,140,4,3,107,71,42,19,14,9,14,4,3,122,61,44,26,15,12,16,96,524,73,675
1999-403,Miami Masters,Hard,96,M,19990315,3,102466,,,Jan Kroslak,R,188,SVK,24.4,101086,,Q,Ronald Agenor,R,180,USA,34.3,6-4 6-4,3,R128,73,3,8,48,23,20,14,10,1,3,1,0,76,50,30,11,10,10,14,70,682,227,196
1999-403,Miami Masters,Hard,96,M,19990315,4,103206,,,Sebastien Grosjean,R,175,FRA,20.7,102133,,,Laurence Tieleman,R,180,ITA,26.3,6-1 7-5,3,R128,81,0,0,68,49,34,11,9,4,4,3,4,64,33,25,12,10,7,11,74,657,85,580
1999-403,Miami Masters,Hard,96,M,19990315,5,103103,,,Dominik Hrbaty,R,183,SVK,21.1,101962,,,Younes El Aynaoui,R,193,MAR,27.5,6-7(5) 6-3 6-0,3,R128,115,6,3,88,59,45,15,13,5,6,9,5,97,47,31,21,14,6,12,40,1016,42,998
1999-403,Miami Masters,Hard,96,M,19990315,6,102548,,,Juan Antonio Marin,R,175,CRC,24.0,102021,,,Michael Chang,R,175,USA,27.0,7-6(3) 7-6(7),3,R128,113,0,4,100,57,36,23,12,4,8,2,2,83,51,32,16,12,5,9,81,612,39,1040
1999-403,Miami Masters,Hard,96,M,19990315,7,102765,,Q,Nicolas Escude,R,185,FRA,22.9,101816,,Q,Steve Campbell,R,183,USA,28.3,7-5 4-6 6-3,3,R128,110,7,7,94,55,38,21,16,1,5,6,4,81,47,33,15,15,3,8,99,504,137,345
1999-403,Miami Masters,Hard,96,M,19990315,8,102401,,,Scott Draper,L,178,AUS,24.7,103264,,,Mariano Puerta,L,180,ARG,20.4,6-3 2-6 6-2,3,R128,93,8,5,70,28,22,24,13,0,3,5,3,77,50,28,16,12,4,8,47,861,37,1059
1999-403,Miami Masters,Hard,96,M,19990315,9,102434,,,Vincent Spadea,R,183,USA,24.6,102644,,,Franco Squillari,L,183,ARG,23.5,6-3 6-2,3,R128,66,2,1,52,23,19,14,9,2,4,2,5,51,30,16,7,8,0,5,41,1001,63,747
1999-403,Miami Masters,Hard,96,M,19990315,10,102998,,,Jan Michael Gambill,R,190,USA,21.7,103598,,Q,Xavier Malisse,R,185,BEL,18.6,7-5 6-2,3,R128,67,3,0,55,25,17,22,10,5,7,5,6,67,38,24,9,10,5,10,44,953,133,352
1999-403,Miami Masters,Hard,96,M,19990315,11,102104,,,Christian Ruud,R,188,NOR,26.5,101434,,,Petr Korda,L,190,CZE,31.1,6-2 7-6(6),3,R128,84,0,5,74,50,36,11,10,6,8,3,7,70,33,22,16,10,6,10,59,767,88,557
1999-403,Miami Masters,Hard,96,M,19990315,12,102202,,,Kenneth Carlsen,L,190,DEN,25.9,103819,,WC,Roger Federer,R,185,SUI,17.5,7-5 7-6(4),3,R128,102,6,1,76,45,34,18,12,5,7,6,6,104,54,39,22,12,11,14,106,461,125,366
1999-403,Miami Masters,Hard,96,M,19990315,13,102437,,,Adrian Voinea,R,185,ROU,24.6,102410,,Q,David Caldwell,R,180,USA,24.7,6-0 6-3,3,R128,60,5,2,41,17,14,13,7,2,3,0,2,54,37,19,2,8,3,9,77,633,189,248
1999-403,Miami Masters,Hard,96,M,19990315,14,102521,,,Hendrik Dreekmann,R,188,GER,24.1,101191,,Q,Richey Reneberg,R,180,USA,33.4,6-3 7-5,3,R128,78,7,4,55,28,20,13,10,1,4,3,5,66,38,21,11,11,2,8,102,494,229,190
1999-403,Miami Masters,Hard,96,M,19990315,15,103096,,Q,Arnaud Clement,R,173,FRA,21.2,102770,,Q,John Van Lottum,R,185,NED,22.9,6-7(4) 6-4 6-4,3,R128,150,5,4,115,70,48,25,16,4,6,2,2,107,41,34,33,16,6,10,87,577,79,618
1999-403,Miami Masters,Hard,96,M,19990315,16,102776,,,Andrew Ilie,R,180,AUS,22.9,102869,,,Galo Blanco,R,173,ESP,22.4,6-3 6-4,3,R128,62,9,1,59,26,24,19,10,6,6,2,6,49,21,15,15,9,1,3,43,993,80,612
1999-403,Miami Masters,Hard,96,M,19990315,17,102821,,WC,Cecil Mamiit,R,173,PHI,22.7,102834,,WC,Paul Goldstein,R,178,USA,22.6,4-6 6-2 7-5,3,R128,122,4,5,86,41,31,22,15,0,4,1,4,93,60,36,15,15,9,15,86,577,114,416
1999-403,Miami Masters,Hard,96,M,19990315,18,102796,,,Magnus Norman,R,188,SWE,22.7,102271,,,Hicham Arazi,L,175,MAR,25.4,6-1 6-1,3,R128,49,7,0,41,28,23,7,7,1,1,6,4,45,23,13,6,7,3,8,64,744,38,1057
1999-403,Miami Masters,Hard,96,M,19990315,19,102318,,,Andrei Pavel,R,183,ROU,25.1,102162,,WC,Chris Woodruff,R,188,USA,26.1,6-3 6-3,3,R128,62,2,2,56,30,20,13,9,1,3,2,4,52,30,20,7,9,2,7,48,850,166,289
1999-403,Miami Masters,Hard,96,M,19990315,20,101235,,,Paul Haarhuis,R,188,NED,33.0,101543,,,Jeff Tarango,L,180,USA,30.3,6-4 7-5,3,R128,93,13,1,56,40,36,8,11,1,2,2,5,98,58,34,21,11,13,16,67,727,75,655
1999-403,Miami Masters,Hard,96,M,19990315,21,103184,,WC,Bob Bryan,L,193,USA,20.8,102227,,,Sargis Sargsian,R,180,ARM,25.7,6-1 6-1,3,R128,56,4,1,40,19,16,13,7,0,0,1,1,44,28,16,3,7,4,9,209,218,89,552
1999-403,Miami Masters,Hard,96,M,19990315,22,101888,,,Daniel Vacek,R,190,CZE,27.9,103151,,,Mariano Zabaleta,R,183,ARG,21.0,6-4 6-4,3,R128,82,1,2,66,40,28,16,10,4,5,2,3,65,33,24,12,10,5,8,53,816,51,831
1999-403,Miami Masters,Hard,96,M,19990315,23,102887,,,Ramon Delgado,R,185,PAR,22.3,102783,,,Rainer Schuettler,R,180,GER,22.8,7-5(5) 6-1,3,R128,81,5,6,65,39,29,9,9,6,9,2,5,72,25,15,19,10,6,12,55,783,72,676
1999-403,Miami Masters,Hard,96,M,19990315,24,210013,,,Martin Damm Sr,R,188,CZE,26.6,101889,,Q,Todd Woodbridge,R,178,AUS,27.9,7-6(3) 6-4,3,R128,112,8,5,83,45,30,15,11,6,11,3,8,81,38,23,17,11,6,12,,,91,545
1999-403,Miami Masters,Hard,96,M,19990315,25,102854,,,Sjeng Schalken,R,193,NED,22.5,102562,,,Jiri Novak,R,190,CZE,23.9,6-2 6-1,3,R128,52,2,0,38,27,20,8,7,0,0,1,2,51,32,12,10,8,5,10,54,805,65,741
1999-403,Miami Masters,Hard,96,M,19990315,26,101711,,Q,Alex Obrien,R,185,USA,29.0,102205,,Q,Sebastien Lareau,R,183,CAN,25.8,7-5 7-6(7),3,R128,109,4,1,80,52,36,14,12,3,6,3,6,92,57,37,15,12,11,15,181,257,105,466
1999-403,Miami Masters,Hard,96,M,19990315,27,101414,,,Boris Becker,R,190,GER,31.3,101150,,,Gianluca Pozzi,L,180,ITA,33.7,6-4 1-6 6-4,3,R128,116,5,1,77,42,31,20,14,3,6,9,1,90,37,30,27,13,7,9,78,622,69,684
1999-403,Miami Masters,Hard,96,M,19990315,28,103720,,WC,Lleyton Hewitt,R,180,AUS,18.0,101185,,,Mark Woodforde,L,188,AUS,33.4,6-2 6-1,3,R128,50,0,1,37,23,19,6,7,1,2,1,4,42,16,10,6,8,2,8,57,771,49,835
1999-403,Miami Masters,Hard,96,M,19990315,29,101792,,,Slava Dosedel,R,183,CZE,28.5,103324,,,Arnaud Di Pasquale,R,185,FRA,20.0,6-2 6-2,3,R128,52,1,3,51,29,23,9,8,1,2,0,2,46,31,15,5,8,1,6,61,760,76,636
1999-403,Miami Masters,Hard,96,M,19990315,30,102839,,,Nicolas Lapentti,R,188,ECU,22.5,102025,,,Mikael Tillstrom,R,185,SWE,27.0,6-0 6-2,3,R128,51,3,5,41,28,26,5,7,2,2,1,4,46,26,13,6,7,5,10,45,940,100,502
1999-403,Miami Masters,Hard,96,M,19990315,31,102446,,,Andrei Medvedev,R,193,UKR,24.5,102925,,,Justin Gimelstob,R,196,USA,22.1,6-1 6-0,3,R128,46,5,3,33,20,16,9,6,1,1,3,5,41,19,9,6,7,4,10,103,493,66,731
1999-403,Miami Masters,Hard,96,M,19990315,32,101793,,,Jim Courier,R,185,USA,28.5,102107,,Q,Jan Frode Andersen,L,190,NOR,26.5,7-6(6) 6-2,3,R128,108,9,2,68,43,33,14,10,3,4,0,2,82,38,24,24,10,11,14,52,826,139,337
1999-403,Miami Masters,Hard,96,M,19990315,33,102845,1,,Carlos Moya,R,190,ESP,22.5,102106,,,Davide Sanguinetti,R,188,ITA,26.5,6-3 4-6 6-1,3,R64,102,3,6,87,31,17,32,13,5,9,3,2,81,38,22,19,13,5,12,1,3484,46,874
1999-403,Miami Masters,Hard,96,M,19990315,34,101727,32,,Jason Stoltenberg,R,185,AUS,28.9,102286,,,Wayne Black,R,170,ZIM,25.3,6-4 1-6 7-6(2),3,R64,129,4,5,109,60,38,23,14,10,16,3,4,105,60,41,20,15,6,11,36,1067,96,524
1999-403,Miami Masters,Hard,96,M,19990315,35,102466,,,Jan Kroslak,R,188,SVK,24.4,102563,17,,Thomas Johansson,R,180,SWE,23.9,7-6(6) 2-6 6-3,3,R64,138,7,11,121,71,49,22,15,10,14,10,8,103,48,32,29,14,9,12,70,682,18,1614
1999-403,Miami Masters,Hard,96,M,19990315,36,103206,,,Sebastien Grosjean,R,175,FRA,20.7,102856,16,,Gustavo Kuerten,R,190,BRA,22.5,6-3 7-6(4),3,R64,81,3,1,73,37,24,26,11,2,3,9,2,62,31,26,15,10,1,3,74,657,17,1697
1999-403,Miami Masters,Hard,96,M,19990315,37,103103,,,Dominik Hrbaty,R,183,SVK,21.1,101736,9,,Andre Agassi,R,180,USA,28.8,1-6 6-3 6-2,3,R64,90,6,2,75,42,28,17,12,6,10,3,9,87,47,32,14,12,8,13,40,1016,9,2376
1999-403,Miami Masters,Hard,96,M,19990315,38,102548,,,Juan Antonio Marin,R,175,CRC,24.0,102238,24,,Alberto Berasategui,R,173,ESP,25.7,2-1 RET,3,R64,20,0,0,16,9,6,4,2,1,1,0,0,7,6,4,0,2,0,0,81,612,27,1167
1999-403,Miami Masters,Hard,96,M,19990315,39,101647,25,,Byron Black,R,175,ZIM,29.4,102765,,Q,Nicolas Escude,R,185,FRA,22.9,6-4 6-3,3,R64,62,3,2,49,20,15,19,10,1,3,1,5,55,30,21,8,9,3,7,28,1164,99,504
1999-403,Miami Masters,Hard,96,M,19990315,40,102701,8,,Marcelo Rios,L,175,CHI,23.2,102401,,,Scott Draper,L,178,AUS,24.7,7-6(6) 6-3,3,R64,84,2,4,80,47,31,14,11,5,9,6,3,60,26,14,17,10,2,7,8,2434,47,861
1999-403,Miami Masters,Hard,96,M,19990315,41,102434,,,Vincent Spadea,R,183,USA,24.6,102338,3,,Yevgeny Kafelnikov,R,190,RUS,25.0,6-7(6) 7-6(4) 6-2,3,R64,134,10,3,100,54,40,23,16,6,10,3,5,110,58,31,29,16,4,10,41,1001,3,3382
1999-403,Miami Masters,Hard,96,M,19990315,42,102148,29,,Fabrice Santoro,R,178,FRA,26.2,102998,,,Jan Michael Gambill,R,190,USA,21.7,7-5 6-2,3,R64,83,4,1,55,30,25,14,10,0,1,4,4,80,47,28,14,10,7,11,33,1088,44,953
1999-403,Miami Masters,Hard,96,M,19990315,43,101532,20,,Francisco Clavet,L,183,ESP,30.3,102104,,,Christian Ruud,R,188,NOR,26.5,7-5 1-0 RET,3,R64,63,1,2,41,26,15,9,7,5,7,1,1,46,27,13,9,7,2,6,22,1278,59,767
1999-403,Miami Masters,Hard,96,M,19990315,44,102202,,,Kenneth Carlsen,L,190,DEN,25.9,101964,13,,Goran Ivanisevic,L,193,CRO,27.5,6-2 3-6 6-4,3,R64,82,10,5,79,53,44,12,13,3,4,19,7,86,51,38,17,14,3,6,106,461,14,1946
1999-403,Miami Masters,Hard,96,M,19990315,45,102257,12,,Greg Rusedski,L,193,GBR,25.5,102437,,,Adrian Voinea,R,185,ROU,24.6,6-4 6-4,3,R64,68,11,5,58,38,29,10,10,2,4,5,2,62,31,20,15,10,4,8,13,2145,77,633
1999-403,Miami Masters,Hard,96,M,19990315,46,102521,,,Hendrik Dreekmann,R,188,GER,24.1,101965,21,,Wayne Ferreira,R,185,RSA,27.4,6-4 6-4,3,R64,76,5,1,59,31,25,17,10,3,4,1,4,64,31,23,15,10,2,5,102,494,23,1234
1999-403,Miami Masters,Hard,96,M,19990315,47,103017,27,,Nicolas Kiefer,R,183,GER,21.6,103096,,Q,Arnaud Clement,R,173,FRA,21.2,6-1 6-2,3,R64,56,5,3,35,21,19,9,7,0,0,1,5,51,25,12,11,8,1,6,30,1122,87,577
1999-403,Miami Masters,Hard,96,M,19990315,48,102158,5,,Patrick Rafter,R,185,AUS,26.2,102776,,,Andrew Ilie,R,180,AUS,22.9,6-3 7-5,3,R64,84,1,6,66,46,34,6,11,5,8,2,1,73,43,21,14,10,5,10,5,3115,43,993
1999-403,Miami Masters,Hard,96,M,19990315,49,102450,6,,Tim Henman,R,185,GBR,24.5,102821,,WC,Cecil Mamiit,R,173,PHI,22.7,3-6 6-3 6-2,3,R64,118,8,7,84,43,34,17,13,8,11,5,5,92,46,33,18,13,10,15,6,2826,86,577
1999-403,Miami Masters,Hard,96,M,19990315,50,102259,28,,Jerome Golmard,L,188,FRA,25.5,102796,,,Magnus Norman,R,188,SWE,22.7,6-4 6-3,3,R64,72,5,2,45,28,27,13,10,0,0,5,1,58,32,23,13,9,2,4,32,1089,64,744
1999-403,Miami Masters,Hard,96,M,19990315,51,102318,,,Andrei Pavel,R,183,ROU,25.1,101820,22,,Marc Rosset,R,201,SUI,28.3,6-4 4-6 7-6(6),3,R64,126,1,1,104,76,61,10,16,9,12,10,9,105,50,41,26,16,7,10,48,850,25,1212
1999-403,Miami Masters,Hard,96,M,19990315,52,102344,11,,Karol Kucera,R,188,SVK,25.0,101235,,,Paul Haarhuis,R,188,NED,33.0,6-0 6-2,3,R64,54,3,1,42,24,21,9,7,0,0,3,3,47,26,14,7,7,3,8,12,2238,67,727
1999-403,Miami Masters,Hard,96,M,19990315,53,102358,14,,Thomas Enqvist,R,190,SWE,25.0,103184,,WC,Bob Bryan,L,193,USA,20.8,6-4 6-4,3,R64,72,9,8,57,31,27,10,10,1,3,5,1,67,37,25,11,10,4,8,15,1818,209,218
1999-403,Miami Masters,Hard,96,M,19990315,54,102456,19,,Felix Mantilla,R,180,ESP,24.4,101888,,,Daniel Vacek,R,190,CZE,27.9,6-2 6-0,3,R64,50,4,1,38,23,19,10,7,2,2,1,5,39,18,5,12,7,2,7,20,1589,53,816
1999-403,Miami Masters,Hard,96,M,19990315,55,102887,,,Ramon Delgado,R,185,PAR,22.3,102539,30,,Bohdan Ulihrach,R,188,CZE,24.0,2-6 6-1 6-2,3,R64,86,10,2,64,33,25,17,12,1,4,1,7,74,36,26,10,11,5,10,55,783,34,1087
1999-403,Miami Masters,Hard,96,M,19990315,56,102374,4,,Alex Corretja,R,180,ESP,24.9,210013,,,Martin Damm Sr,R,188,CZE,26.6,6-2 6-2,3,R64,67,8,1,50,31,25,10,8,3,3,1,1,52,25,16,10,8,4,8,4,3250,,
1999-403,Miami Masters,Hard,96,M,19990315,57,101990,7,,Richard Krajicek,R,196,NED,27.2,102854,,,Sjeng Schalken,R,193,NED,22.5,6-1 4-6 6-1,3,R64,97,15,9,79,37,33,20,12,4,5,2,4,76,47,25,13,12,7,12,7,2677,54,805
1999-403,Miami Masters,Hard,96,M,19990315,58,101733,26,,Jan Siemerink,L,183,NED,28.9,101711,,Q,Alex Obrien,R,185,USA,29.0,7-5 7-5,3,R64,96,8,5,60,28,21,19,12,2,5,0,2,82,56,36,8,12,9,14,29,1132,181,257
1999-403,Miami Masters,Hard,96,M,19990315,59,103498,23,,Marat Safin,R,193,RUS,19.1,101414,,,Boris Becker,R,190,GER,31.3,7-5 6-0,3,R64,62,6,1,45,23,20,13,9,1,2,5,5,57,33,24,5,9,3,8,26,1204,78,622
1999-403,Miami Masters,Hard,96,M,19990315,60,102882,10,,Mark Philippoussis,R,196,AUS,22.3,103720,,WC,Lleyton Hewitt,R,180,AUS,18.0,6-3 6-4,3,R64,68,13,6,61,30,25,17,10,3,4,0,1,56,36,24,8,9,3,6,11,2264,57,771
1999-403,Miami Masters,Hard,96,M,19990315,61,102610,15,,Albert Costa,R,180,ESP,23.7,101792,,,Slava Dosedel,R,183,CZE,28.5,2-6 6-3 6-4,3,R64,92,6,1,87,69,42,12,14,5,8,6,0,80,50,31,18,13,4,7,16,1809,61,760
1999-403,Miami Masters,Hard,96,M,19990315,62,102839,,,Nicolas Lapentti,R,188,ECU,22.5,103163,18,,Tommy Haas,R,188,GER,20.9,5-7 7-6(3) 6-2,3,R64,135,11,6,108,69,51,18,16,6,9,7,1,109,60,40,24,16,9,13,45,940,19,1600
1999-403,Miami Masters,Hard,96,M,19990315,63,102035,31,,Jonas Bjorkman,R,183,SWE,26.9,102446,,,Andrei Medvedev,R,193,UKR,24.5,1-6 6-1 6-2,3,R64,86,2,4,72,44,28,13,11,3,6,1,4,71,33,19,18,11,5,10,35,1076,103,493
1999-403,Miami Masters,Hard,96,M,19990315,64,101948,2,,Pete Sampras,R,185,USA,27.5,101793,,,Jim Courier,R,185,USA,28.5,6-3 7-6(3),3,R64,82,10,7,71,40,33,19,11,2,2,4,1,55,33,27,12,10,0,1,2,3447,52,826
1999-403,Miami Masters,Hard,96,M,19990315,65,102845,1,,Carlos Moya,R,190,ESP,22.5,101727,32,,Jason Stoltenberg,R,185,AUS,28.9,6-7(5) 6-1 7-5,3,R32,144,4,3,104,61,42,26,16,7,10,3,3,133,74,42,32,15,12,18,1,3484,36,1067
1999-403,Miami Masters,Hard,96,M,19990315,66,103206,,,Sebastien Grosjean,R,175,FRA,20.7,102466,,,Jan Kroslak,R,188,SVK,24.4,6-2 6-4,3,R32,58,1,0,46,21,17,20,9,0,0,2,4,48,27,18,10,9,1,4,74,657,70,682
1999-403,Miami Masters,Hard,96,M,19990315,67,103103,,,Dominik Hrbaty,R,183,SVK,21.1,102548,,,Juan Antonio Marin,R,175,CRC,24.0,6-2 6-4,3,R32,54,4,5,53,30,26,13,9,0,0,1,4,48,24,17,11,9,2,5,40,1016,81,612
1999-403,Miami Masters,Hard,96,M,19990315,68,102701,8,,Marcelo Rios,L,175,CHI,23.2,101647,25,,Byron Black,R,175,ZIM,29.4,6-3 6-4,3,R32,75,3,2,74,44,32,15,10,4,5,4,4,64,37,29,8,9,6,9,8,2434,28,1164
1999-403,Miami Masters,Hard,96,M,19990315,69,102434,,,Vincent Spadea,R,183,USA,24.6,102148,29,,Fabrice Santoro,R,178,FRA,26.2,6-3 6-2,3,R32,72,2,2,67,40,27,14,9,6,8,0,2,55,23,13,10,8,3,8,41,1001,33,1088
1999-403,Miami Masters,Hard,96,M,19990315,70,101532,20,,Francisco Clavet,L,183,ESP,30.3,102202,,,Kenneth Carlsen,L,190,DEN,25.9,6-2 6-4,3,R32,64,1,1,45,29,25,11,9,0,0,11,3,46,26,20,8,9,1,4,22,1278,106,461
1999-403,Miami Masters,Hard,96,M,19990315,71,102257,12,,Greg Rusedski,L,193,GBR,25.5,102521,,,Hendrik Dreekmann,R,188,GER,24.1,6-3 6-4,3,R32,62,9,1,51,32,28,13,10,1,1,1,0,57,42,26,9,9,2,4,13,2145,102,494
1999-403,Miami Masters,Hard,96,M,19990315,72,103017,27,,Nicolas Kiefer,R,183,GER,21.6,102158,5,,Patrick Rafter,R,185,AUS,26.2,7-6(5) 6-4,3,R32,105,8,1,70,35,28,19,11,4,6,2,1,79,50,33,14,11,4,7,30,1122,5,3115
1999-403,Miami Masters,Hard,96,M,19990315,73,102259,28,,Jerome Golmard,L,188,FRA,25.5,102450,6,,Tim Henman,R,185,GBR,24.5,6-4 7-6(7),3,R32,118,4,4,84,41,28,25,11,6,8,6,4,77,39,29,16,11,4,7,32,1089,6,2826
1999-403,Miami Masters,Hard,96,M,19990315,74,102344,11,,Karol Kucera,R,188,SVK,25.0,102318,,,Andrei Pavel,R,183,ROU,25.1,6-3 7-5,3,R32,88,3,6,58,33,28,12,11,2,4,2,4,81,59,34,11,10,8,12,12,2238,48,850
1999-403,Miami Masters,Hard,96,M,19990315,75,102358,14,,Thomas Enqvist,R,190,SWE,25.0,102456,19,,Felix Mantilla,R,180,ESP,24.4,4-6 6-3 7-6(3),3,R32,133,14,4,100,70,52,18,16,4,6,0,5,118,67,43,29,15,10,12,15,1818,20,1589
1999-403,Miami Masters,Hard,96,M,19990315,76,102374,4,,Alex Corretja,R,180,ESP,24.9,102887,,,Ramon Delgado,R,185,PAR,22.3,6-4 1-6 6-4,3,R32,115,3,1,70,40,28,15,13,2,6,7,2,90,51,31,24,14,6,10,4,3250,55,783
1999-403,Miami Masters,Hard,96,M,19990315,77,101990,7,,Richard Krajicek,R,196,NED,27.2,101733,26,,Jan Siemerink,L,183,NED,28.9,6-3 6-2,3,R32,66,7,1,46,24,19,17,9,0,0,3,4,56,34,23,9,8,3,6,7,2677,29,1132
1999-403,Miami Masters,Hard,96,M,19990315,78,103498,23,,Marat Safin,R,193,RUS,19.1,102882,10,,Mark Philippoussis,R,196,AUS,22.3,7-6(4) 7-6(3),3,R32,84,12,5,80,40,38,24,12,2,2,8,5,74,42,32,24,12,0,0,26,1204,11,2264
1999-403,Miami Masters,Hard,96,M,19990315,79,102610,15,,Albert Costa,R,180,ESP,23.7,102839,,,Nicolas Lapentti,R,188,ECU,22.5,7-6(3) 6-4,3,R32,103,4,3,72,48,34,15,11,4,6,5,5,77,47,34,14,11,10,13,16,1809,45,940
1999-403,Miami Masters,Hard,96,M,19990315,80,101948,2,,Pete Sampras,R,185,USA,27.5,102035,31,,Jonas Bjorkman,R,183,SWE,26.9,7-5 6-3,3,R32,78,8,5,61,29,24,17,11,1,2,6,2,70,40,23,16,10,4,7,2,3447,35,1076
1999-403,Miami Masters,Hard,96,M,19990315,81,103206,,,Sebastien Grosjean,R,175,FRA,20.7,102845,1,,Carlos Moya,R,190,ESP,22.5,3-6 6-4 7-6(9),3,R16,159,1,1,133,86,52,20,16,13,19,2,8,116,67,40,22,15,2,7,74,657,1,3484
1999-403,Miami Masters,Hard,96,M,19990315,82,103103,,,Dominik Hrbaty,R,183,SVK,21.1,102701,8,,Marcelo Rios,L,175,CHI,23.2,6-2 6-0,3,R16,44,3,1,40,26,21,9,7,2,2,0,1,46,31,14,6,7,2,7,40,1016,8,2434
1999-403,Miami Masters,Hard,96,M,19990315,83,101532,20,,Francisco Clavet,L,183,ESP,30.3,102434,,,Vincent Spadea,R,183,USA,24.6,7-5 4-6 6-4,3,R16,164,1,4,99,68,41,19,16,5,9,4,5,125,59,39,32,16,18,23,22,1278,41,1001
1999-403,Miami Masters,Hard,96,M,19990315,84,103017,27,,Nicolas Kiefer,R,183,GER,21.6,102257,12,,Greg Rusedski,L,193,GBR,25.5,4-6 7-5 6-2,3,R16,106,4,3,85,33,25,33,15,0,1,11,6,79,43,33,22,15,2,5,30,1122,13,2145
1999-403,Miami Masters,Hard,96,M,19990315,85,102259,28,,Jerome Golmard,L,188,FRA,25.5,102344,11,,Karol Kucera,R,188,SVK,25.0,4-6 6-2 6-2,3,R16,93,5,2,67,44,34,16,13,0,1,5,9,77,41,27,19,13,4,8,32,1089,12,2238
1999-403,Miami Masters,Hard,96,M,19990315,86,102358,14,,Thomas Enqvist,R,190,SWE,25.0,102374,4,,Alex Corretja,R,180,ESP,24.9,7-5 6-3,3,R16,102,6,4,74,43,32,16,11,5,6,8,2,71,40,27,15,10,9,12,15,1818,4,3250
1999-403,Miami Masters,Hard,96,M,19990315,87,101990,7,,Richard Krajicek,R,196,NED,27.2,103498,23,,Marat Safin,R,193,RUS,19.1,6-3 6-1,3,R16,52,14,3,46,30,28,7,8,2,2,0,2,53,25,13,12,8,3,7,7,2677,26,1204
1999-403,Miami Masters,Hard,96,M,19990315,88,101948,2,,Pete Sampras,R,185,USA,27.5,102610,15,,Albert Costa,R,180,ESP,23.7,6-4 6-4,3,R16,85,4,3,55,29,26,15,10,1,1,6,3,78,55,36,10,10,8,10,2,3447,16,1809
1999-403,Miami Masters,Hard,96,M,19990315,89,103206,,,Sebastien Grosjean,R,175,FRA,20.7,103103,,,Dominik Hrbaty,R,183,SVK,21.1,6-3 5-7 6-1,3,QF,107,5,2,73,40,30,22,14,3,5,0,7,94,54,35,18,14,6,11,74,657,40,1016
1999-403,Miami Masters,Hard,96,M,19990315,90,101532,20,,Francisco Clavet,L,183,ESP,30.3,103017,27,,Nicolas Kiefer,R,183,GER,21.6,7-5 6-3,3,QF,107,3,0,66,43,32,14,10,4,4,7,4,72,29,23,19,11,3,6,22,1278,30,1122
1999-403,Miami Masters,Hard,96,M,19990315,91,102358,14,,Thomas Enqvist,R,190,SWE,25.0,102259,28,,Jerome Golmard,L,188,FRA,25.5,6-3 7-5,3,QF,75,14,2,55,35,27,14,11,1,2,6,1,67,40,28,14,10,2,5,15,1818,32,1089
1999-403,Miami Masters,Hard,96,M,19990315,92,101990,7,,Richard Krajicek,R,196,NED,27.2,101948,2,,Pete Sampras,R,185,USA,27.5,6-2 7-6(6),3,QF,82,9,3,65,34,29,17,10,3,4,10,8,68,38,31,11,10,2,5,7,2677,2,3447
1999-403,Miami Masters,Hard,96,M,19990315,93,103206,,,Sebastien Grosjean,R,175,FRA,20.7,101532,20,,Francisco Clavet,L,183,ESP,30.3,3-6 6-3 6-1,3,SF,89,5,0,60,28,26,20,12,2,3,2,4,72,51,33,11,13,1,5,74,657,22,1278
1999-403,Miami Masters,Hard,96,M,19990315,94,101990,7,,Richard Krajicek,R,196,NED,27.2,102358,14,,Thomas Enqvist,R,190,SWE,25.0,6-4 6-2,3,SF,80,9,3,49,22,20,19,9,0,0,2,2,65,38,23,13,9,5,8,7,2677,15,1818
1999-403,Miami Masters,Hard,96,M,19990315,95,101990,7,,Richard Krajicek,R,196,NED,27.2,103206,,,Sebastien Grosjean,R,175,FRA,20.7,4-6 6-1 6-2 7-5,5,F,161,26,5,116,60,51,25,19,5,8,2,3,122,75,45,22,18,11,18,7,2677,74,657
1999-360,Casablanca,Clay,32,A,19990322,1,102394,,,Johan Van Herck,R,185,BEL,24.8,101404,1,,Thomas Muster,L,180,AUT,31.4,6-4 4-6 6-4,3,R32,116,8,7,109,73,47,13,15,15,20,4,7,88,60,37,12,15,2,8,124,371,24,1224
1999-360,Casablanca,Clay,32,A,19990322,2,103084,,,Guillermo Canas,R,185,ARG,21.3,102987,,,Andre Sa,R,185,BRA,21.8,4-6 6-1 6-3,3,R32,112,3,1,82,43,25,23,13,5,9,0,7,85,62,30,9,13,5,12,104,484,171,278
1999-360,Casablanca,Clay,32,A,19990322,3,101947,,,Vincenzo Santopadre,L,183,ITA,27.6,103109,,WC,Talal Ouahabi,R,,MAR,21.1,7-6(0) 7-6(4),3,R32,124,3,7,100,47,35,22,12,6,10,1,0,90,57,28,19,12,4,8,116,413,888,9
1999-360,Casablanca,Clay,32,A,19990322,4,103182,,,Markus Hipfl,R,178,AUT,20.9,102024,8,,Hernan Gumy,R,188,ARG,27.0,6-3 6-3,3,R32,80,0,1,49,29,18,11,9,1,4,3,5,65,40,21,8,9,6,12,112,423,95,529
1999-360,Casablanca,Clay,32,A,19990322,5,102950,3,,Fernando Vicente,R,180,ESP,22.0,102369,,Q,Julien Boutter,R,190,FRA,24.9,6-1 6-3,3,R32,55,0,0,47,27,22,12,8,1,1,0,1,47,33,14,7,8,0,4,58,769,160,296
1999-360,Casablanca,Clay,32,A,19990322,6,102519,,,Marcio Carlsson,R,175,BRA,24.1,102180,,Q,Charles Auffray,R,183,FRA,26.0,6-3 7-6(3),3,R32,91,3,1,83,56,29,14,11,8,14,0,7,70,33,19,11,10,6,13,134,351,265,147
1999-360,Casablanca,Clay,32,A,19990322,7,102723,,,Eduardo Medica,R,180,ARG,23.1,101589,,WC,Arnaud Boetsch,R,183,FRA,29.9,6-2 6-4,3,R32,77,1,2,61,38,25,10,9,6,9,2,5,57,27,13,13,9,4,10,117,409,652,24
1999-360,Casablanca,Clay,32,A,19990322,8,102905,6,,Stefan Koubek,L,175,AUT,22.2,101746,,,Renzo Furlan,R,175,ITA,28.8,6-4 6-3,3,R32,71,1,2,61,26,19,20,10,2,4,0,7,57,29,21,8,9,3,7,93,535,158,304
1999-360,Casablanca,Clay,32,A,19990322,9,102287,5,,Albert Portas,R,188,ESP,25.3,103292,,,Gaston Gaudio,R,175,ARG,20.2,6-4 7-6(3),3,R32,92,1,5,72,43,31,15,11,2,4,2,2,78,42,31,16,11,7,10,90,547,120,381
1999-360,Casablanca,Clay,32,A,19990322,10,102231,,,Alex Calatrava,R,190,ESP,25.7,101382,,,Marcelo Filippini,R,178,URU,31.6,7-5 6-3,3,R32,80,10,2,59,31,24,15,11,1,3,1,2,62,49,27,6,10,7,11,111,432,127,366
1999-360,Casablanca,Clay,32,A,19990322,11,102831,,Q,Jacobo Diaz,R,173,ESP,22.6,103007,,WC,Mounir El Aarej,R,,MAR,21.7,6-4 7-6(4),3,R32,94,1,4,69,41,29,17,11,1,4,1,8,84,52,32,15,11,10,14,157,305,520,42
1999-360,Casablanca,Clay,32,A,19990322,12,103507,,Q,Juan Carlos Ferrero,R,183,ESP,19.1,102223,4,,Karim Alami,R,185,MAR,25.8,6-4 4-6 6-3,3,R32,118,0,3,96,69,42,14,14,6,10,8,8,95,49,36,17,15,5,11,251,160,68,722
1999-360,Casablanca,Clay,32,A,19990322,13,103252,7,,Alberto Martin,R,175,ESP,20.5,101997,,,Marzio Martelli,R,180,ITA,27.2,6-4 6-1,3,R32,62,2,3,51,38,28,5,9,3,5,2,4,57,26,15,10,8,3,8,94,532,136,349
1999-360,Casablanca,Clay,32,A,19990322,14,102234,,,Oliver Gross,R,185,GER,25.7,103202,,,Oscar Serrano,R,173,ESP,20.8,6-1 4-6 6-1,3,R32,87,5,9,78,40,30,13,12,5,9,0,3,65,40,17,9,12,1,9,101,502,147,325
1999-360,Casablanca,Clay,32,A,19990322,15,102533,,,Jens Knippschild,R,190,GER,24.0,102154,,,Marcos Ondruska,R,183,RSA,26.2,6-2 7-5,3,R32,110,2,3,70,36,23,23,10,6,7,1,10,93,41,25,24,10,6,10,107,459,138,338
1999-360,Casablanca,Clay,32,A,19990322,16,101897,2,,Fernando Meligeni,L,180,BRA,27.9,102375,,,Dinu Pescariu,R,185,ROU,24.9,6-3 6-3,3,R32,73,1,3,63,37,27,13,9,5,6,3,2,63,42,24,10,9,9,13,56,777,108,454
1999-360,Casablanca,Clay,32,A,19990322,17,102394,,,Johan Van Herck,R,185,BEL,24.8,103084,,,Guillermo Canas,R,185,ARG,21.3,6-3 6-4,3,R16,90,3,5,74,41,30,18,10,2,2,4,2,63,41,29,9,9,3,5,124,371,104,484
1999-360,Casablanca,Clay,32,A,19990322,18,103182,,,Markus Hipfl,R,178,AUT,20.9,101947,,,Vincenzo Santopadre,L,183,ITA,27.6,6-4 6-3,3,R16,69,0,1,47,31,21,10,9,0,2,1,3,64,30,16,14,10,5,10,112,423,116,413
1999-360,Casablanca,Clay,32,A,19990322,19,102950,3,,Fernando Vicente,R,180,ESP,22.0,102519,,,Marcio Carlsson,R,175,BRA,24.1,6-3 6-0,3,R16,55,1,1,36,24,20,9,7,0,0,2,6,53,30,19,5,8,5,10,58,769,134,351
1999-360,Casablanca,Clay,32,A,19990322,20,102905,6,,Stefan Koubek,L,175,AUT,22.2,102723,,,Eduardo Medica,R,180,ARG,23.1,7-5 6-2,3,R16,82,2,3,64,47,37,4,10,3,5,0,5,77,50,26,13,10,10,15,93,535,117,409
1999-360,Casablanca,Clay,32,A,19990322,21,102287,5,,Albert Portas,R,188,ESP,25.3,102231,,,Alex Calatrava,R,190,ESP,25.7,6-2 3-6 6-1,3,R16,86,7,2,72,50,36,10,12,1,3,3,9,75,33,25,15,12,4,9,90,547,111,432
1999-360,Casablanca,Clay,32,A,19990322,22,103507,,Q,Juan Carlos Ferrero,R,183,ESP,19.1,102831,,Q,Jacobo Diaz,R,173,ESP,22.6,6-2 7-6(2),3,R16,93,2,4,64,32,22,23,10,2,3,4,2,74,37,20,20,10,5,8,251,160,157,305
1999-360,Casablanca,Clay,32,A,19990322,23,103252,7,,Alberto Martin,R,175,ESP,20.5,102234,,,Oliver Gross,R,185,GER,25.7,6-4 6-1,3,R16,65,1,1,59,41,28,8,9,6,8,2,7,52,28,15,10,8,7,12,94,532,101,502
1999-360,Casablanca,Clay,32,A,19990322,24,102533,,,Jens Knippschild,R,190,GER,24.0,101897,2,,Fernando Meligeni,L,180,BRA,27.9,2-6 7-6(5) 6-3,3,R16,123,3,3,95,37,26,33,15,6,10,0,1,88,49,37,20,14,7,10,107,459,56,777
1999-360,Casablanca,Clay,32,A,19990322,25,103182,,,Markus Hipfl,R,178,AUT,20.9,102394,,,Johan Van Herck,R,185,BEL,24.8,6-3 1-6 6-3,3,QF,108,1,4,75,50,36,11,13,1,4,3,4,86,50,34,17,12,6,9,112,423,124,371
1999-360,Casablanca,Clay,32,A,19990322,26,102950,3,,Fernando Vicente,R,180,ESP,22.0,102905,6,,Stefan Koubek,L,175,AUT,22.2,6-2 6-3,3,QF,57,1,1,43,28,23,9,8,0,0,0,5,54,33,21,6,9,3,7,58,769,93,535
1999-360,Casablanca,Clay,32,A,19990322,27,103507,,Q,Juan Carlos Ferrero,R,183,ESP,19.1,102287,5,,Albert Portas,R,188,ESP,25.3,6-1 7-6(4),3,QF,82,2,4,64,48,36,5,10,2,5,2,2,52,26,13,12,9,2,7,251,160,90,547
1999-360,Casablanca,Clay,32,A,19990322,28,103252,7,,Alberto Martin,R,175,ESP,20.5,102533,,,Jens Knippschild,R,190,GER,24.0,7-6(3) 6-3,3,QF,87,2,3,63,40,24,12,10,5,9,1,6,73,34,19,16,11,4,10,94,532,107,459
1999-360,Casablanca,Clay,32,A,19990322,29,102950,3,,Fernando Vicente,R,180,ESP,22.0,103182,,,Markus Hipfl,R,178,AUT,20.9,6-1 6-0,3,SF,42,1,2,43,31,23,7,7,2,2,1,2,35,27,11,1,6,2,7,58,769,112,423
1999-360,Casablanca,Clay,32,A,19990322,30,103252,7,,Alberto Martin,R,175,ESP,20.5,103507,,Q,Juan Carlos Ferrero,R,183,ESP,19.1,7-5 6-4,3,SF,90,2,3,60,42,33,9,11,2,4,0,4,76,53,32,10,11,6,10,94,532,251,160
1999-360,Casablanca,Clay,32,A,19990322,31,103252,7,,Alberto Martin,R,175,ESP,20.5,102950,3,,Fernando Vicente,R,180,ESP,22.0,6-3 6-4,3,F,78,1,2,59,43,28,9,10,3,5,1,3,70,52,31,6,9,7,11,94,532,58,769
1999-D026,Davis Cup G1 PO: IND vs CHN,Grass,4,D,19990402,1,102233,,,Leander Paes,R,178,IND,25.7,102772,,,Yu Zhang,R,,CHN,22.9,6-4 6-2 6-3,5,RR,,,,,,,,,,,,,,,,,,,,101,504,812,13
1999-D026,Davis Cup G1 PO: IND vs CHN,Grass,4,D,19990402,2,102467,,,Fazaluddin Syed,R,,IND,24.4,103337,,,Ben Qiang Zhu,R,,CHN,20.0,7-6(3) 6-3 6-4,5,RR,,,,,,,,,,,,,,,,,,,,575,34,792,14
1999-D026,Davis Cup G1 PO: IND vs CHN,Grass,4,D,19990402,4,102233,,,Leander Paes,R,178,IND,25.7,103337,,,Ben Qiang Zhu,R,,CHN,20.0,6-7(5) 7-6(3) 6-3,3,RR,,,,,,,,,,,,,,,,,,,,101,504,792,14
1999-D026,Davis Cup G1 PO: IND vs CHN,Grass,4,D,19990402,5,102467,,,Fazaluddin Syed,R,,IND,24.4,103642,,,Shan Jiang,R,,CHN,18.4,6-3 6-3,3,RR,,,,,,,,,,,,,,,,,,,,575,34,,
1999-D068,Davis Cup G1 PO: LIB vs PAK,Hard,4,D,19990402,1,102812,,,Jicham Zaatini,R,,LIB,22.7,103499,,,Aqeel Khan,R,,PAK,19.1,6-2 6-2 6-2,5,RR,,,,,,,,,,,,,,,,,,,,586,32,,
1999-D068,Davis Cup G1 PO: LIB vs PAK,Hard,4,D,19990402,2,102448,,,Ali Hamadeh,R,,LIB,24.5,102826,,,Muhammad Khaliq Siddiq,U,,KUW,22.7,6-3 6-4 5-7 6-4,5,RR,,,,,,,,,,,,,,,,,,,,938,8,,
1999-D068,Davis Cup G1 PO: LIB vs PAK,Hard,4,D,19990402,4,102812,,,Jicham Zaatini,R,,LIB,22.7,108846,,,Syed Nasir Sherazi,U,,PAK,19.0,6-0 6-2,3,RR,,,,,,,,,,,,,,,,,,,,586,32,1303,1
1999-D068,Davis Cup G1 PO: LIB vs PAK,Hard,4,D,19990402,5,108588,,,Asim Shafik,U,,PAK,23.2,108618,,,Karim Alayli,R,,LIB,16.0,7-5 6-2,3,RR,,,,,,,,,,,,,,,,,,,,,,,
1999-D009,Davis Cup G1 QF: AUT vs POR,Clay,4,D,19990402,1,102905,,,Stefan Koubek,L,175,AUT,22.2,101731,,,Nuno Marques,L,190,POR,28.9,6-3 6-4 6-4,5,RR,,,,,,,,,,,,,,,,,,,,88,553,320,109
1999-D009,Davis Cup G1 QF: AUT vs POR,Clay,4,D,19990402,2,103182,,,Markus Hipfl,R,178,AUT,20.9,101416,,,Joao Cunha Silva,R,173,POR,31.3,6-4 6-2 6-2,5,RR,,,,,,,,,,,,,,,,,,,,107,478,275,140
1999-D009,Davis Cup G1 QF: AUT vs POR,Clay,4,D,19990402,4,102905,,,Stefan Koubek,L,175,AUT,22.2,101416,,,Joao Cunha Silva,R,173,POR,31.3,6-3 7-6(5) 6-0,5,RR,,,,,,,,,,,,,,,,,,,,88,553,275,140
1999-D009,Davis Cup G1 QF: AUT vs POR,Clay,4,D,19990402,5,103182,,,Markus Hipfl,R,178,AUT,20.9,102140,,,Bruno Fragoso,R,,POR,26.3,6-1 6-2,3,RR,,,,,,,,,,,,,,,,,,,,107,478,759,16
1999-D044,Davis Cup G1 QF: FIN vs ISR,Carpet,4,D,19990402,1,102139,,,Eyal Ran,R,183,ISR,26.3,102538,,,Tuomas Ketola,R,185,FIN,24.0,6-3 6-2 6-4,5,RR,,,,,,,,,,,,,,,,,,,,217,209,187,249
1999-D044,Davis Cup G1 QF: FIN vs ISR,Carpet,4,D,19990402,2,102395,,,Ville Liukko,R,173,FIN,24.8,102903,,,Eyal Erlich,R,183,ISR,22.2,6-1 6-1 6-3,5,RR,,,,,,,,,,,,,,,,,,,,137,334,358,92
1999-D044,Davis Cup G1 QF: FIN vs ISR,Carpet,4,D,19990402,4,102395,,,Ville Liukko,R,173,FIN,24.8,102139,,,Eyal Ran,R,183,ISR,26.3,4-6 7-6(6) 6-4 6-4,5,RR,,,,,,,,,,,,,,,,,,,,137,334,217,209
1999-D044,Davis Cup G1 QF: FIN vs ISR,Carpet,4,D,19990402,5,102903,,,Eyal Erlich,R,183,ISR,22.2,102668,,,Tapio Nurminen,R,,FIN,23.4,6-2 6-4,3,RR,,,,,,,,,,,,,,,,,,,,358,92,267,146
1999-D033,Davis Cup G1 QF: ROU vs CRO,Clay,4,D,19990402,1,102437,,,Adrian Voinea,R,185,ROU,24.6,103344,,,Ivan Ljubicic,R,193,CRO,20.0,6-1 6-4 6-7(1) 7-6(5),5,RR,,,,,,,,,,,,,,,,,,,,76,634,199,231
1999-D033,Davis Cup G1 QF: ROU vs CRO,Clay,4,D,19990402,2,102318,,,Andrei Pavel,R,183,ROU,25.1,103318,,,Zeljko Krajan,R,178,CRO,20.1,7-6(5) 6-2 6-0,5,RR,,,,,,,,,,,,,,,,,,,,49,869,430,69
1999-D033,Davis Cup G1 QF: ROU vs CRO,Clay,4,D,19990402,4,103735,,,Lovro Zovko,R,190,CRO,18.0,103118,,,Ion Moldovan,R,188,ROU,21.1,5-7 6-1 6-2,3,RR,,,,,,,,,,,,,,,,,,,,586,32,337,101
1999-D033,Davis Cup G1 QF: ROU vs CRO,Clay,4,D,19990402,5,103485,,,Ivan Beros,R,,CRO,19.2,102574,,,Gabriel Trifu,R,193,ROU,23.9,6-3 6-2,3,RR,,,,,,,,,,,,,,,,,,,,494,49,233,189
1999-D017,Davis Cup G1 QF: RSA vs BLR,Hard,4,D,19990402,1,103166,,,Vladimir Voltchkov,R,180,BLR,20.9,101805,,,David Nainkin,R,183,RSA,28.5,3-6 7-5 6-4 7-6(5),5,RR,,,,,,,,,,,,,,,,,,,,129,356,139,331
1999-D017,Davis Cup G1 QF: RSA vs BLR,Hard,4,D,19990402,2,101965,,,Wayne Ferreira,R,185,RSA,27.5,103018,,,Max Mirnyi,R,196,BLR,21.7,5-7 6-4 6-3 6-7(6) 9-7,5,RR,,,,,,,,,,,,,,,,,,,,30,1161,247,171
1999-D017,Davis Cup G1 QF: RSA vs BLR,Hard,4,D,19990402,4,101965,,,Wayne Ferreira,R,185,RSA,27.5,103166,,,Vladimir Voltchkov,R,180,BLR,20.9,6-0 4-6 3-6 6-2 6-4,5,RR,,,,,,,,,,,,,,,,,,,,30,1161,129,356
1999-D017,Davis Cup G1 QF: RSA vs BLR,Hard,4,D,19990402,5,101805,,,David Nainkin,R,183,RSA,28.5,103705,,,Sergei Samoseiko,R,,BLR,18.1,6-2 6-2,3,RR,,,,,,,,,,,,,,,,,,,,139,331,1038,5
1999-D024,Davis Cup G1 SF: COL vs CHI,Clay,4,D,19990402,1,102701,,,Marcelo Rios,L,175,CHI,23.2,101495,,,Miguel Tobon,R,185,COL,30.7,6-1 7-6(4) 6-1,5,RR,,,,,,,,,,,,,,,,,,,,13,2035,515,44
1999-D024,Davis Cup G1 SF: COL vs CHI,Clay,4,D,19990402,2,103454,,,Nicolas Massu,R,183,CHI,19.4,101991,,,Mauricio Hadad,R,170,COL,27.3,4-6 7-5 7-6(5) 6-1,5,RR,,,,,,,,,,,,,,,,,,,,203,227,276,139
1999-D024,Davis Cup G1 SF: COL vs CHI,Clay,4,D,19990402,4,102701,,,Marcelo Rios,L,175,CHI,23.2,102756,,,Eduardo Rincon,R,,COL,23.0,6-1 7-6(1),3,RR,,,,,,,,,,,,,,,,,,,,13,2035,785,15
1999-D024,Davis Cup G1 SF: COL vs CHI,Clay,4,D,19990402,5,103454,,,Nicolas Massu,R,183,CHI,19.4,102190,,,Philippe Moggio,L,,COL,26.0,6-4 6-4,3,RR,,,,,,,,,,,,,,,,,,,,203,227,812,13
1999-D003,Davis Cup G1 SF: ECU vs ARG,Hard,4,D,19990402,1,103264,,,Mariano Puerta,L,180,ARG,20.5,102192,,,Luis Adrian Morejon,R,178,ECU,26.0,6-4 7-5 6-4,5,RR,,,,,,,,,,,,,,,,,,,,38,1059,149,312
1999-D003,Davis Cup G1 SF: ECU vs ARG,Hard,4,D,19990402,2,102839,,,Nicolas Lapentti,R,188,ECU,22.6,103151,,,Mariano Zabaleta,R,183,ARG,21.0,6-3 7-6(4) 5-0 RET,5,RR,,,,,,,,,,,,,,,,,,,,44,986,52,831
1999-D003,Davis Cup G1 SF: ECU vs ARG,Hard,4,D,19990402,4,102839,,,Nicolas Lapentti,R,188,ECU,22.6,103264,,,Mariano Puerta,L,180,ARG,20.5,6-2 7-6(4) 6-1,5,RR,,,,,,,,,,,,,,,,,,,,44,986,38,1059
1999-D003,Davis Cup G1 SF: ECU vs ARG,Hard,4,D,19990402,5,102192,,,Luis Adrian Morejon,R,178,ECU,26.0,103151,,,Mariano Zabaleta,R,183,ARG,21.0,5-2 RET,5,RR,,,,,,,,,,,,,,,,,,,,149,312,52,831
1999-D062,Davis Cup G1 SF: JPN vs UZB,Carpet,4,D,19990402,1,102863,,,Takao Suzuki,R,175,JPN,22.5,102957,,,Vadim Kutsenko,R,180,RUS,22.0,6-3 6-4 7-5,5,RR,,,,,,,,,,,,,,,,,,,,110,449,381,84
1999-D062,Davis Cup G1 SF: JPN vs UZB,Carpet,4,D,19990402,2,102087,,,Oleg Ogorodov,R,193,UZB,26.6,102300,,,Gouichi Motomura,R,173,JPN,25.2,2-6 7-6(5) 6-2 6-7(6) 3-0 RET,5,RR,,,,,,,,,,,,,,,,,,,,179,262,231,193
1999-D062,Davis Cup G1 SF: JPN vs UZB,Carpet,4,D,19990402,4,102863,,,Takao Suzuki,R,175,JPN,22.5,102087,,,Oleg Ogorodov,R,193,UZB,26.6,7-6(4) 7-6(4) 7-5,5,RR,,,,,,,,,,,,,,,,,,,,110,449,179,262
1999-D062,Davis Cup G1 SF: JPN vs UZB,Carpet,4,D,19990402,5,102957,,,Vadim Kutsenko,R,180,RUS,22.0,102348,,,Hideki Kaneko,R,,JPN,25.0,7-6(5) 6-4 6-3,5,RR,,,,,,,,,,,,,,,,,,,,381,84,254,160
1999-D065,Davis Cup G1 SF: NZL vs KOR,Hard,4,D,19990402,1,102703,,,Hyung Taik Lee,R,180,KOR,23.2,103066,,,Mark Nielsen,R,185,NZL,21.4,7-5 6-0 6-4,5,RR,,,,,,,,,,,,,,,,,,,,240,179,421,71
1999-D065,Davis Cup G1 SF: NZL vs KOR,Hard,4,D,19990402,2,101601,,,Brett Steven,R,185,NZL,29.9,102454,,,Hyeong Keun Song,R,,KOR,24.5,6-3 6-4 6-4,5,RR,,,,,,,,,,,,,,,,,,,,132,353,1069,4
1999-D065,Davis Cup G1 SF: NZL vs KOR,Hard,4,D,19990402,4,102703,,,Hyung Taik Lee,R,180,KOR,23.2,102131,,,Alistair Hunt,R,190,NZL,26.3,6-3 6-4 6-0,5,RR,,,,,,,,,,,,,,,,,,,,240,179,592,31
1999-D065,Davis Cup G1 SF: NZL vs KOR,Hard,4,D,19990402,5,103066,,,Mark Nielsen,R,185,NZL,21.4,102454,,,Hyeong Keun Song,R,,KOR,24.5,6-3 3-6 6-3 6-4,5,RR,,,,,,,,,,,,,,,,,,,,421,71,1069,4
1999-D063,Davis Cup G2 PO: KAZ vs SRI,Hard,4,D,19990402,1,103612,,,Alexey Kedryuk,R,193,KAZ,18.6,108852,,,Asiri Iddamalgoda,U,,SRI,25.7,6-3 3-6 6-0 6-4,5,RR,,,,,,,,,,,,,,,,,,,,1069,4,,
1999-D063,Davis Cup G2 PO: KAZ vs SRI,Hard,4,D,19990402,2,108592,,,Pavel Baranov,R,,KAZ,18.3,108836,,,Jayendra Wijeyesekera,U,,SRI,29.2,5-7 4-6 6-4 6-1 6-1,5,RR,,,,,,,,,,,,,,,,,,,,,,,
1999-D063,Davis Cup G2 PO: KAZ vs SRI,Hard,4,D,19990402,4,103612,,,Alexey Kedryuk,R,193,KAZ,18.6,108836,,,Jayendra Wijeyesekera,U,,SRI,29.2,6-4 6-3,3,RR,,,,,,,,,,,,,,,,,,,,1069,4,,
1999-D063,Davis Cup G2 PO: KAZ vs SRI,Hard,4,D,19990402,5,108852,,,Asiri Iddamalgoda,U,,SRI,25.7,104348,,,Dias Doskarayev,R,,KAZ,14.9,5-7 7-5 6-4,3,RR,,,,,,,,,,,,,,,,,,,,,,,
1999-D079,Davis Cup G2 PO: TPE vs QAT,Clay,4,D,19990402,1,103659,,,Wei Jen Cheng,R,,TPE,18.3,102956,,,Sultan Khalfan,R,,QAT,22.0,6-3 6-0 6-4,5,RR,,,,,,,,,,,,,,,,,,,,955,8,,
1999-D079,Davis Cup G2 PO: TPE vs QAT,Clay,4,D,19990402,2,102277,,,Bing Chao Lin,R,180,TPE,25.4,102285,,,Nasser Ghanim Al Khulaifi,R,,QAT,25.3,6-0 6-0 6-0,5,RR,,,,,,,,,,,,,,,,,,,,714,18,,
1999-D079,Davis Cup G2 PO: TPE vs QAT,Clay,4,D,19990402,4,102277,,,Bing Chao Lin,R,180,TPE,25.4,102956,,,Sultan Khalfan,R,,QAT,22.0,6-0 6-0,3,RR,,,,,,,,,,,,,,,,,,,,714,18,,
1999-D079,Davis Cup G2 PO: TPE vs QAT,Clay,4,D,19990402,5,102543,,,Chia Yen Tsai,R,,TPE,24.0,102285,,,Nasser Ghanim Al Khulaifi,R,,QAT,25.3,6-2 6-2,3,RR,,,,,,,,,,,,,,,,,,,,1233,2,,
1999-D032,Davis Cup G2 QF: CRC vs URU,Hard,4,D,19990402,1,101976,,,Federico Dondo,R,,URU,27.4,100754,,,Rafael Avalos Brenes,R,,CRC,37.7,7-6(9) 6-7(4) 6-4 6-0,5,RR,,,,,,,,,,,,,,,,,,,,352,94,,
1999-D032,Davis Cup G2 QF: CRC vs URU,Hard,4,D,19990402,2,102548,,,Juan Antonio Marin,R,175,CRC,24.0,102938,,,Alejandro Olivera,R,,URU,22.1,6-3 2-6 4-6 6-2 7-5,5,RR,,,,,,,,,,,,,,,,,,,,77,632,727,18
1999-D032,Davis Cup G2 QF: CRC vs URU,Hard,4,D,19990402,4,101976,,,Federico Dondo,R,,URU,27.4,102548,,,Juan Antonio Marin,R,175,CRC,24.0,7-6(2) 6-7(2) 6-3 7-6(14),5,RR,,,,,,,,,,,,,,,,,,,,352,94,77,632
1999-D032,Davis Cup G2 QF: CRC vs URU,Hard,4,D,19990402,5,102938,,,Alejandro Olivera,R,,URU,22.1,100754,,,Rafael Avalos Brenes,R,,CRC,37.7,6-4 6-4,3,RR,,,,,,,,,,,,,,,,,,,,727,18,,
1999-D034,Davis Cup G2 QF: CUB vs HAI,Hard,4,D,19990402,1,102320,,,Lazaro Navarro Batles,R,,CUB,25.1,108674,,,Jerry Joseph,U,,HAI,18.8,7-5 7-5 6-4,5,RR,,,,,,,,,,,,,,,,,,,,,,,
1999-D034,Davis Cup G2 QF: CUB vs HAI,Hard,4,D,19990402,2,108651,,,Sandor Martinez Breijo,R,,CUB,18.0,108802,,,David Cardoza,U,,HAI,21.4,4-6 6-4 6-3 7-6(6),5,RR,,,,,,,,,,,,,,,,,,,,,,,
1999-D034,Davis Cup G2 QF: CUB vs HAI,Hard,4,D,19990402,4,108801,,,Jorge Catala,U,,CUB,20.7,108803,,,Jean Max Mangones,U,,HAI,23.4,6-2 6-3,3,RR,,,,,,,,,,,,,,,,,,,,,,,
1999-D034,Davis Cup G2 QF: CUB vs HAI,Hard,4,D,19990402,5,108674,,,Jerry Joseph,U,,HAI,18.8,108651,,,Sandor Martinez Breijo,R,,CUB,18.0,6-4 4-6 7-5,3,RR,,,,,,,,,,,,,,,,,,,,,,,
1999-D040,Davis Cup G2 QF: DOM vs PER,Hard,4,D,19990402,1,103632,,,Luis Horna,R,180,PER,18.5,108615,,,Genaro Deleon,U,,DOM,28.1,6-2 3-6 6-3 6-3,5,RR,,,,,,,,,,,,,,,,,,,,256,158,,
1999-D040,Davis Cup G2 QF: DOM vs PER,Hard,4,D,19990402,2,108585,,,Americo Venero Montes,L,175,PER,27.0,108634,,,Rodrigo Vallejo,U,,DOM,25.0,7-5 2-6 7-6(3) 6-2,5,RR,,,,,,,,,,,,,,,,,,,,,,,
1999-D040,Davis Cup G2 QF: DOM vs PER,Hard,4,D,19990402,4,101574,,,Alejandro Aramburu,R,175,PER,30.1,103638,,,Jhonson Garcia,R,,DOM,18.4,6-3 4-6 7-5,3,RR,,,,,,,,,,,,,,,,,,,,347,98,,
1999-D040,Davis Cup G2 QF: DOM vs PER,Hard,4,D,19990402,5,108615,,,Genaro Deleon,U,,DOM,28.1,103525,,,Ivan Miranda,R,175,PER,19.0,6-2 6-0,3,RR,,,,,,,,,,,,,,,,,,,,,,1136,4
1999-D072,Davis Cup G2 QF: MEX vs PAR,Hard,4,D,19990402,1,103060,,,Alejandro Hernandez,R,180,MEX,21.4,102830,,,Paulo Carvallo,R,,PAR,22.7,6-4 6-4 6-0,5,RR,,,,,,,,,,,,,,,,,,,,162,291,470,56
1999-D072,Davis Cup G2 QF: MEX vs PAR,Hard,4,D,19990402,2,102036,,,Marco Osorio,R,,MEX,26.9,102887,,,Ramon Delgado,R,185,PAR,22.3,2-6 7-5 7-6(5) 6-2,5,RR,,,,,,,,,,,,,,,,,,,,409,74,57,802
1999-D072,Davis Cup G2 QF: MEX vs PAR,Hard,4,D,19990402,4,103060,,,Alejandro Hernandez,R,180,MEX,21.4,102887,,,Ramon Delgado,R,185,PAR,22.3,6-7(2) 4-6 6-3 6-4 6-1,5,RR,,,,,,,,,,,,,,,,,,,,162,291,57,802
1999-D072,Davis Cup G2 QF: MEX vs PAR,Hard,4,D,19990402,5,102830,,,Paulo Carvallo,R,,PAR,22.7,102036,,,Marco Osorio,R,,MEX,26.9,2-6 6-3 6-3,3,RR,,,,,,,,,,,,,,,,,,,,470,56,409,74
1999-D054,Davis Cup G2 SF: INA vs PHI,Hard,4,D,19990402,1,102462,,,Bryan Juinio,R,,USA,24.4,103504,,,Febi Widhiyanto,R,,INA,19.1,7-6(2) 6-1 7-5,5,RR,,,,,,,,,,,,,,,,,,,,971,7,,
1999-D054,Davis Cup G2 SF: INA vs PHI,Hard,4,D,19990402,2,101563,,,Joseph Lizardo,R,,PHI,30.1,102843,,,Suwandi Suwandi,R,178,INA,22.6,7-6(4) 6-2 4-6 6-2,5,RR,,,,,,,,,,,,,,,,,,,,1150,3,,
1999-D054,Davis Cup G2 SF: INA vs PHI,Hard,4,D,19990402,4,101563,,,Joseph Lizardo,R,,PHI,30.1,103504,,,Febi Widhiyanto,R,,INA,19.1,4-6 6-4 6-2 2-6 6-2,5,RR,,,,,,,,,,,,,,,,,,,,1150,3,,
1999-D054,Davis Cup G2 SF: INA vs PHI,Hard,4,D,19990402,5,102462,,,Bryan Juinio,R,,USA,24.4,102843,,,Suwandi Suwandi,R,178,INA,22.6,6-4 7-6(10),3,RR,,,,,,,,,,,,,,,,,,,,971,7,,
1999-D014,Davis Cup WG R1: BEL vs CZE,Clay,4,D,19990402,1,103598,,,Xavier Malisse,R,185,BEL,18.6,102539,,,Bohdan Ulihrach,R,188,CZE,24.0,6-7(6) 6-2 6-4 6-2,5,RR,,,,,,,,,,,,,,,,,,,,128,357,35,1087
1999-D014,Davis Cup WG R1: BEL vs CZE,Clay,4,D,19990402,2,101792,,,Slava Dosedel,R,183,CZE,28.6,102029,,,Filip Dewulf,R,190,BEL,27.0,7-5 6-3 6-2,5,RR,,,,,,,,,,,,,,,,,,,,61,760,64,741
1999-D014,Davis Cup WG R1: BEL vs CZE,Clay,4,D,19990402,4,102419,,,Christophe Van Garsse,R,185,BEL,24.7,102539,,,Bohdan Ulihrach,R,188,CZE,24.0,6-0 6-3 6-4,5,RR,,,,,,,,,,,,,,,,,,,,151,311,35,1087
1999-D014,Davis Cup WG R1: BEL vs CZE,Clay,4,D,19990402,5,103598,,,Xavier Malisse,R,185,BEL,18.6,101792,,,Slava Dosedel,R,183,CZE,28.6,3-6 6-4 6-0 7-6(7),5,RR,,,,,,,,,,,,,,,,,,,,128,357,61,760
1999-D019,Davis Cup WG R1: ESP vs BRA,Clay,4,D,19990402,1,102845,,,Carlos Moya,R,190,ESP,22.5,101897,,,Fernando Meligeni,L,180,BRA,27.9,6-2 6-7(3) 6-0 6-4,5,RR,,,,,,,,,,,,,,,,,,,,2,3516,59,777
1999-D019,Davis Cup WG R1: ESP vs BRA,Clay,4,D,19990402,2,102856,,,Gustavo Kuerten,R,190,BRA,22.5,102374,,,Alex Corretja,R,180,ESP,24.9,6-3 6-4 7-5,5,RR,,,,,,,,,,,,,,,,,,,,18,1608,6,3101
1999-D019,Davis Cup WG R1: ESP vs BRA,Clay,4,D,19990402,4,102856,,,Gustavo Kuerten,R,190,BRA,22.5,102845,,,Carlos Moya,R,190,ESP,22.5,6-2 6-4 6-1,5,RR,,,,,,,,,,,,,,,,,,,,18,1608,2,3516
1999-D019,Davis Cup WG R1: ESP vs BRA,Clay,4,D,19990402,5,102374,,,Alex Corretja,R,180,ESP,24.9,102519,,,Marcio Carlsson,R,175,BRA,24.1,6-1 6-2,3,RR,,,,,,,,,,,,,,,,,,,,6,3101,131,356
1999-D046,Davis Cup WG R1: FRA vs NED,Clay,4,D,19990402,1,101990,,,Richard Krajicek,R,196,NED,27.3,102259,,,Jerome Golmard,L,188,FRA,25.5,3-6 4-6 7-6(5) 6-4 6-2,5,RR,,,,,,,,,,,,,,,,,,,,4,3119,25,1210
1999-D046,Davis Cup WG R1: FRA vs NED,Clay,4,D,19990402,2,101611,,,Cedric Pioline,R,188,FRA,29.7,101235,,,Paul Haarhuis,R,188,NED,33.1,6-2 7-6(0) 6-3,5,RR,,,,,,,,,,,,,,,,,,,,21,1520,68,697
1999-D046,Davis Cup WG R1: FRA vs NED,Clay,4,D,19990402,4,101611,,,Cedric Pioline,R,188,FRA,29.7,101990,,,Richard Krajicek,R,196,NED,27.3,6-3 3-6 7-5 7-6(5),5,RR,,,,,,,,,,,,,,,,,,,,21,1520,4,3119
1999-D046,Davis Cup WG R1: FRA vs NED,Clay,4,D,19990402,5,102259,,,Jerome Golmard,L,188,FRA,25.5,101733,,,Jan Siemerink,L,183,NED,28.9,6-4 7-5,3,RR,,,,,,,,,,,,,,,,,,,,25,1210,32,1127
1999-D048,Davis Cup WG R1: GBR vs USA,Hard,4,D,19990402,1,101793,,,Jim Courier,R,185,USA,28.6,102450,,,Tim Henman,R,185,GBR,24.5,7-6(2) 2-6 7-6(3) 6-7(10) 7-5,5,RR,,,,,,,,,,,,,,,,,,,,54,826,7,2633
1999-D048,Davis Cup WG R1: GBR vs USA,Hard,4,D,19990402,2,101774,,,Todd Martin,R,198,USA,28.7,102257,,,Greg Rusedski,L,193,GBR,25.5,6-4 6-4 6-2,5,RR,,,,,,,,,,,,,,,,,,,,8,2279,11,2126
1999-D048,Davis Cup WG R1: GBR vs USA,Hard,4,D,19990402,4,102450,,,Tim Henman,R,185,GBR,24.5,101774,,,Todd Martin,R,198,USA,28.7,4-6 7-5 6-3 7-6(4),5,RR,,,,,,,,,,,,,,,,,,,,7,2633,8,2279
1999-D048,Davis Cup WG R1: GBR vs USA,Hard,4,D,19990402,5,101793,,,Jim Courier,R,185,USA,28.6,102257,,,Greg Rusedski,L,193,GBR,25.5,6-4 6-7(3) 6-3 1-6 8-6,5,RR,,,,,,,,,,,,,,,,,,,,54,826,11,2126
1999-D050,Davis Cup WG R1: GER vs RUS,Carpet,4,D,19990402,1,103163,,,Tommy Haas,R,188,GER,20.9,103498,,,Marat Safin,R,193,RUS,19.1,6-7(4) 6-4 6-3 2-6 9-7,5,RR,,,,,,,,,,,,,,,,,,,,19,1600,23,1254
1999-D050,Davis Cup WG R1: GER vs RUS,Carpet,4,D,19990402,2,102338,,,Yevgeny Kafelnikov,R,190,RUS,25.1,103017,,,Nicolas Kiefer,R,183,GER,21.7,7-6(5) 6-4 6-4,5,RR,,,,,,,,,,,,,,,,,,,,3,3382,26,1198
1999-D050,Davis Cup WG R1: GER vs RUS,Carpet,4,D,19990402,4,102338,,,Yevgeny Kafelnikov,R,190,RUS,25.1,103163,,,Tommy Haas,R,188,GER,20.9,6-3 6-4 6-2,5,RR,,,,,,,,,,,,,,,,,,,,3,3382,19,1600
1999-D050,Davis Cup WG R1: GER vs RUS,Carpet,4,D,19990402,5,103498,,,Marat Safin,R,193,RUS,19.1,103017,,,Nicolas Kiefer,R,183,GER,21.7,7-6(9) 6-4 6-4,5,RR,,,,,,,,,,,,,,,,,,,,23,1254,26,1198
1999-D060,Davis Cup WG R1: SUI vs ITA,Carpet,4,D,19990402,1,101820,,,Marc Rosset,R,201,SUI,28.3,101150,,,Gianluca Pozzi,L,180,ITA,33.7,7-6(2) 6-4 7-6(0),5,RR,,,,,,,,,,,,,,,,,,,,27,1181,69,684
1999-D060,Davis Cup WG R1: SUI vs ITA,Carpet,4,D,19990402,2,103819,,,Roger Federer,R,185,SUI,17.6,102106,,,Davide Sanguinetti,R,188,ITA,26.5,6-4 6-7(3) 6-3 6-4,5,RR,,,,,,,,,,,,,,,,,,,,123,367,48,874
1999-D060,Davis Cup WG R1: SUI vs ITA,Carpet,4,D,19990402,4,102106,,,Davide Sanguinetti,R,188,ITA,26.5,102730,,,Ivo Heuberger,R,188,SUI,23.1,6-3 3-6 7-6(8),3,RR,,,,,,,,,,,,,,,,,,,,48,874,154,307
1999-D060,Davis Cup WG R1: SUI vs ITA,Carpet,4,D,19990402,5,101150,,,Gianluca Pozzi,L,180,ITA,33.7,103819,,,Roger Federer,R,185,SUI,17.6,6-4 7-6(4),3,RR,,,,,,,,,,,,,,,,,,,,69,684,123,367
1999-D082,Davis Cup WG R1: SWE vs SVK,Carpet,4,D,19990402,1,102344,,,Karol Kucera,R,188,SVK,25.0,102563,,,Thomas Johansson,R,180,SWE,24.0,6-1 7-6(7) 2-6 6-3,5,RR,,,,,,,,,,,,,,,,,,,,10,2253,17,1614
1999-D082,Davis Cup WG R1: SWE vs SVK,Carpet,4,D,19990402,2,103103,,,Dominik Hrbaty,R,183,SVK,21.2,102358,,,Thomas Enqvist,R,190,SWE,25.0,7-5 4-6 2-6 6-2 6-4,5,RR,,,,,,,,,,,,,,,,,,,,31,1141,15,1898
1999-D082,Davis Cup WG R1: SWE vs SVK,Carpet,4,D,19990402,4,102344,,,Karol Kucera,R,188,SVK,25.0,102358,,,Thomas Enqvist,R,190,SWE,25.0,1-6 6-3 6-2 6-4,5,RR,,,,,,,,,,,,,,,,,,,,10,2253,15,1898
1999-D082,Davis Cup WG R1: SWE vs SVK,Carpet,4,D,19990402,5,102563,,,Thomas Johansson,R,180,SWE,24.0,103103,,,Dominik Hrbaty,R,183,SVK,21.2,6-4 6-4,3,RR,,,,,,,,,,,,,,,,,,,,17,1614,31,1141
1999-D008,Davis Cup WG R1: ZIM vs AUS,Hard,4,D,19990402,1,101647,,,Byron Black,R,175,ZIM,29.4,102882,,,Mark Philippoussis,R,196,AUS,22.3,6-3 3-6 4-6 6-3 7-5,5,RR,,,,,,,,,,,,,,,,,,,,29,1164,9,2264
1999-D008,Davis Cup WG R1: ZIM vs AUS,Hard,4,D,19990402,2,102158,,,Patrick Rafter,R,185,AUS,26.2,102286,,,Wayne Black,R,170,ZIM,25.3,6-3 3-6 7-6(4) 6-2,5,RR,,,,,,,,,,,,,,,,,,,,5,3115,93,534
1999-D008,Davis Cup WG R1: ZIM vs AUS,Hard,4,D,19990402,4,102158,,,Patrick Rafter,R,185,AUS,26.2,101647,,,Byron Black,R,175,ZIM,29.4,6-4 7-6(2) 6-2,5,RR,,,,,,,,,,,,,,,,,,,,5,3115,29,1164
1999-D008,Davis Cup WG R1: ZIM vs AUS,Hard,4,D,19990402,5,102882,,,Mark Philippoussis,R,196,AUS,22.3,102286,,,Wayne Black,R,170,ZIM,25.3,6-3 6-2,3,RR,,,,,,,,,,,,,,,,,,,,9,2264,93,534
1999-891,Chennai,Hard,32,A,19990405,1,102845,1,,Carlos Moya,R,190,ESP,22.6,103166,,,Vladimir Voltchkov,R,180,BLR,20.9,4-6 6-3 6-3,3,R32,99,5,6,94,52,37,18,14,7,11,5,6,65,33,23,15,14,4,10,2,3516,135,344
1999-891,Chennai,Hard,32,A,19990405,2,102286,,,Wayne Black,R,170,ZIM,25.3,102834,,,Paul Goldstein,R,178,USA,22.6,7-6(6) 6-1,3,R32,88,4,3,65,34,20,21,9,1,3,0,5,68,38,22,10,10,3,8,93,534,115,416
1999-891,Chennai,Hard,32,A,19990405,3,103714,,WC,Andreas Vinciguerra,L,180,SWE,18.1,102987,,,Andre Sa,R,185,BRA,21.9,6-7(2) 6-2 6-1,3,R32,121,4,6,87,57,41,12,14,7,10,7,11,91,40,23,22,13,6,13,490,48,169,278
1999-891,Chennai,Hard,32,A,19990405,4,102783,7,,Rainer Schuettler,R,180,GER,22.9,102477,,Q,Gaston Etlis,R,185,ARG,24.4,7-6(5) 6-1,3,R32,90,2,2,63,42,30,11,9,5,7,0,3,77,41,26,14,10,5,10,71,676,141,329
1999-891,Chennai,Hard,32,A,19990405,5,102227,,,Sargis Sargsian,R,180,ARM,25.8,102563,3,,Thomas Johansson,R,180,SWE,24.0,6-4 3-0 RET,3,R32,62,4,2,33,21,12,6,7,0,2,1,5,62,29,17,11,7,7,12,90,552,17,1614
1999-891,Chennai,Hard,32,A,19990405,6,103193,,,Peter Wessels,R,196,NED,20.9,102921,,Q,Ota Fukarek,R,190,CZE,22.2,4-6 6-4 7-5,3,R32,131,9,7,100,56,40,25,16,5,7,3,3,99,60,47,17,16,7,10,122,373,255,160
1999-891,Chennai,Hard,32,A,19990405,7,101947,,,Vincenzo Santopadre,L,183,ITA,27.6,101688,,,Geoff Grant,R,183,USA,29.2,2-6 6-3 6-4,3,R32,116,3,3,82,38,21,26,14,6,11,1,4,90,51,32,17,13,8,13,118,397,116,416
1999-891,Chennai,Hard,32,A,19990405,8,102776,5,,Andrew Ilie,R,180,AUS,22.9,102615,,,Dennis Van Scheppingen,R,185,NED,23.7,6-3 3-6 6-2,3,R32,112,8,7,87,42,32,21,13,6,9,5,4,89,47,30,20,13,8,13,43,993,145,320
1999-891,Chennai,Hard,32,A,19990405,9,102694,,,Lars Burgsmuller,R,183,GER,23.3,102854,6,,Sjeng Schalken,R,193,NED,22.5,4-6 6-3 6-1,3,R32,116,3,7,90,48,34,20,13,3,6,3,5,85,46,29,15,13,7,13,150,312,56,805
1999-891,Chennai,Hard,32,A,19990405,10,101735,,,Richard Fromberg,R,196,AUS,28.9,102405,,WC,Mahesh Bhupathi,R,185,IND,24.8,6-2 7-5,3,R32,69,11,2,53,27,22,19,10,1,1,2,2,62,33,23,13,10,2,5,83,588,321,108
1999-891,Chennai,Hard,32,A,19990405,11,102233,,,Leander Paes,R,178,IND,25.7,102413,,Q,Andy Zingman,R,183,ARG,24.8,4-6 6-3 6-4,3,R32,108,4,1,80,49,39,18,15,5,7,0,1,83,61,40,12,14,3,6,102,504,217,207
1999-891,Chennai,Hard,32,A,19990405,12,101647,4,,Byron Black,R,175,ZIM,29.4,102571,,Q,Gregory Carraz,R,190,FRA,23.9,6-1 6-3,3,R32,58,4,3,45,19,15,18,8,1,1,4,5,64,30,19,14,8,5,9,29,1164,211,210
1999-891,Chennai,Hard,32,A,19990405,13,102770,8,,John Van Lottum,R,185,NED,22.9,102533,,,Jens Knippschild,R,190,GER,24.1,6-3 6-4,3,R32,78,1,5,59,26,21,19,9,1,1,6,3,61,23,18,18,10,4,7,78,625,105,494
1999-891,Chennai,Hard,32,A,19990405,14,101890,,WC,Jonathan Stark,R,188,USA,28.0,102765,,,Nicolas Escude,R,185,FRA,23.0,6-2 6-7(2) 6-2,3,R32,134,15,8,100,54,41,24,14,8,9,4,3,85,59,38,13,14,5,10,380,84,99,512
1999-891,Chennai,Hard,32,A,19990405,15,102025,,,Mikael Tillstrom,R,185,SWE,27.0,101969,,,Orlin Stanoytchev,R,185,BUL,27.5,6-4 6-4,3,R32,81,1,1,61,30,22,14,10,2,5,2,7,70,39,22,13,10,9,14,104,502,121,379
1999-891,Chennai,Hard,32,A,19990405,16,102344,2,,Karol Kucera,R,188,SVK,25.0,102306,,,Michael Kohlmann,R,188,GER,25.2,7-5 6-1,3,R32,73,5,5,51,26,22,13,9,1,2,2,1,52,20,11,13,10,0,5,10,2253,129,361
1999-891,Chennai,Hard,32,A,19990405,17,102845,1,,Carlos Moya,R,190,ESP,22.6,102286,,,Wayne Black,R,170,ZIM,25.3,6-3 1-6 7-5,3,R16,110,1,8,88,51,28,21,14,6,11,2,2,86,50,29,21,14,2,7,2,3516,93,534
1999-891,Chennai,Hard,32,A,19990405,18,102783,7,,Rainer Schuettler,R,180,GER,22.9,103714,,WC,Andreas Vinciguerra,L,180,SWE,18.1,6-1 6-2,3,R16,55,2,2,55,30,21,18,8,3,3,2,0,35,19,11,6,7,0,4,71,676,490,48
1999-891,Chennai,Hard,32,A,19990405,19,103193,,,Peter Wessels,R,196,NED,20.9,102227,,,Sargis Sargsian,R,180,ARM,25.8,7-6(5) 6-7(6) 6-4,3,R16,162,10,5,120,66,48,33,17,8,11,9,3,138,87,60,25,17,10,14,122,373,90,552
1999-891,Chennai,Hard,32,A,19990405,20,101947,,,Vincenzo Santopadre,L,183,ITA,27.6,102776,5,,Andrew Ilie,R,180,AUS,22.9,6-2 5-7 6-3,3,R16,132,3,1,84,38,25,27,14,3,6,3,5,103,63,38,18,15,7,13,118,397,43,993
1999-891,Chennai,Hard,32,A,19990405,21,101735,,,Richard Fromberg,R,196,AUS,28.9,102694,,,Lars Burgsmuller,R,183,GER,23.3,6-4 1-6 6-2,3,R16,115,5,4,90,46,33,21,13,4,7,1,6,76,31,24,26,12,8,11,83,588,150,312
1999-891,Chennai,Hard,32,A,19990405,22,101647,4,,Byron Black,R,175,ZIM,29.4,102233,,,Leander Paes,R,178,IND,25.7,6-3 6-2,3,R16,80,6,5,74,41,28,18,9,4,5,1,5,62,31,18,14,8,7,11,29,1164,102,504
1999-891,Chennai,Hard,32,A,19990405,23,102770,8,,John Van Lottum,R,185,NED,22.9,101890,,WC,Jonathan Stark,R,188,USA,28.0,7-6(12) 0-6 7-6(6),3,R16,161,3,8,127,72,40,29,15,6,12,10,8,102,51,39,26,15,1,4,78,625,380,84
1999-891,Chennai,Hard,32,A,19990405,24,102025,,,Mikael Tillstrom,R,185,SWE,27.0,102344,2,,Karol Kucera,R,188,SVK,25.0,7-5 4-6 6-2,3,R16,126,2,4,91,43,30,20,15,6,12,2,6,94,47,26,20,15,3,11,104,502,10,2253
1999-891,Chennai,Hard,32,A,19990405,25,102783,7,,Rainer Schuettler,R,180,GER,22.9,102845,1,,Carlos Moya,R,190,ESP,22.6,6-1 3-0 RET,3,QF,44,2,2,37,26,19,5,6,2,2,0,1,39,23,12,5,5,2,6,71,676,2,3516
1999-891,Chennai,Hard,32,A,19990405,26,103193,,,Peter Wessels,R,196,NED,20.9,101947,,,Vincenzo Santopadre,L,183,ITA,27.6,6-2 6-4,3,QF,58,7,2,53,35,29,11,9,0,0,4,1,49,26,20,9,9,0,3,122,373,118,397
1999-891,Chennai,Hard,32,A,19990405,27,101647,4,,Byron Black,R,175,ZIM,29.4,101735,,,Richard Fromberg,R,196,AUS,28.9,6-4 6-2,3,QF,72,1,0,58,37,26,16,10,1,1,5,2,60,36,25,13,10,5,7,29,1164,83,588
1999-891,Chennai,Hard,32,A,19990405,28,102770,8,,John Van Lottum,R,185,NED,22.9,102025,,,Mikael Tillstrom,R,185,SWE,27.0,4-6 6-3 6-2,3,QF,110,1,5,93,49,34,25,14,7,10,0,3,75,38,26,19,13,4,9,78,625,104,502
1999-891,Chennai,Hard,32,A,19990405,29,102783,7,,Rainer Schuettler,R,180,GER,22.9,103193,,,Peter Wessels,R,196,NED,20.9,6-1 6-3,3,SF,59,1,4,48,35,26,6,8,0,1,4,8,54,27,17,7,8,6,11,71,676,122,373
1999-891,Chennai,Hard,32,A,19990405,30,101647,4,,Byron Black,R,175,ZIM,29.4,102770,8,,John Van Lottum,R,185,NED,22.9,6-1 6-1,3,SF,65,3,0,37,23,16,10,7,0,1,1,4,66,35,17,9,7,6,12,29,1164,78,625
1999-891,Chennai,Hard,32,A,19990405,31,101647,4,,Byron Black,R,175,ZIM,29.4,102783,7,,Rainer Schuettler,R,180,GER,22.9,6-4 1-6 6-3,3,F,99,5,3,72,43,30,14,13,1,5,2,7,84,49,33,17,13,6,10,29,1164,71,676
1999-468,Estoril,Clay,32,A,19990405,1,102318,,,Andrei Pavel,R,183,ROU,25.1,102338,1,,Yevgeny Kafelnikov,R,190,RUS,25.1,6-3 2-6 6-3,3,R32,101,7,1,86,65,42,11,13,6,9,0,7,83,53,35,12,13,7,11,49,869,3,3382
1999-468,Estoril,Clay,32,A,19990405,2,102223,,,Karim Alami,R,185,MAR,25.8,101826,,Q,Alex Lopez Moron,R,175,ESP,28.3,6-4 6-0,3,R32,58,3,2,49,30,22,13,8,2,2,1,6,41,12,10,10,8,0,4,74,661,170,277
1999-468,Estoril,Clay,32,A,19990405,3,102434,,,Vincent Spadea,R,183,USA,24.7,102029,,,Filip Dewulf,R,190,BEL,27.0,6-2 6-1,3,R32,58,5,1,56,30,24,16,8,4,4,1,3,52,30,16,8,7,2,6,41,1027,64,741
1999-468,Estoril,Clay,32,A,19990405,4,102259,,,Jerome Golmard,L,188,FRA,25.5,101532,7,,Francisco Clavet,L,183,ESP,30.4,7-6(3) 7-6(5),3,R32,140,3,1,78,54,40,14,12,1,2,2,3,103,59,42,21,12,8,9,25,1210,22,1450
1999-468,Estoril,Clay,32,A,19990405,5,102610,4,,Albert Costa,R,180,ESP,23.7,102644,,,Franco Squillari,L,183,ARG,23.6,6-1 6-3,3,R32,60,4,0,45,30,23,9,8,0,0,1,2,47,29,14,8,8,4,8,16,1800,62,747
1999-468,Estoril,Clay,32,A,19990405,6,101086,,Q,Ronald Agenor,R,180,USA,34.3,102950,,,Fernando Vicente,R,180,ESP,22.0,6-1 6-4,3,R32,69,1,0,60,44,25,12,9,2,4,0,2,47,37,21,2,8,3,8,224,197,50,840
1999-468,Estoril,Clay,32,A,19990405,7,102446,,,Andrei Medvedev,R,193,UKR,24.5,101475,,WC,Carlos Costa,R,183,ESP,30.9,1-6 6-2 7-6(4),3,R32,101,2,2,97,55,36,23,14,3,8,2,4,77,37,26,24,13,3,7,106,487,100,512
1999-468,Estoril,Clay,32,A,19990405,8,102456,6,,Felix Mantilla,R,180,ESP,24.5,101404,,,Thomas Muster,L,180,AUT,31.5,6-3 6-2,3,R32,66,4,3,47,20,17,20,9,2,2,3,3,54,35,19,11,8,5,8,20,1589,24,1224
1999-468,Estoril,Clay,32,A,19990405,9,102856,5,,Gustavo Kuerten,R,190,BRA,22.5,102548,,,Juan Antonio Marin,R,175,CRC,24.0,6-3 6-7(5) 6-4,3,R32,128,5,1,107,49,31,28,15,3,8,1,3,97,73,40,9,16,4,12,18,1608,77,632
1999-468,Estoril,Clay,32,A,19990405,10,102562,,,Jiri Novak,R,190,CZE,24.0,102869,,,Galo Blanco,R,173,ESP,22.4,7-6(1) 6-3,3,R32,101,5,5,69,43,34,8,10,4,7,5,6,99,47,30,19,11,9,14,65,741,87,579
1999-468,Estoril,Clay,32,A,19990405,11,102287,,Q,Albert Portas,R,188,ESP,25.3,103995,,WC,Pedro Leao,R,,POR,16.9,6-1 6-1,3,R32,46,2,4,40,20,18,12,7,1,1,1,0,46,31,12,7,7,3,8,91,548,,
1999-468,Estoril,Clay,32,A,19990405,12,102701,3,,Marcelo Rios,L,175,CHI,23.2,102437,,,Adrian Voinea,R,185,ROU,24.6,3-6 6-4 6-2,3,R32,110,2,2,91,55,31,21,13,10,14,7,5,89,49,34,13,14,6,12,13,2035,76,634
1999-468,Estoril,Clay,32,A,19990405,13,102271,,,Hicham Arazi,L,175,MAR,25.4,103498,8,,Marat Safin,R,193,RUS,19.1,7-6(6) 5-7 6-3,3,R32,134,1,4,118,74,51,20,17,5,9,10,4,115,69,47,22,16,6,10,39,1048,23,1254
1999-468,Estoril,Clay,32,A,19990405,14,101897,,,Fernando Meligeni,L,180,BRA,27.9,103324,,,Arnaud Di Pasquale,R,185,FRA,20.1,6-2 6-2,3,R32,63,2,3,48,35,24,7,9,0,2,0,4,64,34,22,8,8,9,14,59,777,80,622
1999-468,Estoril,Clay,32,A,19990405,15,101731,,WC,Nuno Marques,L,190,POR,28.9,101468,,Q,Gerard Solves,R,185,FRA,30.9,6-2 3-6 6-3,3,R32,104,1,1,78,54,33,16,13,1,4,6,3,83,52,34,11,13,4,9,319,109,247,171
1999-468,Estoril,Clay,32,A,19990405,16,101774,2,,Todd Martin,R,198,USA,28.7,102238,,,Alberto Berasategui,R,173,ESP,25.7,6-1 7-6(3),3,R32,82,6,7,69,37,33,16,10,3,3,0,4,58,41,27,9,9,0,2,8,2279,28,1167
1999-468,Estoril,Clay,32,A,19990405,17,102223,,,Karim Alami,R,185,MAR,25.8,102318,,,Andrei Pavel,R,183,ROU,25.1,3-6 6-3 6-2,3,R16,99,5,3,69,39,26,15,13,1,5,0,1,79,54,36,6,13,7,13,74,661,49,869
1999-468,Estoril,Clay,32,A,19990405,18,102259,,,Jerome Golmard,L,188,FRA,25.5,102434,,,Vincent Spadea,R,183,USA,24.7,6-3 6-2,3,R16,80,2,3,58,30,24,12,9,3,5,1,2,57,30,18,9,8,6,11,25,1210,41,1027
1999-468,Estoril,Clay,32,A,19990405,19,102610,4,,Albert Costa,R,180,ESP,23.7,101086,,Q,Ronald Agenor,R,180,USA,34.3,7-6(5) 7-6(7),3,R16,110,8,2,77,49,35,21,12,0,1,5,4,92,63,41,17,12,3,4,16,1800,224,197
1999-468,Estoril,Clay,32,A,19990405,20,102456,6,,Felix Mantilla,R,180,ESP,24.5,102446,,,Andrei Medvedev,R,193,UKR,24.5,6-3 6-2,3,R16,76,2,3,54,26,20,14,8,1,2,2,3,57,33,19,9,9,7,12,20,1589,106,487
1999-468,Estoril,Clay,32,A,19990405,21,102856,5,,Gustavo Kuerten,R,190,BRA,22.5,102562,,,Jiri Novak,R,190,CZE,24.0,6-3 6-4,3,R16,72,3,2,60,32,23,14,10,3,5,2,2,62,36,19,13,9,1,5,18,1608,65,741
1999-468,Estoril,Clay,32,A,19990405,22,102701,3,,Marcelo Rios,L,175,CHI,23.2,102287,,Q,Albert Portas,R,188,ESP,25.3,6-3 6-3,3,R16,76,3,2,52,33,24,12,9,2,3,2,4,76,41,26,12,9,7,11,13,2035,91,548
1999-468,Estoril,Clay,32,A,19990405,23,101897,,,Fernando Meligeni,L,180,BRA,27.9,102271,,,Hicham Arazi,L,175,MAR,25.4,6-2 6-2,3,R16,66,2,4,50,23,15,18,8,5,6,1,1,63,34,19,11,8,7,12,59,777,39,1048
1999-468,Estoril,Clay,32,A,19990405,24,101774,2,,Todd Martin,R,198,USA,28.7,101731,,WC,Nuno Marques,L,190,POR,28.9,7-5 6-3,3,R16,90,11,7,77,47,34,15,11,5,6,3,0,75,57,33,10,10,8,11,8,2279,319,109
1999-468,Estoril,Clay,32,A,19990405,25,102259,,,Jerome Golmard,L,188,FRA,25.5,102223,,,Karim Alami,R,185,MAR,25.8,6-4 7-6(1),3,QF,101,4,1,67,39,28,20,11,3,4,5,2,78,42,27,19,11,3,5,25,1210,74,661
1999-468,Estoril,Clay,32,A,19990405,26,102610,4,,Albert Costa,R,180,ESP,23.7,102456,6,,Felix Mantilla,R,180,ESP,24.5,6-2 6-4,3,QF,80,6,1,52,33,28,10,9,0,0,2,3,62,32,20,14,9,3,6,16,1800,20,1589
1999-468,Estoril,Clay,32,A,19990405,27,102701,3,,Marcelo Rios,L,175,CHI,23.2,102856,5,,Gustavo Kuerten,R,190,BRA,22.5,6-4 6-3,3,QF,79,1,4,67,35,26,17,10,6,7,3,3,53,23,16,13,9,6,9,13,2035,18,1608
1999-468,Estoril,Clay,32,A,19990405,28,101774,2,,Todd Martin,R,198,USA,28.7,101897,,,Fernando Meligeni,L,180,BRA,27.9,4-5 DEF,3,QF,86,1,2,22,13,10,5,5,0,1,2,1,32,18,13,7,5,3,4,8,2279,59,777
1999-468,Estoril,Clay,32,A,19990405,29,102610,4,,Albert Costa,R,180,ESP,23.7,102259,,,Jerome Golmard,L,188,FRA,25.5,6-4 6-4,3,SF,77,8,1,60,36,32,13,10,2,2,3,3,62,35,24,14,10,4,6,16,1800,25,1210
1999-468,Estoril,Clay,32,A,19990405,30,101774,2,,Todd Martin,R,198,USA,28.7,102701,3,,Marcelo Rios,L,175,CHI,23.2,6-3 7-6(3),3,SF,85,5,3,67,41,35,14,11,1,2,1,4,65,39,29,11,10,0,2,8,2279,13,2035
1999-468,Estoril,Clay,32,A,19990405,31,102610,4,,Albert Costa,R,180,ESP,23.7,101774,2,,Todd Martin,R,198,USA,28.7,7-6(4) 2-6 6-3,3,F,128,0,4,93,57,29,21,14,7,13,7,11,95,46,33,17,15,3,9,16,1800,8,2279
1999-336,Hong Kong,Hard,32,A,19990405,1,101990,1,,Richard Krajicek,R,196,NED,27.3,102863,,,Takao Suzuki,R,175,JPN,22.5,6-4 6-4,3,R32,73,12,1,53,35,31,11,10,5,5,3,1,66,40,26,13,10,1,3,4,3119,110,449
1999-336,Hong Kong,Hard,32,A,19990405,2,102202,,,Kenneth Carlsen,L,190,DEN,25.9,101675,,,Martin Rodriguez,R,178,ARG,29.2,6-1 6-4,3,R32,65,5,2,58,35,27,14,9,3,3,3,5,54,25,16,13,8,2,5,101,506,92,542
1999-336,Hong Kong,Hard,32,A,19990405,3,102521,,,Hendrik Dreekmann,R,188,GER,24.1,101543,,,Jeff Tarango,L,180,USA,30.3,6-4 6-4,3,R32,105,11,5,74,35,26,18,10,7,10,6,1,74,46,26,10,10,6,11,98,519,94,531
1999-336,Hong Kong,Hard,32,A,19990405,4,102021,8,,Michael Chang,R,175,USA,27.1,101888,,,Daniel Vacek,R,190,CZE,28.0,6-1 6-4,3,R32,71,4,0,54,34,27,13,9,2,2,4,4,59,29,23,10,8,6,9,40,1040,53,827
1999-336,Hong Kong,Hard,32,A,19990405,5,101736,3,,Andre Agassi,R,180,USA,28.9,101150,,,Gianluca Pozzi,L,180,ITA,33.7,6-2 6-2,3,R32,62,2,2,55,26,23,16,8,1,1,2,1,50,22,14,12,8,4,8,12,2071,69,684
1999-336,Hong Kong,Hard,32,A,19990405,6,102234,,,Oliver Gross,R,185,GER,25.7,108593,,WC,Wing Luen Wong,U,,HKG,18.0,6-3 6-0,3,R32,53,5,3,48,32,25,10,8,0,0,3,4,49,25,11,11,7,2,6,96,529,1233,2
1999-336,Hong Kong,Hard,32,A,19990405,7,103387,,Q,Paradorn Srichaphan,R,185,THA,19.8,102023,,Q,Petr Luxa,R,190,CZE,27.0,6-1 7-6(11),3,R32,85,6,2,67,46,38,11,10,0,0,2,4,73,44,29,16,9,4,6,307,118,206,222
1999-336,Hong Kong,Hard,32,A,19990405,8,103017,5,,Nicolas Kiefer,R,183,GER,21.7,102466,,,Jan Kroslak,R,188,SVK,24.4,6-1 6-0,3,R32,52,2,3,45,22,19,13,7,2,2,1,11,35,12,5,7,6,2,7,26,1198,67,712
1999-336,Hong Kong,Hard,32,A,19990405,9,101965,6,,Wayne Ferreira,R,185,RSA,27.5,102110,,,Daniel Nestor,L,190,CAN,26.5,4-6 6-4 6-3,3,R32,109,13,7,88,43,35,25,14,4,5,14,12,98,50,36,25,15,3,6,30,1161,82,591
1999-336,Hong Kong,Hard,32,A,19990405,10,101414,,,Boris Becker,R,190,GER,31.3,102103,,Q,Michael Sell,R,180,USA,26.6,6-3 6-1,3,R32,70,8,10,61,34,27,11,8,8,9,1,2,56,34,15,11,8,6,11,75,638,274,142
1999-336,Hong Kong,Hard,32,A,19990405,11,102821,,,Cecil Mamiit,R,173,PHI,22.7,102205,,,Sebastien Lareau,R,183,CAN,25.9,7-5 6-3,3,R32,93,9,6,93,51,31,20,11,10,13,2,3,68,43,24,10,10,7,12,84,582,109,468
1999-336,Hong Kong,Hard,32,A,19990405,12,102133,,,Laurence Tieleman,R,180,ITA,26.3,101611,4,,Cedric Pioline,R,188,FRA,29.8,2-6 6-1 6-4,3,R32,103,5,5,78,44,30,20,13,1,4,4,3,80,48,26,19,12,8,12,86,580,21,1520
1999-336,Hong Kong,Hard,32,A,19990405,13,102035,7,,Jonas Bjorkman,R,183,SWE,27.0,103285,,Q,Radek Stepanek,R,185,CZE,20.3,6-3 6-3,3,R32,73,4,4,69,33,22,24,9,5,5,3,0,47,30,23,6,9,1,4,37,1076,180,256
1999-336,Hong Kong,Hard,32,A,19990405,14,102300,,WC,Gouichi Motomura,R,173,JPN,25.2,102184,,,David Prinosil,R,185,GER,26.0,7-5 4-6 6-3,3,R32,127,2,4,112,60,34,31,16,7,11,12,10,101,44,35,22,15,7,12,222,200,72,675
1999-336,Hong Kong,Hard,32,A,19990405,15,101601,,,Brett Steven,R,185,NZL,29.9,101816,,,Steve Campbell,R,183,USA,28.4,6-4 6-1,3,R32,73,3,3,57,39,27,10,9,3,5,1,6,65,35,19,12,8,8,13,133,353,204,224
1999-336,Hong Kong,Hard,32,A,19990405,16,101463,,,Bernd Karbacher,R,185,GER,31.0,102158,2,,Patrick Rafter,R,185,AUS,26.2,6-7(4) 7-6(1) 6-2,3,R32,149,7,4,122,78,60,21,16,6,7,10,4,105,62,46,21,16,5,8,117,403,5,3115
1999-336,Hong Kong,Hard,32,A,19990405,17,101990,1,,Richard Krajicek,R,196,NED,27.3,102202,,,Kenneth Carlsen,L,190,DEN,25.9,7-6(8) 7-6(2),3,R16,96,16,1,81,57,48,12,12,4,5,9,4,76,46,39,17,12,0,1,4,3119,101,506
1999-336,Hong Kong,Hard,32,A,19990405,18,102521,,,Hendrik Dreekmann,R,188,GER,24.1,102021,8,,Michael Chang,R,175,USA,27.1,3-6 7-5 6-4,3,R16,159,8,7,111,54,41,26,15,8,10,7,2,95,48,37,25,16,1,4,98,519,40,1040
1999-336,Hong Kong,Hard,32,A,19990405,19,101736,3,,Andre Agassi,R,180,USA,28.9,102234,,,Oliver Gross,R,185,GER,25.7,6-2 6-3,3,R16,60,2,1,48,32,24,11,9,4,5,1,2,51,24,15,12,8,4,8,12,2071,96,529
1999-336,Hong Kong,Hard,32,A,19990405,20,103017,5,,Nicolas Kiefer,R,183,GER,21.7,103387,,Q,Paradorn Srichaphan,R,185,THA,19.8,6-1 6-4,3,R16,62,4,2,56,31,23,14,9,4,5,2,1,38,21,14,4,8,1,5,26,1198,307,118
1999-336,Hong Kong,Hard,32,A,19990405,21,101414,,,Boris Becker,R,190,GER,31.3,101965,6,,Wayne Ferreira,R,185,RSA,27.5,6-4 7-6(10),3,R16,98,8,7,76,42,37,21,11,4,4,13,3,82,45,35,22,11,5,6,75,638,30,1161
1999-336,Hong Kong,Hard,32,A,19990405,22,102133,,,Laurence Tieleman,R,180,ITA,26.3,102821,,,Cecil Mamiit,R,173,PHI,22.7,6-3 6-4,3,R16,86,8,8,80,41,31,21,10,11,11,5,2,59,26,19,17,9,4,6,86,580,84,582
1999-336,Hong Kong,Hard,32,A,19990405,23,102035,7,,Jonas Bjorkman,R,183,SWE,27.0,102300,,WC,Gouichi Motomura,R,173,JPN,25.2,6-2 6-4,3,R16,71,1,1,56,34,25,10,9,4,6,2,4,63,35,19,12,9,9,14,37,1076,222,200
1999-336,Hong Kong,Hard,32,A,19990405,24,101463,,,Bernd Karbacher,R,185,GER,31.0,101601,,,Brett Steven,R,185,NZL,29.9,6-4 6-0,3,R16,60,9,2,46,30,22,10,8,0,1,3,4,56,35,17,7,8,5,10,117,403,133,353
1999-336,Hong Kong,Hard,32,A,19990405,25,102521,,,Hendrik Dreekmann,R,188,GER,24.1,101990,1,,Richard Krajicek,R,196,NED,27.3,6-3 3-6 6-3,3,QF,108,2,4,84,40,34,25,14,2,3,9,0,76,47,33,16,13,5,7,98,519,4,3119
1999-336,Hong Kong,Hard,32,A,19990405,26,101736,3,,Andre Agassi,R,180,USA,28.9,103017,5,,Nicolas Kiefer,R,183,GER,21.7,6-2 6-2,3,QF,60,1,1,51,36,27,10,8,5,5,1,7,48,23,14,8,8,6,10,12,2071,26,1198
1999-336,Hong Kong,Hard,32,A,19990405,27,101414,,,Boris Becker,R,190,GER,31.3,102133,,,Laurence Tieleman,R,180,ITA,26.3,7-6(3) 7-6(3),3,QF,98,15,0,69,44,36,19,12,0,0,3,3,80,40,28,27,12,2,2,75,638,86,580
1999-336,Hong Kong,Hard,32,A,19990405,28,101463,,,Bernd Karbacher,R,185,GER,31.0,102035,7,,Jonas Bjorkman,R,183,SWE,27.0,6-4 6-4,3,QF,84,6,1,59,35,27,10,10,2,4,4,3,63,39,27,10,10,3,7,117,403,37,1076
1999-336,Hong Kong,Hard,32,A,19990405,29,101736,3,,Andre Agassi,R,180,USA,28.9,102521,,,Hendrik Dreekmann,R,188,GER,24.1,6-3 6-0,3,SF,48,4,0,39,29,22,5,7,1,2,3,5,46,16,8,10,8,2,8,12,2071,98,519
1999-336,Hong Kong,Hard,32,A,19990405,30,101414,,,Boris Becker,R,190,GER,31.3,101463,,,Bernd Karbacher,R,185,GER,31.0,6-4 6-4,3,SF,80,6,3,57,38,28,12,10,2,3,4,5,58,28,17,17,10,0,3,75,638,117,403
1999-336,Hong Kong,Hard,32,A,19990405,31,101736,3,,Andre Agassi,R,180,USA,28.9,101414,,,Boris Becker,R,190,GER,31.3,6-7(4) 6-4 6-4,3,F,151,7,2,91,53,39,24,16,4,6,21,10,130,79,58,20,16,8,12,12,2071,75,638
1999-425,Barcelona,Clay,56,A,19990412,1,102434,,,Vincent Spadea,R,183,USA,24.7,102796,,,Magnus Norman,R,188,SWE,22.8,6-4 6-3,3,R64,87,1,0,63,33,22,19,10,3,5,3,4,63,30,18,14,9,3,7,39,1054,64,744
1999-425,Barcelona,Clay,56,A,19990412,2,102776,,,Andrew Ilie,R,180,AUS,22.9,101806,,Q,Marc Kevin Goellner,R,196,GER,28.5,6-4 6-3,3,R64,64,2,3,62,33,26,14,10,6,8,7,5,59,33,23,8,9,5,9,42,997,183,253
1999-425,Barcelona,Clay,56,A,19990412,3,102223,,,Karim Alami,R,185,MAR,25.8,101320,15,,Magnus Gustafsson,R,185,SWE,32.2,3-6 6-1 6-2,3,R64,92,1,0,74,45,34,15,13,2,5,0,5,78,51,30,9,12,2,8,83,590,31,1120
1999-425,Barcelona,Clay,56,A,19990412,4,102610,9,,Albert Costa,R,180,ESP,23.7,102247,,,Andrea Gaudenzi,R,183,ITA,25.7,6-3 6-2,3,R64,66,4,1,52,36,28,8,9,1,2,2,4,58,40,20,10,8,8,12,14,2025,81,595
1999-425,Barcelona,Clay,56,A,19990412,5,102950,,,Fernando Vicente,R,180,ESP,22.0,101086,,Q,Ronald Agenor,R,180,USA,34.4,6-4 7-5,3,R64,99,5,1,89,55,32,19,11,6,9,3,2,82,57,35,7,11,7,12,49,840,190,239
1999-425,Barcelona,Clay,56,A,19990412,6,102318,,,Andrei Pavel,R,183,ROU,25.2,101475,,,Carlos Costa,R,183,ESP,30.9,6-3 6-7(7) 6-1,3,R64,114,6,0,85,57,40,14,13,1,3,8,1,102,66,37,17,15,8,15,47,898,106,462
1999-425,Barcelona,Clay,56,A,19990412,7,102644,,,Franco Squillari,L,183,ARG,23.6,101439,,WC,Javier Sanchez,R,178,ESP,31.1,7-6(5) 6-2,3,R64,82,4,3,76,55,37,12,10,4,6,2,3,70,48,28,12,10,5,9,67,722,158,295
1999-425,Barcelona,Clay,56,A,19990412,8,102287,,,Albert Portas,R,188,ESP,25.4,102446,,,Andrei Medvedev,R,193,UKR,24.6,6-4 6-1,3,R64,57,3,0,54,36,27,8,9,1,3,2,1,56,35,18,7,8,4,9,87,580,100,498
1999-425,Barcelona,Clay,56,A,19990412,9,102238,14,,Alberto Berasategui,R,173,ESP,25.7,103324,,,Arnaud Di Pasquale,R,185,FRA,20.1,6-3 6-2,3,R64,61,0,0,46,37,26,8,8,2,2,1,3,61,45,29,4,9,5,9,46,927,78,622
1999-425,Barcelona,Clay,56,A,19990412,10,103498,12,,Marat Safin,R,193,RUS,19.2,103202,,WC,Oscar Serrano,R,173,ESP,20.8,6-1 7-6(5),3,R64,78,10,3,61,26,19,23,9,2,3,1,1,77,37,25,17,10,6,10,25,1200,164,282
1999-425,Barcelona,Clay,56,A,19990412,11,103990,,Q,Tommy Robredo,R,180,ESP,16.9,102106,,,Davide Sanguinetti,R,188,ITA,26.6,7-6(3) 6-1,3,R64,80,0,0,61,37,23,17,9,2,4,3,2,76,39,25,13,10,6,11,410,72,57,799
1999-425,Barcelona,Clay,56,A,19990412,12,103096,,,Arnaud Clement,R,173,FRA,21.3,101235,,,Paul Haarhuis,R,188,NED,33.1,6-4 6-7(5) 6-4,3,R64,142,2,1,106,66,43,25,16,6,9,9,6,120,66,47,23,16,7,12,89,578,70,697
1999-425,Barcelona,Clay,56,A,19990412,13,103264,,,Mariano Puerta,L,180,ARG,20.5,102437,,,Adrian Voinea,R,185,ROU,24.6,6-3 2-6 6-4,3,R64,100,5,2,88,64,40,12,14,5,9,8,4,70,43,31,14,13,4,8,38,1059,79,621
1999-425,Barcelona,Clay,56,A,19990412,14,103151,,,Mariano Zabaleta,R,183,ARG,21.1,103206,,,Sebastien Grosjean,R,175,FRA,20.8,6-7(6) 7-6(5) 6-1,3,R64,170,4,3,132,68,43,38,16,13,16,0,3,108,85,53,8,15,3,8,51,831,45,944
1999-425,Barcelona,Clay,56,A,19990412,15,101532,11,,Francisco Clavet,L,183,ESP,30.4,103031,,,Julian Alonso,R,185,ESP,21.6,6-4 6-4,3,R64,86,3,0,61,36,20,22,10,4,5,0,3,64,32,22,13,10,2,5,22,1450,117,404
1999-425,Barcelona,Clay,56,A,19990412,16,101897,,,Fernando Meligeni,L,180,BRA,28.0,101820,13,,Marc Rosset,R,201,SUI,28.4,6-3 6-2,3,R64,56,5,4,44,29,25,9,9,0,1,2,6,50,24,13,12,8,3,7,61,754,27,1181
1999-425,Barcelona,Clay,56,A,19990412,17,102548,,,Juan Antonio Marin,R,175,CRC,24.1,102239,,Q,Francisco Costa,R,180,BRA,25.7,6-3 7-6(3),3,R64,96,1,4,91,53,36,22,11,5,6,4,0,55,33,23,14,10,0,2,90,578,206,216
1999-425,Barcelona,Clay,56,A,19990412,18,101962,,,Younes El Aynaoui,R,193,MAR,27.5,101723,,,Magnus Larsson,R,193,SWE,29.0,7-5 6-3,3,R64,76,1,0,63,43,28,15,11,3,4,3,0,52,40,26,7,10,1,4,41,998,50,831
1999-425,Barcelona,Clay,56,A,19990412,19,101746,,,Renzo Furlan,R,175,ITA,28.9,102271,,,Hicham Arazi,L,175,MAR,25.4,6-3 6-4,3,R64,85,2,0,65,35,21,18,10,5,8,3,2,59,29,14,14,9,4,9,151,310,37,1065
1999-425,Barcelona,Clay,56,A,19990412,20,103252,,,Alberto Martin,R,175,ESP,20.6,102562,,,Jiri Novak,R,190,CZE,24.0,6-0 6-1,3,R64,47,1,0,51,32,26,7,7,4,4,0,0,30,25,9,0,6,0,5,74,662,65,732
1999-425,Barcelona,Clay,56,A,19990412,21,102456,10,,Felix Mantilla,R,180,ESP,24.5,102869,,,Galo Blanco,R,173,ESP,22.5,6-2 6-0,3,R64,63,2,1,43,25,20,11,7,1,1,3,3,45,21,13,7,7,4,9,19,1591,88,579
1999-425,Barcelona,Clay,56,A,19990412,22,102539,16,,Bohdan Ulihrach,R,188,CZE,24.1,101462,,Q,Francisco Roig,R,175,ESP,31.0,7-6(4) 6-1,3,R64,65,1,1,60,38,27,15,10,1,2,3,2,63,36,20,17,9,2,5,34,1087,436,64
1999-425,Barcelona,Clay,56,A,19990412,23,103507,,WC,Juan Carlos Ferrero,R,183,ESP,19.1,101507,,WC,Tomas Carbonell,R,178,ESP,30.6,6-3 4-6 6-4,3,R64,107,1,1,92,60,39,14,15,2,7,5,4,87,49,36,10,14,5,11,138,337,248,160
1999-425,Barcelona,Clay,56,A,19990412,24,102153,,Q,German Puentes,R,173,ESP,26.3,102145,,Q,Francisco Cabello,R,190,ARG,26.3,7-6(5) 7-6(1),3,R64,123,0,0,101,80,49,9,12,8,12,1,0,100,77,41,10,12,7,11,175,262,240,173
1999-425,Barcelona,Clay,56,A,19990412,25,102434,,,Vincent Spadea,R,183,USA,24.7,101549,,LL,Rodolphe Gilbert,L,183,FRA,30.3,6-3 6-0,3,R32,62,5,0,45,30,26,8,8,3,3,0,2,54,32,17,9,7,7,11,39,1054,194,234
1999-425,Barcelona,Clay,56,A,19990412,26,102223,,,Karim Alami,R,185,MAR,25.8,102776,,,Andrew Ilie,R,180,AUS,22.9,6-3 6-1,3,R32,50,3,1,40,23,17,13,8,0,1,3,3,49,24,14,6,8,1,6,83,590,42,997
1999-425,Barcelona,Clay,56,A,19990412,27,102610,9,,Albert Costa,R,180,ESP,23.7,102950,,,Fernando Vicente,R,180,ESP,22.0,6-4 6-1,3,R32,,,,,,,,,,,,,,,,,,,,14,2025,49,840
1999-425,Barcelona,Clay,56,A,19990412,28,102701,8,,Marcelo Rios,L,175,CHI,23.2,102318,,,Andrei Pavel,R,183,ROU,25.2,3-6 6-3 6-2,3,R32,102,1,1,85,51,31,19,13,5,9,1,1,82,59,33,10,13,8,14,13,2123,47,898
1999-425,Barcelona,Clay,56,A,19990412,29,102644,,,Franco Squillari,L,183,ARG,23.6,102338,3,,Yevgeny Kafelnikov,R,190,RUS,25.1,6-2 6-4,3,R32,65,1,0,57,44,33,8,9,4,4,1,0,52,39,23,9,9,4,7,67,722,3,3382
1999-425,Barcelona,Clay,56,A,19990412,30,102238,14,,Alberto Berasategui,R,173,ESP,25.7,102287,,,Albert Portas,R,188,ESP,25.4,7-6(6) 2-6 6-1,3,R32,124,0,2,92,68,47,9,13,5,8,1,4,108,84,53,11,14,6,10,46,927,87,580
1999-425,Barcelona,Clay,56,A,19990412,31,103990,,Q,Tommy Robredo,R,180,ESP,16.9,103498,12,,Marat Safin,R,193,RUS,19.2,1-6 6-4 6-4,3,R32,108,0,1,97,63,43,13,13,6,10,2,3,84,34,23,29,14,0,4,410,72,25,1200
1999-425,Barcelona,Clay,56,A,19990412,32,101774,6,,Todd Martin,R,198,USA,28.7,103096,,,Arnaud Clement,R,173,FRA,21.3,6-4 7-6(5),3,R32,107,12,5,90,49,37,15,11,10,13,2,0,80,52,29,14,11,4,8,8,2439,89,578
1999-425,Barcelona,Clay,56,A,19990412,33,102450,5,,Tim Henman,R,185,GBR,24.5,103264,,,Mariano Puerta,L,180,ARG,20.5,7-6(1) 6-7(3) 7-5,3,R32,180,13,6,145,82,57,29,18,13,17,2,3,125,81,52,21,18,11,16,7,2633,38,1059
1999-425,Barcelona,Clay,56,A,19990412,34,101532,11,,Francisco Clavet,L,183,ESP,30.4,103151,,,Mariano Zabaleta,R,183,ARG,21.1,6-3 6-3,3,R32,76,3,0,44,33,26,10,9,0,0,3,1,70,41,28,11,9,9,12,22,1450,51,831
1999-425,Barcelona,Clay,56,A,19990412,35,101897,,,Fernando Meligeni,L,180,BRA,28.0,102548,,,Juan Antonio Marin,R,175,CRC,24.1,6-2 6-2,3,R32,79,1,1,60,40,31,7,8,6,7,0,1,54,24,11,14,8,5,10,61,754,90,578
1999-425,Barcelona,Clay,56,A,19990412,36,101962,,,Younes El Aynaoui,R,193,MAR,27.5,102374,4,,Alex Corretja,R,180,ESP,25.0,7-6(3) 6-3,3,R32,97,6,2,70,38,27,20,11,3,5,7,3,63,34,22,16,10,3,6,41,998,5,3101
1999-425,Barcelona,Clay,56,A,19990412,37,101746,,,Renzo Furlan,R,175,ITA,28.9,102882,7,,Mark Philippoussis,R,196,AUS,22.4,4-6 7-6(6) 7-6(5),3,R32,153,5,3,127,76,51,28,17,9,13,14,7,112,54,46,27,17,3,6,151,310,9,2264
1999-425,Barcelona,Clay,56,A,19990412,38,102456,10,,Felix Mantilla,R,180,ESP,24.5,103252,,,Alberto Martin,R,175,ESP,20.6,6-3 6-2,3,R32,64,6,1,47,32,26,9,9,3,4,1,1,45,30,15,9,8,2,6,19,1591,74,662
1999-425,Barcelona,Clay,56,A,19990412,39,103507,,WC,Juan Carlos Ferrero,R,183,ESP,19.1,102539,16,,Bohdan Ulihrach,R,188,CZE,24.1,6-2 6-7(8) 6-3,3,R32,108,4,1,84,58,41,14,14,4,7,4,5,97,64,38,18,15,7,14,138,337,34,1087
1999-425,Barcelona,Clay,56,A,19990412,40,102845,2,,Carlos Moya,R,190,ESP,22.6,102153,,Q,German Puentes,R,173,ESP,26.3,6-3 4-6 6-3,3,R32,121,1,4,103,76,42,14,14,11,15,0,2,93,76,44,6,14,4,10,2,3453,175,262
1999-425,Barcelona,Clay,56,A,19990412,41,102223,,,Karim Alami,R,185,MAR,25.8,102434,,,Vincent Spadea,R,183,USA,24.7,6-3 6-3,3,R16,78,3,0,60,38,27,13,9,2,3,0,0,64,37,21,13,9,6,10,83,590,39,1054
1999-425,Barcelona,Clay,56,A,19990412,42,102610,9,,Albert Costa,R,180,ESP,23.7,102701,8,,Marcelo Rios,L,175,CHI,23.2,6-4 6-1,3,R16,52,3,1,42,27,23,9,8,0,0,3,0,46,24,18,7,9,0,4,14,2025,13,2123
1999-425,Barcelona,Clay,56,A,19990412,43,102238,14,,Alberto Berasategui,R,173,ESP,25.7,102644,,,Franco Squillari,L,183,ARG,23.6,6-0 7-6(1),3,R16,61,0,1,51,40,31,8,9,2,3,2,1,58,38,21,8,9,1,5,46,927,67,722
1999-425,Barcelona,Clay,56,A,19990412,44,101774,6,,Todd Martin,R,198,USA,28.7,103990,,Q,Tommy Robredo,R,180,ESP,16.9,6-3 7-6(6),3,R16,88,2,2,74,45,35,11,10,6,8,3,3,73,43,24,19,11,4,8,8,2439,410,72
1999-425,Barcelona,Clay,56,A,19990412,45,101532,11,,Francisco Clavet,L,183,ESP,30.4,102450,5,,Tim Henman,R,185,GBR,24.5,6-1 6-4,3,R16,85,0,1,60,35,24,13,9,6,9,2,6,60,25,16,10,8,2,8,22,1450,7,2633
1999-425,Barcelona,Clay,56,A,19990412,46,101897,,,Fernando Meligeni,L,180,BRA,28.0,101962,,,Younes El Aynaoui,R,193,MAR,27.5,3-6 7-6(4) 6-1,3,R16,99,2,3,86,57,46,12,15,4,8,1,5,76,50,34,11,13,1,5,61,754,41,998
1999-425,Barcelona,Clay,56,A,19990412,47,102456,10,,Felix Mantilla,R,180,ESP,24.5,101746,,,Renzo Furlan,R,175,ITA,28.9,6-3 6-0,3,R16,80,3,0,60,30,20,21,8,5,5,1,2,44,24,12,7,7,5,9,19,1591,151,310
1999-425,Barcelona,Clay,56,A,19990412,48,102845,2,,Carlos Moya,R,190,ESP,22.6,103507,,WC,Juan Carlos Ferrero,R,183,ESP,19.1,7-5 5-7 6-4,3,R16,159,7,8,125,57,36,37,17,12,16,0,2,123,97,58,13,17,13,18,2,3453,138,337
1999-425,Barcelona,Clay,56,A,19990412,49,102223,,,Karim Alami,R,185,MAR,25.8,102610,9,,Albert Costa,R,180,ESP,23.7,6-4 7-5,3,QF,92,7,1,78,48,37,12,11,5,7,2,1,70,44,26,14,11,3,7,83,590,14,2025
1999-425,Barcelona,Clay,56,A,19990412,50,101774,6,,Todd Martin,R,198,USA,28.7,102238,14,,Alberto Berasategui,R,173,ESP,25.7,3-6 7-5 6-3,3,QF,106,4,4,88,62,41,15,15,4,7,2,3,97,74,49,8,15,5,9,8,2439,46,927
1999-425,Barcelona,Clay,56,A,19990412,51,101532,11,,Francisco Clavet,L,183,ESP,30.4,101897,,,Fernando Meligeni,L,180,BRA,28.0,1-6 7-5 7-6(6),3,QF,146,1,1,104,79,52,13,15,11,15,2,1,114,58,40,31,16,5,8,22,1450,61,754
1999-425,Barcelona,Clay,56,A,19990412,52,102456,10,,Felix Mantilla,R,180,ESP,24.5,102845,2,,Carlos Moya,R,190,ESP,22.6,4-6 6-2 6-3,3,QF,130,3,2,104,60,33,21,14,9,15,3,2,86,41,21,18,13,10,18,19,1591,2,3453
1999-425,Barcelona,Clay,56,A,19990412,53,102223,,,Karim Alami,R,185,MAR,25.8,101774,6,,Todd Martin,R,198,USA,28.7,6-3 6-4,3,SF,68,6,1,57,32,23,16,10,4,5,7,3,52,37,24,6,9,3,6,83,590,8,2439
1999-425,Barcelona,Clay,56,A,19990412,54,102456,10,,Felix Mantilla,R,180,ESP,24.5,101532,11,,Francisco Clavet,L,183,ESP,30.4,6-3 6-2,3,SF,80,4,0,50,30,24,13,9,2,2,1,0,48,33,22,4,8,3,6,19,1591,22,1450
1999-425,Barcelona,Clay,56,A,19990412,55,102456,10,,Felix Mantilla,R,180,ESP,24.5,102223,,,Karim Alami,R,185,MAR,25.8,7-6(2) 6-3 6-3,5,F,136,6,5,102,58,43,23,15,8,10,7,2,84,38,29,20,15,0,5,19,1591,83,590
1999-329,Tokyo,Hard,56,A,19990412,1,102770,,,John Van Lottum,R,185,NED,23.0,102765,,,Nicolas Escude,R,185,FRA,23.0,6-2 6-4,3,R64,65,3,0,49,29,23,14,9,1,2,1,3,57,31,18,12,9,4,8,71,694,98,512
1999-329,Tokyo,Hard,56,A,19990412,2,102821,,,Cecil Mamiit,R,173,PHI,22.7,102053,,Q,Brian Macphie,L,180,USA,26.9,7-6(6) 6-2,3,R64,80,0,1,66,44,37,12,10,0,0,9,1,75,44,30,16,10,5,7,82,594,159,293
1999-329,Tokyo,Hard,56,A,19990412,3,102184,16,,David Prinosil,R,185,GER,26.0,210013,,,Martin Damm Sr,R,188,CZE,26.6,6-1 6-3,3,R64,61,10,0,44,26,22,12,8,0,0,3,5,57,24,17,12,8,4,8,75,658,,
1999-329,Tokyo,Hard,56,A,19990412,4,102021,9,,Michael Chang,R,175,USA,27.1,102422,,Q,Michael Hill,R,188,AUS,24.7,7-6(5) 6-7(5) 7-6(4),3,R64,170,3,0,119,74,57,24,18,4,8,6,7,135,80,63,22,18,5,9,40,1043,211,210
1999-329,Tokyo,Hard,56,A,19990412,5,102533,,,Jens Knippschild,R,190,GER,24.1,101601,,,Brett Steven,R,185,NZL,29.9,6-2 7-5,3,R64,73,4,2,50,25,22,17,10,0,1,0,5,89,58,33,15,10,8,12,101,494,123,369
1999-329,Tokyo,Hard,56,A,19990412,6,102133,,,Laurence Tieleman,R,180,ITA,26.4,102306,,,Michael Kohlmann,R,188,GER,25.2,6-3 7-6(6),3,R64,95,4,2,85,54,39,14,11,3,5,2,0,63,38,21,16,10,0,3,80,621,135,342
1999-329,Tokyo,Hard,56,A,19990412,7,103285,,Q,Radek Stepanek,R,185,CZE,20.3,101543,,,Jeff Tarango,L,180,USA,30.3,7-5 6-4,3,R64,103,17,3,79,48,39,14,11,5,6,4,3,75,49,33,12,11,3,6,173,265,95,531
1999-329,Tokyo,Hard,56,A,19990412,8,102110,,,Daniel Nestor,L,190,CAN,26.6,102652,,,Christian Vinck,L,183,GER,23.6,4-6 6-3 6-3,3,R64,120,4,7,97,51,35,25,14,4,6,1,2,101,79,47,10,14,11,15,84,583,163,285
1999-329,Tokyo,Hard,56,A,19990412,9,102025,,,Mikael Tillstrom,R,185,SWE,27.1,102466,13,,Jan Kroslak,R,188,SVK,24.4,7-6(4) 6-4,3,R64,84,2,3,73,52,33,12,11,4,6,3,8,73,45,32,12,11,4,7,111,433,69,703
1999-329,Tokyo,Hard,56,A,19990412,10,102103,,Q,Michael Sell,R,180,USA,26.6,101185,11,,Mark Woodforde,L,188,AUS,33.5,7-6(7) 2-6 6-3,3,R64,126,1,0,93,58,38,15,14,2,7,5,9,115,81,49,14,15,9,14,259,153,59,787
1999-329,Tokyo,Hard,56,A,19990412,11,102300,,WC,Gouichi Motomura,R,173,JPN,25.2,102667,,WC,Satoshi Iwabuchi,L,175,JPN,23.5,6-2 6-4,3,R64,65,0,3,57,29,21,16,9,2,3,2,2,52,38,23,7,9,3,7,218,204,310,115
1999-329,Tokyo,Hard,56,A,19990412,12,103387,,Q,Paradorn Srichaphan,R,185,THA,19.8,101947,,,Vincenzo Santopadre,L,183,ITA,27.6,6-3 7-6(4),3,R64,80,0,2,63,48,35,6,11,1,4,0,3,70,47,29,10,10,6,10,268,143,109,439
1999-329,Tokyo,Hard,56,A,19990412,13,102205,,,Sebastien Lareau,R,183,CAN,25.9,102863,,,Takao Suzuki,R,175,JPN,22.5,6-7(5) 6-3 6-2,3,R64,122,4,2,109,77,54,15,15,8,9,6,2,89,58,42,14,14,11,15,119,388,107,449
1999-329,Tokyo,Hard,56,A,19990412,14,102234,,,Oliver Gross,R,185,GER,25.8,101906,,WC,Yasufumi Yamamoto,R,175,JPN,27.9,6-4 6-4,3,R64,78,7,2,60,30,22,16,10,2,4,1,2,54,22,13,15,10,2,6,94,535,569,34
1999-329,Tokyo,Hard,56,A,19990412,15,102854,12,,Sjeng Schalken,R,193,NED,22.5,102286,,,Wayne Black,R,170,ZIM,25.4,6-4 6-1,3,R64,65,5,2,51,38,26,6,8,0,1,1,3,54,38,17,7,9,2,7,55,805,93,541
1999-329,Tokyo,Hard,56,A,19990412,16,101150,14,,Gianluca Pozzi,L,180,ITA,33.8,102836,,LL,Rogier Wassen,R,190,NED,22.6,6-2 6-3,3,R64,73,6,3,49,24,22,14,9,1,2,0,4,65,38,21,11,8,8,12,73,672,146,319
1999-329,Tokyo,Hard,56,A,19990412,17,102834,,,Paul Goldstein,R,178,USA,22.6,102521,,,Hendrik Dreekmann,R,188,GER,24.1,7-5 6-4,3,R64,75,0,1,64,50,33,7,11,0,3,1,5,53,25,15,11,11,0,5,114,416,76,643
1999-329,Tokyo,Hard,56,A,19990412,18,102348,,WC,Hideki Kaneko,R,,JPN,25.1,101956,,Q,Mark Knowles,R,190,BAH,27.6,6-3 6-4,3,R64,69,0,3,55,36,27,10,10,0,1,1,2,49,30,20,10,9,3,6,249,160,278,136
1999-329,Tokyo,Hard,56,A,19990412,19,102615,,,Dennis Van Scheppingen,R,185,NED,23.7,101969,,,Orlin Stanoytchev,R,185,BUL,27.5,6-2 6-1,3,R64,52,3,2,43,21,19,13,8,3,4,1,0,36,19,8,4,7,3,8,145,320,121,379
1999-329,Tokyo,Hard,56,A,19990412,20,102694,,,Lars Burgsmuller,R,183,GER,23.3,103193,,,Peter Wessels,R,196,NED,20.9,6-3 3-6 6-2,3,R64,115,6,3,96,80,58,5,13,6,7,3,2,82,54,37,13,13,4,7,156,296,110,435
1999-329,Tokyo,Hard,56,A,19990412,21,101888,10,,Daniel Vacek,R,190,CZE,28.0,101688,,,Geoff Grant,R,183,USA,29.2,6-1 6-1,3,R64,52,8,1,39,19,17,12,7,0,0,1,2,52,35,17,6,7,5,10,52,827,118,397
1999-329,Tokyo,Hard,56,A,19990412,22,102202,,,Kenneth Carlsen,L,190,DEN,25.9,102783,15,,Rainer Schuettler,R,180,GER,22.9,6-2 6-4,3,R64,57,2,3,43,24,24,13,9,0,0,0,4,48,34,18,10,9,0,3,127,360,54,820
1999-329,Tokyo,Hard,56,A,19990412,23,101885,,Q,Wayne Arthurs,L,190,AUS,28.0,101675,,,Martin Rodriguez,R,178,ARG,29.3,6-4 6-3,3,R64,64,4,0,44,32,27,9,9,0,0,1,2,81,58,33,12,10,12,15,185,250,92,542
1999-329,Tokyo,Hard,56,A,19990412,24,101463,,,Bernd Karbacher,R,185,GER,31.0,101816,,,Steve Campbell,R,183,USA,28.4,6-2 7-6(4),3,R64,91,5,1,58,38,28,9,10,1,4,0,3,75,47,25,10,10,5,10,97,519,203,224
1999-329,Tokyo,Hard,56,A,19990412,25,101990,1,,Richard Krajicek,R,196,NED,27.3,102770,,,John Van Lottum,R,185,NED,23.0,3-1 RET,3,R32,19,3,0,10,5,5,3,2,0,0,0,1,15,4,2,6,3,2,3,4,3119,71,694
1999-329,Tokyo,Hard,56,A,19990412,26,102184,16,,David Prinosil,R,185,GER,26.0,102821,,,Cecil Mamiit,R,173,PHI,22.7,6-2 6-3,3,R32,64,7,1,55,39,29,9,9,1,2,2,2,49,27,17,8,8,2,6,75,658,82,594
1999-329,Tokyo,Hard,56,A,19990412,27,102533,,,Jens Knippschild,R,190,GER,24.1,102021,9,,Michael Chang,R,175,USA,27.1,6-3 6-4,3,R32,69,1,3,45,15,11,20,9,2,4,2,1,53,30,19,10,10,1,6,101,494,40,1043
1999-329,Tokyo,Hard,56,A,19990412,28,102035,8,,Jonas Bjorkman,R,183,SWE,27.0,102133,,,Laurence Tieleman,R,180,ITA,26.4,6-3 6-3,3,R32,74,0,0,50,27,20,17,9,2,2,7,4,68,33,23,15,9,5,8,32,1109,80,621
1999-329,Tokyo,Hard,56,A,19990412,29,102358,3,,Thomas Enqvist,R,190,SWE,25.0,103285,,Q,Radek Stepanek,R,185,CZE,20.3,7-6(1) 6-4,3,R32,85,2,3,64,40,35,14,11,0,0,8,0,80,48,34,18,11,7,8,16,1898,173,265
1999-329,Tokyo,Hard,56,A,19990412,30,102110,,,Daniel Nestor,L,190,CAN,26.6,102025,,,Mikael Tillstrom,R,185,SWE,27.1,6-2 6-2,3,R32,49,3,0,41,28,24,9,8,0,0,1,1,48,31,19,6,8,2,6,84,583,111,433
1999-329,Tokyo,Hard,56,A,19990412,31,102103,,Q,Michael Sell,R,180,USA,26.6,102300,,WC,Gouichi Motomura,R,173,JPN,25.2,6-7(6) 6-4 6-3,3,R32,,,,,,,,,,,,,,,,,,,,259,153,218,204
1999-329,Tokyo,Hard,56,A,19990412,32,103017,5,,Nicolas Kiefer,R,183,GER,21.7,103387,,Q,Paradorn Srichaphan,R,185,THA,19.8,6-2 6-3,3,R32,95,4,4,68,33,25,19,9,5,5,3,0,58,30,18,14,8,2,5,26,1199,268,143
1999-329,Tokyo,Hard,56,A,19990412,33,102205,,,Sebastien Lareau,R,183,CAN,25.9,101647,6,,Byron Black,R,175,ZIM,29.5,6-3 7-5,3,R32,74,3,0,61,48,36,10,11,4,4,3,1,62,39,30,11,10,4,6,119,388,24,1218
1999-329,Tokyo,Hard,56,A,19990412,34,102854,12,,Sjeng Schalken,R,193,NED,22.5,102234,,,Oliver Gross,R,185,GER,25.8,6-4 6-2,3,R32,65,1,0,51,33,25,8,9,3,5,5,3,57,33,17,10,9,1,6,55,805,94,535
1999-329,Tokyo,Hard,56,A,19990412,35,101150,14,,Gianluca Pozzi,L,180,ITA,33.8,102834,,,Paul Goldstein,R,178,USA,22.6,6-4 4-6 6-4,3,R32,137,6,3,85,35,29,26,15,4,7,1,4,105,64,40,20,15,6,10,73,672,114,416
1999-329,Tokyo,Hard,56,A,19990412,36,102563,4,,Thomas Johansson,R,180,SWE,24.0,102348,,WC,Hideki Kaneko,R,,JPN,25.1,6-3 6-3,3,R32,74,1,3,57,22,11,20,9,5,8,2,2,49,32,16,5,9,2,8,20,1565,249,160
1999-329,Tokyo,Hard,56,A,19990412,37,101965,7,,Wayne Ferreira,R,185,RSA,27.5,102615,,,Dennis Van Scheppingen,R,185,NED,23.7,7-6(2) 6-3,3,R32,85,13,3,72,36,29,19,11,3,5,2,5,70,31,23,16,10,4,7,28,1161,145,320
1999-329,Tokyo,Hard,56,A,19990412,38,102694,,,Lars Burgsmuller,R,183,GER,23.3,101888,10,,Daniel Vacek,R,190,CZE,28.0,6-2 7-5,3,R32,79,2,3,62,33,18,20,10,2,5,3,5,53,26,15,7,10,2,8,156,296,52,827
1999-329,Tokyo,Hard,56,A,19990412,39,102202,,,Kenneth Carlsen,L,190,DEN,25.9,101885,,Q,Wayne Arthurs,L,190,AUS,28.0,6-4 6-2,3,R32,68,5,0,57,35,26,13,9,6,7,5,3,51,27,18,10,9,0,4,127,360,185,250
1999-329,Tokyo,Hard,56,A,19990412,40,101463,,,Bernd Karbacher,R,185,GER,31.0,101687,,LL,David Dilucia,R,173,USA,29.2,7-6(7) 6-2,3,R32,112,6,4,76,37,30,17,10,5,7,5,3,86,60,36,9,10,8,12,97,519,280,134
1999-329,Tokyo,Hard,56,A,19990412,41,101990,1,,Richard Krajicek,R,196,NED,27.3,102184,16,,David Prinosil,R,185,GER,26.0,6-4 6-4,3,R16,81,12,3,68,37,28,14,10,3,5,3,2,56,20,13,18,10,3,7,4,3119,75,658
1999-329,Tokyo,Hard,56,A,19990412,42,102035,8,,Jonas Bjorkman,R,183,SWE,27.0,102533,,,Jens Knippschild,R,190,GER,24.1,6-7(4) 6-4 6-4,3,R16,141,5,4,130,81,54,24,16,15,18,7,5,108,58,38,25,16,8,13,32,1109,101,494
1999-329,Tokyo,Hard,56,A,19990412,43,102358,3,,Thomas Enqvist,R,190,SWE,25.0,102110,,,Daniel Nestor,L,190,CAN,26.6,6-2 6-2,3,R16,51,1,2,46,25,22,12,8,2,2,5,6,45,25,16,5,8,3,7,16,1898,84,583
1999-329,Tokyo,Hard,56,A,19990412,44,103017,5,,Nicolas Kiefer,R,183,GER,21.7,102103,,Q,Michael Sell,R,180,USA,26.6,3-6 6-3 6-2,3,R16,131,11,6,83,43,35,16,13,7,11,0,3,101,60,34,16,13,12,18,26,1199,259,153
1999-329,Tokyo,Hard,56,A,19990412,45,102205,,,Sebastien Lareau,R,183,CAN,25.9,102854,12,,Sjeng Schalken,R,193,NED,22.5,2-6 7-6(3) 7-6(4),3,R16,147,8,2,117,97,63,8,16,10,13,0,4,117,73,48,25,16,7,8,119,388,55,805
1999-329,Tokyo,Hard,56,A,19990412,46,102563,4,,Thomas Johansson,R,180,SWE,24.0,101150,14,,Gianluca Pozzi,L,180,ITA,33.8,6-4 3-6 6-4,3,R16,132,5,1,105,53,42,20,14,16,19,9,1,76,29,23,25,15,2,6,20,1565,73,672
1999-329,Tokyo,Hard,56,A,19990412,47,101965,7,,Wayne Ferreira,R,185,RSA,27.5,102694,,,Lars Burgsmuller,R,183,GER,23.3,6-3 6-4,3,R16,140,7,0,58,34,29,13,10,0,0,1,1,49,30,19,12,9,2,4,28,1161,156,296
1999-329,Tokyo,Hard,56,A,19990412,48,102202,,,Kenneth Carlsen,L,190,DEN,25.9,101463,,,Bernd Karbacher,R,185,GER,31.0,7-5 6-2,3,R16,83,8,1,53,34,27,9,10,2,4,3,1,61,33,19,12,10,1,6,127,360,97,519
1999-329,Tokyo,Hard,56,A,19990412,49,102035,8,,Jonas Bjorkman,R,183,SWE,27.0,101990,1,,Richard Krajicek,R,196,NED,27.3,3-6 7-5 6-1,3,QF,112,2,2,99,60,35,19,14,3,8,11,4,82,46,30,11,14,3,10,32,1109,4,3119
1999-329,Tokyo,Hard,56,A,19990412,50,103017,5,,Nicolas Kiefer,R,183,GER,21.7,102358,3,,Thomas Enqvist,R,190,SWE,25.0,6-7(5) 7-5 6-4,3,QF,171,9,5,116,64,42,26,17,5,9,9,8,125,70,46,24,17,8,14,26,1199,16,1898
1999-329,Tokyo,Hard,56,A,19990412,51,102563,4,,Thomas Johansson,R,180,SWE,24.0,102205,,,Sebastien Lareau,R,183,CAN,25.9,6-1 6-4,3,QF,56,8,1,48,21,19,18,9,0,0,1,0,46,36,21,4,8,1,4,20,1565,119,388
1999-329,Tokyo,Hard,56,A,19990412,52,101965,7,,Wayne Ferreira,R,185,RSA,27.5,102202,,,Kenneth Carlsen,L,190,DEN,25.9,3-6 6-2 6-3,3,QF,102,6,1,82,44,33,21,13,6,7,3,4,75,48,38,11,13,0,3,28,1161,127,360
1999-329,Tokyo,Hard,56,A,19990412,53,103017,5,,Nicolas Kiefer,R,183,GER,21.7,102035,8,,Jonas Bjorkman,R,183,SWE,27.0,4-6 6-1 6-4,3,SF,126,4,7,99,47,34,24,14,6,9,3,4,82,52,29,12,13,2,7,26,1199,32,1109
1999-329,Tokyo,Hard,56,A,19990412,54,101965,7,,Wayne Ferreira,R,185,RSA,27.5,102563,4,,Thomas Johansson,R,180,SWE,24.0,6-3 6-2,3,SF,66,8,0,49,30,27,10,9,2,2,3,4,54,27,20,11,8,3,6,28,1161,20,1565
1999-329,Tokyo,Hard,56,A,19990412,55,103017,5,,Nicolas Kiefer,R,183,GER,21.7,101965,7,,Wayne Ferreira,R,185,RSA,27.5,7-6(5) 7-5,3,F,104,6,4,76,39,31,19,12,1,3,5,4,73,44,32,15,12,4,7,26,1199,28,1161
1999-D058,Davis Cup G2 SF: IRI vs THA,Clay,4,D,19990416,1,103821,,,Danai Udomchoke,R,173,THA,17.6,108595,,,Mohammed Reza Tavakoli,U,,IRI,27.3,6-1 6-3 6-2,5,RR,,,,,,,,,,,,,,,,,,,,557,35,,
1999-D058,Davis Cup G2 SF: IRI vs THA,Clay,4,D,19990416,2,102097,,,Naratorn Srichaphan,R,,THA,26.6,108596,,,Ramin Raziyani,R,,IRI,24.9,6-2 6-4 6-2,5,RR,,,,,,,,,,,,,,,,,,,,727,17,,
1999-D058,Davis Cup G2 SF: IRI vs THA,Clay,4,D,19990416,4,103821,,,Danai Udomchoke,R,173,THA,17.6,103875,,,Anoosha Shahgholi,U,,IRI,17.4,6-4 4-6 6-4,3,RR,,,,,,,,,,,,,,,,,,,,557,35,,
1999-D058,Davis Cup G2 SF: IRI vs THA,Clay,4,D,19990416,5,102097,,,Naratorn Srichaphan,R,,THA,26.6,108621,,,Seyed Akbar Taheri Rahaghi,U,,IRI,25.4,6-4 6-4,3,RR,,,,,,,,,,,,,,,,,,,,727,17,,
1999-410,Monte Carlo Masters,Clay,56,M,19990419,1,102375,,LL,Dinu Pescariu,R,185,ROU,25.0,101792,,,Slava Dosedel,R,183,CZE,28.6,6-2 6-1,3,R64,64,1,2,45,25,14,14,8,2,4,0,1,43,24,11,4,7,1,7,103,500,66,705
1999-410,Monte Carlo Masters,Clay,56,M,19990419,2,102223,,,Karim Alami,R,185,MAR,25.9,102854,,LL,Sjeng Schalken,R,193,NED,22.6,6-2 6-3,3,R64,56,4,2,42,21,16,13,8,2,4,0,2,51,35,20,3,9,1,7,46,860,52,820
1999-410,Monte Carlo Masters,Clay,56,M,19990419,3,101404,,,Thomas Muster,L,180,AUT,31.5,102563,16,,Thomas Johansson,R,180,SWE,24.0,6-3 6-4,3,R64,75,1,1,58,41,26,14,10,1,2,6,4,62,22,16,19,9,5,8,39,1048,18,1650
1999-410,Monte Carlo Masters,Clay,56,M,19990419,4,101414,,WC,Boris Becker,R,190,GER,31.4,101611,,,Cedric Pioline,R,188,FRA,29.8,6-4 5-7 6-4,3,R64,153,6,4,99,53,33,27,16,9,13,1,8,114,57,37,32,16,15,20,60,751,22,1520
1999-410,Monte Carlo Masters,Clay,56,M,19990419,5,102259,,,Jerome Golmard,L,188,FRA,25.6,102106,,,Davide Sanguinetti,R,188,ITA,26.6,6-1 6-2,3,R64,65,2,0,41,22,17,15,8,0,0,4,2,63,36,20,10,7,4,8,25,1306,55,799
1999-410,Monte Carlo Masters,Clay,56,M,19990419,6,103324,,WC,Arnaud Di Pasquale,R,185,FRA,20.1,102238,,,Alberto Berasategui,R,173,ESP,25.8,7-6(4) 5-7 6-4,3,R64,112,1,5,102,69,46,16,17,5,11,1,2,114,98,52,9,17,3,9,91,561,65,714
1999-410,Monte Carlo Masters,Clay,56,M,19990419,7,102887,,,Ramon Delgado,R,185,PAR,22.4,102035,,,Jonas Bjorkman,R,183,SWE,27.0,7-6(5) 0-6 6-4,3,R64,122,4,4,88,56,36,13,14,9,15,2,2,90,57,42,14,14,6,10,54,802,26,1258
1999-410,Monte Carlo Masters,Clay,56,M,19990419,8,103206,,WC,Sebastien Grosjean,R,175,FRA,20.8,102585,,Q,Sebastian Prieto,R,180,ARG,23.9,6-0 6-4,3,R64,68,5,0,45,26,20,14,8,3,3,3,1,71,44,22,13,8,11,15,44,944,154,302
1999-410,Monte Carlo Masters,Clay,56,M,19990419,9,103163,14,,Tommy Haas,R,188,GER,21.0,103498,,,Marat Safin,R,193,RUS,19.2,6-4 6-2,3,R64,71,3,0,64,36,27,13,9,6,7,2,2,50,18,13,13,9,2,6,20,1600,28,1172
1999-410,Monte Carlo Masters,Clay,56,M,19990419,10,102271,,,Hicham Arazi,L,175,MAR,25.4,101964,11,,Goran Ivanisevic,L,193,CRO,27.5,6-1 6-4,3,R64,55,6,1,66,34,21,18,9,3,5,2,8,48,29,18,6,8,5,10,37,1065,16,1929
1999-410,Monte Carlo Masters,Clay,56,M,19990419,11,103264,,,Mariano Puerta,L,180,ARG,20.5,103096,,Q,Arnaud Clement,R,173,FRA,21.3,6-4 6-2,3,R64,72,5,0,49,28,25,12,9,4,5,5,2,70,37,21,16,9,5,9,43,967,82,583
1999-410,Monte Carlo Masters,Clay,56,M,19990419,12,102318,,,Andrei Pavel,R,183,ROU,25.2,101962,,,Younes El Aynaoui,R,193,MAR,27.6,6-4 7-5,3,R64,103,2,0,80,55,38,12,11,10,11,2,2,92,57,36,15,11,10,13,75,655,36,1076
1999-410,Monte Carlo Masters,Clay,56,M,19990419,13,102434,,,Vincent Spadea,R,183,USA,24.7,103819,,WC,Roger Federer,R,185,SUI,17.6,7-6(3) 6-0,3,R64,65,1,0,54,33,27,16,9,0,0,0,2,62,33,20,15,9,4,7,33,1088,128,367
1999-410,Monte Carlo Masters,Clay,56,M,19990419,14,101532,,,Francisco Clavet,L,183,ESP,30.4,101888,,,Daniel Vacek,R,190,CZE,28.0,6-1 6-0,3,R64,54,6,1,33,26,20,5,6,1,1,0,2,56,28,12,12,7,7,13,21,1578,61,735
1999-410,Monte Carlo Masters,Clay,56,M,19990419,15,102358,12,,Thomas Enqvist,R,190,SWE,25.1,103103,,,Dominik Hrbaty,R,183,SVK,21.2,7-5 6-7(4) 6-2,3,R64,122,10,5,95,62,39,21,16,1,5,9,8,108,47,33,25,16,6,13,15,1951,32,1089
1999-410,Monte Carlo Masters,Clay,56,M,19990419,16,102856,13,,Gustavo Kuerten,R,190,BRA,22.6,102519,,Q,Marcio Carlsson,R,175,BRA,24.2,6-1 6-3,3,R64,64,3,1,55,22,20,19,8,1,1,2,3,50,32,15,11,8,4,8,19,1631,131,351
1999-410,Monte Carlo Masters,Clay,56,M,19990419,17,102539,,,Bohdan Ulihrach,R,188,CZE,24.1,102950,,,Fernando Vicente,R,180,ESP,22.1,6-2 6-2,3,R64,76,2,4,71,33,22,16,8,7,10,0,4,47,26,10,6,8,3,10,34,1078,48,840
1999-410,Monte Carlo Masters,Clay,56,M,19990419,18,101897,,,Fernando Meligeni,L,180,BRA,28.0,102776,,,Andrew Ilie,R,180,AUS,23.0,6-4 5-7 6-2,3,R64,103,7,9,93,51,39,19,15,3,7,0,4,84,44,28,20,15,3,9,51,825,42,997
1999-410,Monte Carlo Masters,Clay,56,M,19990419,19,102562,,Q,Jiri Novak,R,190,CZE,24.0,101820,,,Marc Rosset,R,201,SUI,28.4,6-3 7-5,3,R64,76,0,1,72,45,32,19,11,5,5,4,8,66,37,28,13,10,0,2,62,732,27,1181
1999-410,Monte Carlo Masters,Clay,56,M,19990419,20,102770,,Q,John Van Lottum,R,185,NED,23.0,101733,,,Jan Siemerink,L,183,NED,29.0,5-7 6-1 6-4,3,R64,112,0,1,84,60,42,13,15,5,8,2,9,92,43,30,20,14,6,11,70,697,29,1127
1999-410,Monte Carlo Masters,Clay,56,M,19990419,21,102610,10,,Albert Costa,R,180,ESP,23.8,103151,,,Mariano Zabaleta,R,183,ARG,21.1,6-3 6-4,3,R64,85,4,1,65,45,31,12,10,2,3,2,3,59,32,20,15,9,1,4,14,2079,53,819
1999-410,Monte Carlo Masters,Clay,56,M,19990419,22,102456,15,,Felix Mantilla,R,180,ESP,24.5,102644,,Q,Franco Squillari,L,183,ARG,23.6,6-2 6-4,3,R64,72,2,2,52,26,21,14,9,2,3,0,0,58,35,20,11,9,4,8,17,1905,59,764
1999-410,Monte Carlo Masters,Clay,56,M,19990419,23,102839,,,Nicolas Lapentti,R,188,ECU,22.6,102247,,,Andrea Gaudenzi,R,183,ITA,25.7,6-1 7-6(1),3,R64,78,3,1,58,34,22,17,10,2,4,0,1,61,43,25,6,9,2,6,41,1018,115,414
1999-410,Monte Carlo Masters,Clay,56,M,19990419,24,103344,,Q,Ivan Ljubicic,R,193,CRO,20.0,102446,,WC,Andrei Medvedev,R,193,UKR,24.6,5-7 6-0 6-1,3,R64,97,4,0,84,47,30,19,13,5,9,0,3,80,46,22,14,12,7,15,196,232,104,498
1999-410,Monte Carlo Masters,Clay,56,M,19990419,25,102845,1,,Carlos Moya,R,190,ESP,22.6,102375,,LL,Dinu Pescariu,R,185,ROU,25.0,3-6 6-3 6-4,3,R32,124,7,3,87,46,33,17,14,4,9,2,1,119,90,52,11,14,9,15,2,3388,103,500
1999-410,Monte Carlo Masters,Clay,56,M,19990419,26,102223,,,Karim Alami,R,185,MAR,25.9,101404,,,Thomas Muster,L,180,AUT,31.5,6-3 6-3,3,R32,74,9,3,59,34,27,13,9,4,5,0,4,76,48,28,11,9,7,11,46,860,39,1048
1999-410,Monte Carlo Masters,Clay,56,M,19990419,27,102259,,,Jerome Golmard,L,188,FRA,25.6,101414,,WC,Boris Becker,R,190,GER,31.4,W/O,3,R32,,,,,,,,,,,,,,,,,,,,25,1306,60,751
1999-410,Monte Carlo Masters,Clay,56,M,19990419,28,103324,,WC,Arnaud Di Pasquale,R,185,FRA,20.1,101947,,LL,Vincenzo Santopadre,L,183,ITA,27.6,6-3 7-6(4),3,R32,75,2,4,66,49,36,7,11,1,4,4,3,61,34,22,12,10,2,6,91,561,109,439
1999-410,Monte Carlo Masters,Clay,56,M,19990419,29,102882,5,,Mark Philippoussis,R,196,AUS,22.4,102887,,,Ramon Delgado,R,185,PAR,22.4,7-6(4) 6-4,3,R32,188,8,3,65,35,27,16,11,1,3,2,6,87,39,26,23,11,11,14,8,2264,54,802
1999-410,Monte Carlo Masters,Clay,56,M,19990419,30,103206,,WC,Sebastien Grosjean,R,175,FRA,20.8,103163,14,,Tommy Haas,R,188,GER,21.0,7-5 6-2,3,R32,67,5,1,62,32,21,15,10,3,6,2,6,55,27,15,9,10,4,10,44,944,20,1600
1999-410,Monte Carlo Masters,Clay,56,M,19990419,31,102271,,,Hicham Arazi,L,175,MAR,25.4,103264,,,Mariano Puerta,L,180,ARG,20.5,6-1 6-4,3,R32,69,4,0,55,27,19,17,9,3,4,1,3,48,28,18,6,8,1,5,37,1065,43,967
1999-410,Monte Carlo Masters,Clay,56,M,19990419,32,102701,9,,Marcelo Rios,L,175,CHI,23.3,102318,,,Andrei Pavel,R,183,ROU,25.2,0-6 6-4 7-6(6),3,R32,106,2,3,91,51,32,18,14,4,10,0,1,82,51,35,16,14,2,6,13,2125,75,655
1999-410,Monte Carlo Masters,Clay,56,M,19990419,33,102434,,,Vincent Spadea,R,183,USA,24.7,102344,6,,Karol Kucera,R,188,SVK,25.1,6-4 6-3,3,R32,90,0,3,64,37,25,13,10,0,2,0,3,61,30,18,14,9,5,9,33,1088,9,2253
1999-410,Monte Carlo Masters,Clay,56,M,19990419,34,101532,,,Francisco Clavet,L,183,ESP,30.4,102358,12,,Thomas Enqvist,R,190,SWE,25.1,6-2 6-0,3,R32,69,0,3,58,37,25,10,7,6,7,2,5,49,24,13,7,7,4,10,21,1578,15,1951
1999-410,Monte Carlo Masters,Clay,56,M,19990419,35,102856,13,,Gustavo Kuerten,R,190,BRA,22.6,102539,,,Bohdan Ulihrach,R,188,CZE,24.1,6-7(5) 6-2 6-4,3,R32,104,6,2,89,45,36,21,15,3,7,2,2,93,59,35,18,15,5,12,19,1631,34,1078
1999-410,Monte Carlo Masters,Clay,56,M,19990419,36,101897,,,Fernando Meligeni,L,180,BRA,28.0,102450,3,,Tim Henman,R,185,GBR,24.6,6-7(5) 6-4 7-5,3,R32,173,0,5,114,67,40,31,17,5,8,7,4,111,57,44,23,17,3,8,51,825,7,2633
1999-410,Monte Carlo Masters,Clay,56,M,19990419,37,102562,,Q,Jiri Novak,R,190,CZE,24.0,102257,8,,Greg Rusedski,L,193,GBR,25.6,6-2 6-2,3,R32,56,2,0,43,30,25,9,8,1,1,7,5,63,32,24,8,8,6,10,62,732,12,2126
1999-410,Monte Carlo Masters,Clay,56,M,19990419,38,102610,10,,Albert Costa,R,180,ESP,23.8,102770,,Q,John Van Lottum,R,185,NED,23.0,6-2 6-3,3,R32,66,3,2,52,34,28,11,9,3,3,3,3,47,29,18,8,8,2,5,14,2079,70,697
1999-410,Monte Carlo Masters,Clay,56,M,19990419,39,102456,15,,Felix Mantilla,R,180,ESP,24.5,102839,,,Nicolas Lapentti,R,188,ECU,22.6,7-5 7-6(4),3,R32,103,1,0,74,47,34,13,12,0,4,2,0,66,42,25,12,12,3,8,17,1905,41,1018
1999-410,Monte Carlo Masters,Clay,56,M,19990419,40,103344,,Q,Ivan Ljubicic,R,193,CRO,20.0,102338,2,,Yevgeny Kafelnikov,R,190,RUS,25.1,6-1 6-2,3,R32,44,8,1,37,22,21,9,8,1,2,1,2,46,27,19,2,7,2,7,196,232,3,3382
1999-410,Monte Carlo Masters,Clay,56,M,19990419,41,102845,1,,Carlos Moya,R,190,ESP,22.6,102223,,,Karim Alami,R,185,MAR,25.9,6-4 6-1,3,R16,66,3,1,60,36,24,11,9,3,5,2,3,53,19,12,13,8,6,11,2,3388,46,860
1999-410,Monte Carlo Masters,Clay,56,M,19990419,42,102259,,,Jerome Golmard,L,188,FRA,25.6,103324,,WC,Arnaud Di Pasquale,R,185,FRA,20.1,6-1 6-4,3,R16,83,2,4,61,36,21,13,8,4,7,2,3,63,39,17,9,9,7,14,25,1306,91,561
1999-410,Monte Carlo Masters,Clay,56,M,19990419,43,102882,5,,Mark Philippoussis,R,196,AUS,22.4,103206,,WC,Sebastien Grosjean,R,175,FRA,20.8,4-6 7-6(5) 6-2,3,R16,120,8,3,111,70,49,21,15,4,6,8,2,93,58,42,17,15,1,4,8,2264,44,944
1999-410,Monte Carlo Masters,Clay,56,M,19990419,44,102701,9,,Marcelo Rios,L,175,CHI,23.3,102271,,,Hicham Arazi,L,175,MAR,25.4,6-3 6-3,3,R16,63,5,1,62,36,27,13,9,2,3,3,2,48,24,17,9,9,2,6,13,2125,37,1065
1999-410,Monte Carlo Masters,Clay,56,M,19990419,45,102434,,,Vincent Spadea,R,183,USA,24.7,101532,,,Francisco Clavet,L,183,ESP,30.4,6-3 2-6 6-3,3,R16,110,1,1,72,32,18,25,13,4,9,0,2,81,52,30,12,13,3,9,33,1088,21,1578
1999-410,Monte Carlo Masters,Clay,56,M,19990419,46,102856,13,,Gustavo Kuerten,R,190,BRA,22.6,101897,,,Fernando Meligeni,L,180,BRA,28.0,6-2 7-6(2),3,R16,74,6,0,65,28,26,19,10,3,4,3,1,63,41,25,12,10,2,5,19,1631,51,825
1999-410,Monte Carlo Masters,Clay,56,M,19990419,47,102610,10,,Albert Costa,R,180,ESP,23.8,102562,,Q,Jiri Novak,R,190,CZE,24.0,4-6 6-2 6-4,3,R16,99,1,2,85,53,40,15,14,3,5,3,5,90,56,38,15,14,11,15,14,2079,62,732
1999-410,Monte Carlo Masters,Clay,56,M,19990419,48,102456,15,,Felix Mantilla,R,180,ESP,24.5,103344,,Q,Ivan Ljubicic,R,193,CRO,20.0,6-2 6-2,3,R16,66,2,0,48,33,26,9,8,3,3,6,3,57,28,17,12,8,1,5,17,1905,196,232
1999-410,Monte Carlo Masters,Clay,56,M,19990419,49,102259,,,Jerome Golmard,L,188,FRA,25.6,102845,1,,Carlos Moya,R,190,ESP,22.6,6-7(5) 6-3 6-0,3,QF,128,10,2,84,50,39,17,14,2,4,3,2,100,61,35,16,13,13,19,25,1306,2,3388
1999-410,Monte Carlo Masters,Clay,56,M,19990419,50,102701,9,,Marcelo Rios,L,175,CHI,23.3,102882,5,,Mark Philippoussis,R,196,AUS,22.4,6-2 6-7(2) 6-4,3,QF,114,2,4,87,44,34,23,15,3,5,11,3,88,49,38,14,15,3,8,13,2125,8,2264
1999-410,Monte Carlo Masters,Clay,56,M,19990419,51,102856,13,,Gustavo Kuerten,R,190,BRA,22.6,102434,,,Vincent Spadea,R,183,USA,24.7,6-3 6-3,3,QF,54,4,0,53,30,23,13,9,1,2,2,0,52,32,19,9,9,1,5,19,1631,33,1088
1999-410,Monte Carlo Masters,Clay,56,M,19990419,52,102456,15,,Felix Mantilla,R,180,ESP,24.5,102610,10,,Albert Costa,R,180,ESP,23.8,6-4 6-7(2) 7-6(4),3,QF,164,6,4,125,72,46,27,17,7,11,5,2,118,83,55,16,17,8,13,17,1905,14,2079
1999-410,Monte Carlo Masters,Clay,56,M,19990419,53,102701,9,,Marcelo Rios,L,175,CHI,23.3,102259,,,Jerome Golmard,L,188,FRA,25.6,6-4 3-6 6-2,3,SF,135,4,6,107,66,41,20,14,11,16,4,4,94,59,36,13,13,9,15,13,2125,25,1306
1999-410,Monte Carlo Masters,Clay,56,M,19990419,54,102856,13,,Gustavo Kuerten,R,190,BRA,22.6,102456,15,,Felix Mantilla,R,180,ESP,24.5,3-6 6-3 6-4,3,SF,119,11,5,100,45,39,24,14,8,10,2,2,77,47,34,15,14,1,4,19,1631,17,1905
1999-410,Monte Carlo Masters,Clay,56,M,19990419,55,102856,13,,Gustavo Kuerten,R,190,BRA,22.6,102701,9,,Marcelo Rios,L,175,CHI,23.3,6-4 2-1 RET,3,F,54,2,0,31,20,16,8,6,0,0,2,2,52,27,17,12,7,2,4,19,1631,13,2125
1999-717,Orlando,Clay,32,A,19990419,1,101727,1,,Jason Stoltenberg,R,185,AUS,29.0,102925,,,Justin Gimelstob,R,196,USA,22.2,6-0 6-7(5) 6-4,3,R32,129,3,3,93,53,40,20,14,6,8,2,5,92,57,35,15,14,4,10,31,1089,63,731
1999-717,Orlando,Clay,32,A,19990419,2,102024,,,Hernan Gumy,R,188,ARG,27.1,101889,,,Todd Woodbridge,R,178,AUS,28.0,6-3 6-7(2) 6-4,3,R32,126,1,0,89,58,42,16,15,4,7,4,6,93,62,46,11,16,4,10,90,563,106,478
1999-717,Orlando,Clay,32,A,19990419,3,102463,,,Lucas Arnold Ker,R,180,ARG,24.5,101969,,,Orlin Stanoytchev,R,185,BUL,27.5,5-7 6-0 6-4,3,R32,151,3,8,99,57,42,18,14,11,14,4,4,116,75,43,17,14,12,18,127,368,121,379
1999-717,Orlando,Clay,32,A,19990419,4,102104,7,,Christian Ruud,R,188,NOR,26.6,102231,,,Alex Calatrava,R,190,ESP,25.8,6-4 6-2,3,R32,,,,,,,,,,,,,,,,,,,,68,701,149,320
1999-717,Orlando,Clay,32,A,19990419,5,101150,,,Gianluca Pozzi,L,180,ITA,33.8,101723,4,,Magnus Larsson,R,193,SWE,29.0,3-6 6-3 6-4,3,R32,98,3,2,77,41,30,21,14,6,9,1,8,79,41,27,20,14,4,8,72,675,49,831
1999-717,Orlando,Clay,32,A,19990419,6,103252,,,Alberto Martin,R,175,ESP,20.6,102394,,,Johan Van Herck,R,185,BEL,24.9,6-3 3-6 7-5,3,R32,127,1,2,100,71,47,19,15,6,8,4,9,91,43,32,24,15,3,6,73,660,123,376
1999-717,Orlando,Clay,32,A,19990419,7,103084,,,Guillermo Canas,R,185,ARG,21.3,102905,,,Stefan Koubek,L,175,AUT,22.2,6-4 7-6(3),3,R32,93,0,1,66,34,20,19,11,1,5,2,4,66,29,17,18,11,2,7,87,574,92,553
1999-717,Orlando,Clay,32,A,19990419,8,103720,6,,Lleyton Hewitt,R,180,AUS,18.1,101675,,,Martin Rodriguez,R,178,ARG,29.3,6-3 6-4,3,R32,95,1,1,78,48,31,16,10,7,9,7,1,70,31,18,18,9,6,10,57,790,97,516
1999-717,Orlando,Clay,32,A,19990419,9,101793,5,,Jim Courier,R,185,USA,28.6,102025,,,Mikael Tillstrom,R,185,SWE,27.1,6-4 7-5,3,R32,101,8,1,64,42,33,12,11,1,2,3,2,85,44,28,21,11,14,17,50,826,114,424
1999-717,Orlando,Clay,32,A,19990419,10,102869,,,Galo Blanco,R,173,ESP,22.5,101711,,WC,Alex Obrien,R,185,USA,29.1,7-5 6-3,3,R32,84,5,1,65,40,32,12,11,2,3,1,5,71,44,27,14,10,2,5,88,567,176,263
1999-717,Orlando,Clay,32,A,19990419,11,103250,,Q,Rodolphe Cadart,L,183,FRA,20.6,101434,,,Petr Korda,L,190,CZE,31.2,4-6 7-6(4) 6-1,3,R32,120,2,5,85,46,33,23,14,4,6,5,3,106,57,35,25,15,6,10,237,174,102,504
1999-717,Orlando,Clay,32,A,19990419,12,103018,,Q,Max Mirnyi,R,196,BLR,21.7,102401,3,,Scott Draper,L,178,AUS,24.8,6-4 3-6 6-3,3,R32,91,6,7,82,44,35,22,14,5,7,3,2,73,46,36,13,14,4,7,228,186,45,882
1999-717,Orlando,Clay,32,A,19990419,13,102796,8,,Magnus Norman,R,188,SWE,22.8,102520,,Q,Olivier Malcor,R,180,FRA,24.2,6-3 6-0,3,R32,62,6,2,43,23,19,14,8,0,0,1,4,58,27,18,10,7,4,8,64,721,291,127
1999-717,Orlando,Clay,32,A,19990419,14,101475,,,Carlos Costa,R,183,ESP,30.9,102133,,,Laurence Tieleman,R,180,ITA,26.4,6-3 6-0,3,R32,52,2,0,38,25,21,6,7,0,1,3,4,54,24,13,9,8,2,8,125,370,79,620
1999-717,Orlando,Clay,32,A,19990419,15,102574,,Q,Gabriel Trifu,R,193,ROU,24.0,102162,,WC,Chris Woodruff,R,188,USA,26.2,7-6(3) 6-0,3,R32,81,6,2,68,35,25,20,9,7,8,2,4,52,31,18,7,9,2,6,225,189,160,290
1999-717,Orlando,Clay,32,A,19990419,16,102227,,,Sargis Sargsian,R,180,ARM,25.8,102998,2,,Jan Michael Gambill,R,190,USA,21.8,3-6 6-3 7-6(4),3,R32,117,3,2,87,53,40,23,15,1,3,7,4,97,53,44,20,15,5,7,83,582,47,843
1999-717,Orlando,Clay,32,A,19990419,17,102024,,,Hernan Gumy,R,188,ARG,27.1,101727,1,,Jason Stoltenberg,R,185,AUS,29.0,7-6(3) 7-6(4),3,R16,148,0,3,86,53,44,17,12,5,6,3,5,96,50,36,25,12,12,13,90,563,31,1089
1999-717,Orlando,Clay,32,A,19990419,18,102104,7,,Christian Ruud,R,188,NOR,26.6,102463,,,Lucas Arnold Ker,R,180,ARG,24.5,3-6 7-6(3) 6-2,3,R16,152,4,2,96,62,43,16,14,6,10,5,9,109,66,44,16,15,9,14,68,701,127,368
1999-717,Orlando,Clay,32,A,19990419,19,103252,,,Alberto Martin,R,175,ESP,20.6,101150,,,Gianluca Pozzi,L,180,ITA,33.8,6-3 3-6 6-2,3,R16,120,0,2,95,74,48,11,13,5,7,2,2,88,42,28,22,13,7,11,73,660,72,675
1999-717,Orlando,Clay,32,A,19990419,20,103084,,,Guillermo Canas,R,185,ARG,21.3,103720,6,,Lleyton Hewitt,R,180,AUS,18.1,6-3 6-3,3,R16,85,3,1,55,28,23,16,9,2,2,1,2,60,31,19,15,9,2,5,87,574,57,790
1999-717,Orlando,Clay,32,A,19990419,21,101793,5,,Jim Courier,R,185,USA,28.6,102869,,,Galo Blanco,R,173,ESP,22.5,7-5 6-4,3,R16,92,6,0,52,34,29,13,11,0,1,6,0,85,57,39,10,11,11,14,50,826,88,567
1999-717,Orlando,Clay,32,A,19990419,22,103018,,Q,Max Mirnyi,R,196,BLR,21.7,103250,,Q,Rodolphe Cadart,L,183,FRA,20.6,6-2 7-6(7),3,R16,94,7,1,73,44,32,19,10,6,6,0,1,70,53,33,11,10,4,6,228,186,237,174
1999-717,Orlando,Clay,32,A,19990419,23,102796,8,,Magnus Norman,R,188,SWE,22.8,101475,,,Carlos Costa,R,183,ESP,30.9,6-4 6-4,3,R16,81,5,1,69,37,30,14,10,6,8,4,3,55,35,26,7,10,2,6,64,721,125,370
1999-717,Orlando,Clay,32,A,19990419,24,102574,,Q,Gabriel Trifu,R,193,ROU,24.0,102227,,,Sargis Sargsian,R,180,ARM,25.8,6-4 6-4,3,R16,105,3,5,67,34,22,19,10,5,7,0,3,76,51,26,14,10,4,8,225,189,83,582
1999-717,Orlando,Clay,32,A,19990419,25,102104,7,,Christian Ruud,R,188,NOR,26.6,102024,,,Hernan Gumy,R,188,ARG,27.1,7-6(10) 6-4,3,QF,135,3,2,96,70,42,11,11,6,10,1,3,79,54,37,8,11,5,10,68,701,90,563
1999-717,Orlando,Clay,32,A,19990419,26,103084,,,Guillermo Canas,R,185,ARG,21.3,103252,,,Alberto Martin,R,175,ESP,20.6,6-4 7-6(4),3,QF,99,7,0,60,28,27,23,11,2,2,1,4,82,51,36,18,11,8,9,87,574,73,660
1999-717,Orlando,Clay,32,A,19990419,27,103018,,Q,Max Mirnyi,R,196,BLR,21.7,101793,5,,Jim Courier,R,185,USA,28.6,6-3 6-7(3) 6-4,3,QF,122,10,3,87,61,51,17,16,3,3,6,2,87,56,41,19,15,2,4,228,186,50,826
1999-717,Orlando,Clay,32,A,19990419,28,102796,8,,Magnus Norman,R,188,SWE,22.8,102574,,Q,Gabriel Trifu,R,193,ROU,24.0,7-5 6-2,3,QF,109,6,1,61,38,31,10,10,4,5,6,4,90,54,35,12,10,13,17,64,721,225,189
1999-717,Orlando,Clay,32,A,19990419,29,103084,,,Guillermo Canas,R,185,ARG,21.3,102104,7,,Christian Ruud,R,188,NOR,26.6,5-2 RET,3,SF,32,2,0,19,9,7,6,4,2,2,0,0,21,19,8,1,4,1,3,87,574,68,701
1999-717,Orlando,Clay,32,A,19990419,30,102796,8,,Magnus Norman,R,188,SWE,22.8,103018,,Q,Max Mirnyi,R,196,BLR,21.7,6-2 6-1,3,SF,58,2,1,41,20,15,15,7,2,2,6,4,49,21,14,10,8,0,5,64,721,228,186
1999-717,Orlando,Clay,32,A,19990419,31,102796,8,,Magnus Norman,R,188,SWE,22.8,103084,,,Guillermo Canas,R,185,ARG,21.3,6-0 6-3,3,F,,,,,,,,,,,,,,,,,,,,64,721,87,574
1999-409,Atlanta,Clay,32,A,19990426,1,101675,,LL,Martin Rodriguez,R,178,ARG,29.3,102158,1,,Patrick Rafter,R,185,AUS,26.3,7-6(5) 7-6(5),3,R32,124,1,6,82,46,37,19,12,0,3,1,1,78,49,35,16,12,3,6,101,508,4,2978
1999-409,Atlanta,Clay,32,A,19990426,2,102548,,,Juan Antonio Marin,R,175,CRC,24.1,103632,,WC,Luis Horna,R,180,PER,18.6,6-4 6-3,3,R32,72,5,0,60,41,27,11,10,3,5,0,2,49,21,10,16,9,0,4,88,580,252,158
1999-409,Atlanta,Clay,32,A,19990426,3,101793,,,Jim Courier,R,185,USA,28.6,102025,,Q,Mikael Tillstrom,R,185,SWE,27.1,6-3 6-4,3,R32,71,3,2,51,30,22,16,10,1,2,3,4,59,34,24,9,9,2,5,67,684,129,356
1999-409,Atlanta,Clay,32,A,19990426,4,102925,,,Justin Gimelstob,R,196,USA,22.2,102998,7,,Jan Michael Gambill,R,190,USA,21.8,6-0 6-4,3,R32,65,2,1,49,29,18,12,8,4,6,3,1,47,27,15,5,8,3,9,63,725,50,839
1999-409,Atlanta,Clay,32,A,19990426,5,103018,,,Max Mirnyi,R,196,BLR,21.8,102434,3,,Vincent Spadea,R,183,USA,24.7,7-5 6-3,3,R32,78,9,5,60,36,26,10,11,5,8,5,3,70,32,19,16,10,7,12,166,276,26,1207
1999-409,Atlanta,Clay,32,A,19990426,6,102227,,,Sargis Sargsian,R,180,ARM,25.8,102162,,,Chris Woodruff,R,188,USA,26.3,6-4 6-4,3,R32,85,5,2,72,44,29,19,10,4,5,2,2,61,35,26,12,10,4,7,82,596,159,291
1999-409,Atlanta,Clay,32,A,19990426,7,101382,,Q,Marcelo Filippini,R,178,URU,31.7,101434,,,Petr Korda,L,190,CZE,31.2,7-5 6-1,3,R32,74,1,0,53,37,24,12,9,5,6,4,2,65,35,20,13,10,6,11,112,409,115,395
1999-409,Atlanta,Clay,32,A,19990426,8,103206,5,,Sebastien Grosjean,R,175,FRA,20.9,102821,,,Cecil Mamiit,R,173,PHI,22.8,6-7(6) 7-5 6-1,3,R32,145,3,3,97,66,47,14,16,4,9,1,6,127,63,39,28,15,16,24,40,983,79,600
1999-409,Atlanta,Clay,32,A,19990426,9,103084,,,Guillermo Canas,R,185,ARG,21.4,102401,6,,Scott Draper,L,178,AUS,24.8,6-4 6-3,3,R32,75,1,1,56,35,26,14,9,4,4,4,1,65,33,20,18,10,3,6,84,584,47,882
1999-409,Atlanta,Clay,32,A,19990426,10,103252,,Q,Alberto Martin,R,175,ESP,20.6,103789,,WC,Irakli Labadze,L,188,GEO,17.8,6-2 4-6 7-6(4),3,R32,122,0,5,88,64,40,12,15,1,6,3,1,91,50,34,18,15,7,13,68,684,332,101
1999-409,Atlanta,Clay,32,A,19990426,11,102905,,Q,Stefan Koubek,L,175,AUT,22.3,101889,,,Todd Woodbridge,R,178,AUS,28.0,6-2 7-6(4),3,R32,83,1,1,69,43,33,13,10,7,9,2,1,71,46,29,12,10,5,9,97,516,104,478
1999-409,Atlanta,Clay,32,A,19990426,12,102021,4,,Michael Chang,R,175,USA,27.1,101150,,,Gianluca Pozzi,L,180,ITA,33.8,6-4 6-2,3,R32,99,4,1,55,26,14,19,9,5,8,1,2,69,26,17,13,9,6,12,43,941,70,676
1999-409,Atlanta,Clay,32,A,19990426,13,101723,8,,Magnus Larsson,R,193,SWE,29.0,102394,,LL,Johan Van Herck,R,185,BEL,24.9,6-3 6-2,3,R32,59,9,0,55,34,28,12,9,5,5,1,2,52,28,16,13,8,3,6,51,832,121,376
1999-409,Atlanta,Clay,32,A,19990426,14,102869,,,Galo Blanco,R,173,ESP,22.5,102796,,,Magnus Norman,R,188,SWE,22.9,6-4 7-6(3),3,R32,106,2,2,84,46,26,21,11,7,11,5,3,77,44,28,11,11,5,10,95,527,48,840
1999-409,Atlanta,Clay,32,A,19990426,15,101185,,,Mark Woodforde,L,188,AUS,33.5,103720,,,Lleyton Hewitt,R,180,AUS,18.1,2-6 6-3 6-4,3,R32,118,6,0,84,57,35,17,14,3,6,1,3,83,51,32,19,13,3,6,60,762,56,801
1999-409,Atlanta,Clay,32,A,19990426,16,101727,2,,Jason Stoltenberg,R,185,AUS,29.0,102834,,WC,Paul Goldstein,R,178,USA,22.7,6-4 6-1,3,R32,74,5,3,62,31,24,14,9,3,5,1,1,51,33,15,8,8,3,8,32,1109,111,427
1999-409,Atlanta,Clay,32,A,19990426,17,101675,,LL,Martin Rodriguez,R,178,ARG,29.3,102548,,,Juan Antonio Marin,R,175,CRC,24.1,7-6(6) 6-3,3,R16,104,4,0,81,36,25,25,11,5,7,4,4,69,38,24,16,10,8,11,101,508,88,580
1999-409,Atlanta,Clay,32,A,19990426,18,101793,,,Jim Courier,R,185,USA,28.6,102925,,,Justin Gimelstob,R,196,USA,22.2,6-1 7-6(5),3,R16,106,4,1,71,53,35,11,10,5,7,1,4,68,36,24,11,9,5,9,67,684,63,725
1999-409,Atlanta,Clay,32,A,19990426,19,102227,,,Sargis Sargsian,R,180,ARM,25.8,103018,,,Max Mirnyi,R,196,BLR,21.8,3-6 6-4 6-1,3,R16,97,2,1,80,61,38,10,13,3,6,3,10,70,26,16,23,13,2,7,82,596,166,276
1999-409,Atlanta,Clay,32,A,19990426,20,103206,5,,Sebastien Grosjean,R,175,FRA,20.9,101382,,Q,Marcelo Filippini,R,178,URU,31.7,6-4 6-2,3,R16,81,4,0,54,30,21,16,9,2,3,0,1,68,47,25,11,9,9,13,40,983,112,409
1999-409,Atlanta,Clay,32,A,19990426,21,103252,,Q,Alberto Martin,R,175,ESP,20.6,103084,,,Guillermo Canas,R,185,ARG,21.4,7-6(3) 7-6(4),3,R16,127,4,2,89,59,40,14,12,4,8,2,5,88,48,33,17,12,5,9,68,684,84,584
1999-409,Atlanta,Clay,32,A,19990426,22,102905,,Q,Stefan Koubek,L,175,AUT,22.3,102021,4,,Michael Chang,R,175,USA,27.1,6-1 6-4,3,R16,75,3,1,58,28,19,21,9,4,4,1,1,49,28,17,12,8,5,8,97,516,43,941
1999-409,Atlanta,Clay,32,A,19990426,23,101723,8,,Magnus Larsson,R,193,SWE,29.0,102869,,,Galo Blanco,R,173,ESP,22.5,7-6(6) 2-6 6-1,3,R16,108,6,2,91,52,35,20,14,5,9,5,2,92,54,33,22,13,7,11,51,832,95,527
1999-409,Atlanta,Clay,32,A,19990426,24,101727,2,,Jason Stoltenberg,R,185,AUS,29.0,101185,,,Mark Woodforde,L,188,AUS,33.5,6-2 6-3,3,R16,72,0,4,55,29,22,13,9,4,6,0,1,62,47,21,7,8,7,12,32,1109,60,762
1999-409,Atlanta,Clay,32,A,19990426,25,101793,,,Jim Courier,R,185,USA,28.6,101675,,LL,Martin Rodriguez,R,178,ARG,29.3,6-1 7-6(2),3,QF,78,2,2,60,44,36,10,10,2,2,8,2,61,38,27,9,9,5,7,67,684,101,508
1999-409,Atlanta,Clay,32,A,19990426,26,103206,5,,Sebastien Grosjean,R,175,FRA,20.9,102227,,,Sargis Sargsian,R,180,ARM,25.8,6-4 7-6(5),3,QF,123,2,1,81,47,33,20,11,6,7,1,1,98,55,37,20,11,8,10,40,983,82,596
1999-409,Atlanta,Clay,32,A,19990426,27,102905,,Q,Stefan Koubek,L,175,AUT,22.3,103252,,Q,Alberto Martin,R,175,ESP,20.6,7-5 6-2,3,QF,69,1,0,56,31,17,17,10,3,6,1,4,67,43,24,7,10,7,13,97,516,68,684
1999-409,Atlanta,Clay,32,A,19990426,28,101723,8,,Magnus Larsson,R,193,SWE,29.0,101727,2,,Jason Stoltenberg,R,185,AUS,29.0,6-2 6-2,3,QF,57,3,0,46,26,20,10,8,1,2,4,2,53,27,16,9,8,7,12,51,832,32,1109
1999-409,Atlanta,Clay,32,A,19990426,29,103206,5,,Sebastien Grosjean,R,175,FRA,20.9,101793,,,Jim Courier,R,185,USA,28.6,7-6(3) 6-3,3,SF,93,7,1,66,51,42,3,11,4,6,1,2,70,47,30,11,10,3,6,40,983,67,684
1999-409,Atlanta,Clay,32,A,19990426,30,102905,,Q,Stefan Koubek,L,175,AUT,22.3,101723,8,,Magnus Larsson,R,193,SWE,29.0,5-7 6-4 6-1,3,SF,97,7,2,88,59,45,17,15,6,8,2,2,84,47,28,21,14,6,10,97,516,51,832
1999-409,Atlanta,Clay,32,A,19990426,31,102905,,Q,Stefan Koubek,L,175,AUT,22.3,103206,5,,Sebastien Grosjean,R,175,FRA,20.9,6-1 6-2,3,F,56,2,2,48,30,23,12,8,1,1,0,1,44,25,14,7,7,2,6,97,516,40,983
1999-308,Munich,Clay,32,A,19990426,1,102652,,LL,Christian Vinck,L,183,GER,23.6,102887,,,Ramon Delgado,R,185,PAR,22.4,6-4 3-6 7-5,3,R32,129,1,3,108,80,49,14,15,5,8,4,1,96,59,39,22,16,6,10,162,285,52,829
1999-308,Munich,Clay,32,A,19990426,2,103151,,,Mariano Zabaleta,R,183,ARG,21.1,102287,,,Albert Portas,R,188,ESP,25.4,6-3 6-4,3,R32,76,5,3,58,36,28,10,10,2,4,3,4,65,38,19,14,9,3,7,54,819,87,580
1999-308,Munich,Clay,32,A,19990426,3,102694,,WC,Lars Burgsmuller,R,183,GER,23.3,101468,,Q,Gerard Solves,R,185,FRA,31.0,3-6 6-3 6-2,3,R32,103,2,1,76,52,38,13,13,4,6,3,1,93,67,39,14,13,9,13,148,314,287,130
1999-308,Munich,Clay,32,A,19990426,4,102234,,,Oliver Gross,R,185,GER,25.8,103264,8,,Mariano Puerta,L,180,ARG,20.5,7-6(5) 7-5,3,R32,116,9,1,71,42,32,14,12,0,2,2,1,102,78,49,7,12,11,14,92,536,44,912
1999-308,Munich,Clay,32,A,19990426,5,103163,4,,Tommy Haas,R,188,GER,21.0,102231,,,Alex Calatrava,R,190,ESP,25.8,4-6 7-6(2) 6-4,3,R32,122,13,3,96,50,41,28,16,1,3,11,4,106,62,46,25,16,5,7,20,1614,161,285
1999-308,Munich,Clay,32,A,19990426,6,102644,,,Franco Squillari,L,183,ARG,23.6,102002,,Q,Davide Scala,R,180,ITA,27.3,6-2 6-2,3,R32,68,2,0,38,32,29,3,8,0,0,2,4,66,37,27,6,8,9,13,59,764,296,123
1999-308,Munich,Clay,32,A,19990426,7,102306,,WC,Michael Kohlmann,R,188,GER,25.2,102770,,,John Van Lottum,R,185,NED,23.0,7-5 6-4,3,R32,90,3,6,82,43,33,19,11,2,3,1,2,68,35,26,16,11,5,8,136,342,62,739
1999-308,Munich,Clay,32,A,19990426,8,101965,5,,Wayne Ferreira,R,185,RSA,27.6,101414,,,Boris Becker,R,190,GER,31.4,3-6 6-3 6-4,3,R32,115,4,1,88,40,31,28,14,3,4,7,3,93,65,45,15,14,8,10,24,1339,73,622
1999-308,Munich,Clay,32,A,19990426,9,102238,,,Alberto Berasategui,R,173,ESP,25.8,101820,6,,Marc Rosset,R,201,SUI,28.4,2-6 6-3 6-1,3,R32,81,1,1,74,68,40,2,12,4,8,5,10,72,39,23,12,12,1,7,96,525,28,1181
1999-308,Munich,Clay,32,A,19990426,10,101463,,,Bernd Karbacher,R,185,GER,31.0,102783,,,Rainer Schuettler,R,180,GER,23.0,7-6(2) 6-4,3,R32,95,5,1,69,46,32,17,11,2,3,3,2,74,48,28,18,11,3,5,91,536,58,797
1999-308,Munich,Clay,32,A,19990426,11,102437,,,Adrian Voinea,R,185,ROU,24.7,102247,,,Andrea Gaudenzi,R,183,ITA,25.7,6-4 6-2,3,R32,65,3,1,52,26,19,14,9,1,3,4,8,54,31,17,6,9,0,5,75,620,128,363
1999-308,Munich,Clay,32,A,19990426,12,101947,,,Vincenzo Santopadre,L,183,ITA,27.7,102856,3,,Gustavo Kuerten,R,190,BRA,22.6,6-3 6-2,3,R32,63,1,0,54,24,21,18,9,2,2,2,2,54,29,21,11,8,4,7,108,440,16,2053
1999-308,Munich,Clay,32,A,19990426,13,103096,,,Arnaud Clement,R,173,FRA,21.3,101733,7,,Jan Siemerink,L,183,NED,29.0,6-4 6-4,3,R32,91,3,0,77,61,39,8,10,6,8,11,11,83,41,28,15,10,4,8,85,583,30,1127
1999-308,Munich,Clay,32,A,19990426,14,102521,,,Hendrik Dreekmann,R,188,GER,24.2,103344,,Q,Ivan Ljubicic,R,193,CRO,20.1,4-6 6-4 6-4,3,R32,138,6,4,101,56,39,20,15,7,10,7,2,119,67,49,21,15,7,11,89,565,140,332
1999-308,Munich,Clay,32,A,19990426,15,102318,,,Andrei Pavel,R,183,ROU,25.2,102086,,Q,Igor Kornienko,R,,RUS,26.7,6-4 6-0,3,R32,57,5,2,45,29,21,12,8,1,2,2,2,52,26,11,11,8,4,9,77,619,490,49
1999-308,Munich,Clay,32,A,19990426,16,102375,,,Dinu Pescariu,R,185,ROU,25.0,102358,2,,Thomas Enqvist,R,190,SWE,25.1,6-3 3-6 6-3,3,R32,95,1,2,67,38,28,15,13,2,5,7,6,94,56,37,16,14,4,9,94,532,17,1982
1999-308,Munich,Clay,32,A,19990426,17,103151,,,Mariano Zabaleta,R,183,ARG,21.1,102652,,LL,Christian Vinck,L,183,GER,23.6,6-4 6-4,3,R16,68,3,4,56,32,27,15,10,1,1,1,3,50,38,30,6,10,0,2,54,819,162,285
1999-308,Munich,Clay,32,A,19990426,18,102694,,WC,Lars Burgsmuller,R,183,GER,23.3,102234,,,Oliver Gross,R,185,GER,25.8,6-1 6-3,3,R16,60,0,1,49,36,26,7,8,5,6,0,6,50,31,16,7,8,2,7,148,314,92,536
1999-308,Munich,Clay,32,A,19990426,19,102644,,,Franco Squillari,L,183,ARG,23.6,103163,4,,Tommy Haas,R,188,GER,21.0,6-2 6-7(1) 6-1,3,R16,126,6,6,112,75,51,17,14,13,14,5,2,86,51,37,11,13,3,8,59,764,20,1614
1999-308,Munich,Clay,32,A,19990426,20,102306,,WC,Michael Kohlmann,R,188,GER,25.2,101965,5,,Wayne Ferreira,R,185,RSA,27.6,6-7(4) 6-4 7-5,3,R16,124,4,2,110,57,44,31,17,4,5,11,3,94,54,46,23,17,2,5,136,342,24,1339
1999-308,Munich,Clay,32,A,19990426,21,102238,,,Alberto Berasategui,R,173,ESP,25.8,101463,,,Bernd Karbacher,R,185,GER,31.0,6-4 7-6(3),3,R16,96,1,3,68,49,34,9,11,0,3,4,3,83,41,27,17,11,5,9,96,525,91,536
1999-308,Munich,Clay,32,A,19990426,22,101947,,,Vincenzo Santopadre,L,183,ITA,27.7,102437,,,Adrian Voinea,R,185,ROU,24.7,7-6(2) 7-5,3,R16,111,2,2,78,46,32,18,12,2,5,7,7,106,53,33,25,12,5,9,108,440,75,620
1999-308,Munich,Clay,32,A,19990426,23,102521,,,Hendrik Dreekmann,R,188,GER,24.2,103096,,,Arnaud Clement,R,173,FRA,21.3,3-6 6-2 6-1,3,R16,123,4,3,98,51,35,22,12,5,8,2,1,91,58,27,19,12,6,12,89,565,85,583
1999-308,Munich,Clay,32,A,19990426,24,102318,,,Andrei Pavel,R,183,ROU,25.2,102375,,,Dinu Pescariu,R,185,ROU,25.0,6-7(3) 6-0 6-3,3,R16,110,4,2,74,55,39,9,13,0,3,4,3,87,50,32,12,14,4,12,77,619,94,532
1999-308,Munich,Clay,32,A,19990426,25,103151,,,Mariano Zabaleta,R,183,ARG,21.1,102694,,WC,Lars Burgsmuller,R,183,GER,23.3,6-2 6-1,3,QF,57,3,2,36,21,17,11,7,0,0,7,0,52,31,17,7,8,3,8,54,819,148,314
1999-308,Munich,Clay,32,A,19990426,26,102644,,,Franco Squillari,L,183,ARG,23.6,102306,,WC,Michael Kohlmann,R,188,GER,25.2,6-2 6-2,3,QF,71,1,1,44,29,23,8,8,0,1,3,3,63,32,19,11,8,8,13,59,764,136,342
1999-308,Munich,Clay,32,A,19990426,27,102238,,,Alberto Berasategui,R,173,ESP,25.8,101947,,,Vincenzo Santopadre,L,183,ITA,27.7,7-6(6) 6-2,3,QF,72,0,1,59,54,42,4,10,0,1,4,1,62,41,28,9,10,2,5,96,525,108,440
1999-308,Munich,Clay,32,A,19990426,28,102318,,,Andrei Pavel,R,183,ROU,25.2,102521,,,Hendrik Dreekmann,R,188,GER,24.2,6-1 6-4,3,QF,61,4,1,38,31,28,4,8,0,0,5,1,57,31,20,11,9,5,9,77,619,89,565
1999-308,Munich,Clay,32,A,19990426,29,102644,,,Franco Squillari,L,183,ARG,23.6,103151,,,Mariano Zabaleta,R,183,ARG,21.1,4-6 6-1 6-2,3,SF,114,5,3,92,62,43,14,13,12,14,0,6,75,39,24,18,12,2,7,59,764,54,819
1999-308,Munich,Clay,32,A,19990426,30,102318,,,Andrei Pavel,R,183,ROU,25.2,102238,,,Alberto Berasategui,R,173,ESP,25.8,7-5 6-4,3,SF,85,0,0,70,53,38,7,11,5,7,3,3,79,66,37,6,11,6,10,77,619,96,525
1999-308,Munich,Clay,32,A,19990426,31,102644,,,Franco Squillari,L,183,ARG,23.6,102318,,,Andrei Pavel,R,183,ROU,25.2,6-4 6-3,3,F,82,3,3,60,32,26,15,10,1,2,3,1,72,55,32,7,9,11,14,59,764,77,619
1999-379,Prague,Clay,32,A,19990426,1,101735,,,Richard Fromberg,R,196,AUS,28.9,102338,1,,Yevgeny Kafelnikov,R,190,RUS,25.1,6-4 2-6 6-4,3,R32,123,10,7,89,43,35,21,14,5,8,2,7,104,36,25,38,14,7,10,72,624,2,3382
1999-379,Prague,Clay,32,A,19990426,2,103420,,Q,Michal Tabara,R,175,CZE,19.7,103285,,WC,Radek Stepanek,R,185,CZE,20.4,6-4 6-1,3,R32,63,0,2,53,42,26,6,9,2,4,1,2,49,23,13,9,8,3,8,263,147,164,282
1999-379,Prague,Clay,32,A,19990426,3,101969,,,Orlin Stanoytchev,R,185,BUL,27.5,102395,,,Ville Liukko,R,173,FIN,24.9,6-2 6-3,3,R32,69,3,4,52,28,22,11,8,6,7,1,2,57,37,19,9,9,2,7,120,379,135,343
1999-379,Prague,Clay,32,A,19990426,4,102839,7,,Nicolas Lapentti,R,188,ECU,22.6,102376,,Q,Radovan Svetlik,R,,CZE,25.0,6-0 6-4,3,R32,66,1,1,55,29,19,13,8,6,8,0,5,52,31,16,4,8,9,15,39,1022,282,133
1999-379,Prague,Clay,32,A,19990426,5,101611,3,,Cedric Pioline,R,188,FRA,29.8,102562,,,Jiri Novak,R,190,CZE,24.0,7-6(6) 0-6 7-6(4),3,R32,124,1,3,109,63,41,23,15,4,9,7,2,91,49,38,26,15,2,4,27,1189,55,806
1999-379,Prague,Clay,32,A,19990426,6,101897,,,Fernando Meligeni,L,180,BRA,28.0,210013,,WC,Martin Damm Sr,R,188,CZE,26.7,6-2 6-1,3,R32,57,2,2,42,26,19,10,7,2,3,2,0,50,19,13,7,8,1,7,46,889,,
1999-379,Prague,Clay,32,A,19990426,7,101772,,,Andrei Cherkasov,R,180,RUS,28.8,102600,,Q,David Miketa,R,183,CZE,23.8,4-6 6-4 6-2,3,R32,150,2,3,102,46,28,25,15,9,16,1,19,90,38,25,17,15,1,10,150,313,288,129
1999-379,Prague,Clay,32,A,19990426,8,103103,5,,Dominik Hrbaty,R,183,SVK,21.3,102179,,,Antony Dupuis,R,185,FRA,26.1,6-3 7-5,3,R32,75,6,5,62,29,23,15,11,1,4,3,4,66,33,24,10,10,8,13,35,1089,131,349
1999-379,Prague,Clay,32,A,19990426,9,102950,,,Fernando Vicente,R,180,ESP,22.1,102538,,LL,Tuomas Ketola,R,185,FIN,24.1,6-1 6-3,3,R32,53,3,3,44,22,14,13,8,4,7,0,2,45,29,12,2,8,2,9,49,840,193,236
1999-379,Prague,Clay,32,A,19990426,10,101792,,,Slava Dosedel,R,183,CZE,28.6,101805,,,David Nainkin,R,183,RSA,28.5,7-6(5) 6-4,3,R32,84,2,3,69,49,29,9,11,4,9,1,4,74,42,28,8,11,1,7,78,618,145,320
1999-379,Prague,Clay,32,A,19990426,11,103324,,,Arnaud Di Pasquale,R,185,FRA,20.2,102533,,,Jens Knippschild,R,190,GER,24.1,6-3 6-0,3,R32,50,0,3,42,22,20,13,8,0,0,3,2,46,22,13,9,7,1,5,80,599,93,532
1999-379,Prague,Clay,32,A,19990426,12,102720,,LL,Tomas Zib,R,178,CZE,23.2,103498,4,,Marat Safin,R,193,RUS,19.2,1-6 6-1 7-5,3,R32,88,4,3,75,38,23,19,13,2,7,10,2,65,31,23,14,13,2,8,178,260,29,1172
1999-379,Prague,Clay,32,A,19990426,13,102776,8,,Andrew Ilie,R,180,AUS,23.0,102585,,,Sebastian Prieto,R,180,ARG,23.9,6-2 6-4,3,R32,69,2,2,64,33,20,16,9,4,7,1,4,55,30,15,9,9,2,8,41,966,154,304
1999-379,Prague,Clay,32,A,19990426,14,102153,,LL,German Puentes,R,173,ESP,26.3,101543,,,Jeff Tarango,L,180,USA,30.4,6-2 6-1,3,R32,60,1,3,49,32,19,9,7,4,6,0,3,48,27,11,5,8,1,8,163,282,98,514
1999-379,Prague,Clay,32,A,19990426,15,102117,,Q,Eduardo Nicolas,R,173,ESP,26.5,102466,,,Jan Kroslak,R,188,SVK,24.5,6-2 6-0,3,R32,58,1,1,34,17,13,13,7,1,2,0,6,65,42,21,6,7,7,13,267,143,65,703
1999-379,Prague,Clay,32,A,19990426,16,103082,,,Markus Hantschk,R,188,GER,21.4,101964,2,,Goran Ivanisevic,L,193,CRO,27.6,6-7(4) 6-2 6-4,3,R32,113,8,2,85,52,38,18,15,3,7,13,16,99,56,38,15,15,6,13,122,373,18,1929
1999-379,Prague,Clay,32,A,19990426,17,103420,,Q,Michal Tabara,R,175,CZE,19.7,101735,,,Richard Fromberg,R,196,AUS,28.9,6-3 6-3,3,R16,88,0,1,55,42,30,7,9,1,2,6,2,75,36,25,13,9,6,10,263,147,72,624
1999-379,Prague,Clay,32,A,19990426,18,101969,,,Orlin Stanoytchev,R,185,BUL,27.5,102839,7,,Nicolas Lapentti,R,188,ECU,22.6,3-6 7-6(3) 6-4,3,R16,146,5,11,113,58,42,25,15,14,17,3,2,96,53,42,22,16,5,8,120,379,39,1022
1999-379,Prague,Clay,32,A,19990426,19,101897,,,Fernando Meligeni,L,180,BRA,28.0,101611,3,,Cedric Pioline,R,188,FRA,29.8,6-0 5-7 6-1,3,R16,95,6,3,80,49,34,14,13,4,8,2,8,71,33,18,10,12,3,11,46,889,27,1189
1999-379,Prague,Clay,32,A,19990426,20,103103,5,,Dominik Hrbaty,R,183,SVK,21.3,101772,,,Andrei Cherkasov,R,180,RUS,28.8,4-6 6-0 6-3,3,R16,117,3,2,87,51,33,22,13,2,4,0,4,89,49,30,18,12,8,13,35,1089,150,313
1999-379,Prague,Clay,32,A,19990426,21,101792,,,Slava Dosedel,R,183,CZE,28.6,102950,,,Fernando Vicente,R,180,ESP,22.1,7-6(4) 6-4,3,R16,87,5,3,64,37,26,17,11,2,5,0,4,93,56,35,15,11,6,10,78,618,49,840
1999-379,Prague,Clay,32,A,19990426,22,103324,,,Arnaud Di Pasquale,R,185,FRA,20.2,102720,,LL,Tomas Zib,R,178,CZE,23.2,6-4 6-1,3,R16,64,2,4,58,31,21,16,9,2,4,3,2,44,18,12,7,8,4,9,80,599,178,260
1999-379,Prague,Clay,32,A,19990426,23,102153,,LL,German Puentes,R,173,ESP,26.3,102776,8,,Andrew Ilie,R,180,AUS,23.0,1-6 6-1 6-1,3,R16,95,0,1,77,54,28,15,10,4,7,5,4,88,47,27,16,11,9,15,163,282,41,966
1999-379,Prague,Clay,32,A,19990426,24,102117,,Q,Eduardo Nicolas,R,173,ESP,26.5,103082,,,Markus Hantschk,R,188,GER,21.4,6-1 6-0,3,R16,56,2,1,43,22,15,14,7,3,3,0,0,39,18,6,8,6,0,5,267,143,122,373
1999-379,Prague,Clay,32,A,19990426,25,103420,,Q,Michal Tabara,R,175,CZE,19.7,101969,,,Orlin Stanoytchev,R,185,BUL,27.5,2-6 6-3 6-1,3,QF,108,2,2,91,59,38,13,12,12,16,2,9,77,45,27,11,12,3,9,263,147,120,379
1999-379,Prague,Clay,32,A,19990426,26,103103,5,,Dominik Hrbaty,R,183,SVK,21.3,101897,,,Fernando Meligeni,L,180,BRA,28.0,7-6(2) 6-0,3,QF,82,1,3,63,35,26,11,9,4,7,1,4,68,34,22,7,9,6,12,35,1089,46,889
1999-379,Prague,Clay,32,A,19990426,27,101792,,,Slava Dosedel,R,183,CZE,28.6,103324,,,Arnaud Di Pasquale,R,185,FRA,20.2,7-6(6) 2-6 7-5,3,QF,132,2,2,114,82,56,15,16,10,15,2,4,105,60,39,24,16,3,7,78,618,80,599
1999-379,Prague,Clay,32,A,19990426,28,102153,,LL,German Puentes,R,173,ESP,26.3,102117,,Q,Eduardo Nicolas,R,173,ESP,26.5,6-1 6-2,3,QF,62,0,1,48,30,23,10,8,3,4,1,0,41,20,8,9,7,2,7,163,282,267,143
1999-379,Prague,Clay,32,A,19990426,29,103103,5,,Dominik Hrbaty,R,183,SVK,21.3,103420,,Q,Michal Tabara,R,175,CZE,19.7,6-1 7-5,3,SF,73,5,5,72,46,30,14,10,1,3,0,0,56,39,20,7,9,7,12,35,1089,263,147
1999-379,Prague,Clay,32,A,19990426,30,101792,,,Slava Dosedel,R,183,CZE,28.6,102153,,LL,German Puentes,R,173,ESP,26.3,7-5 6-2,3,SF,77,1,0,56,38,25,10,10,5,8,0,2,73,48,24,9,10,10,16,78,618,163,282
1999-379,Prague,Clay,32,A,19990426,31,103103,5,,Dominik Hrbaty,R,183,SVK,21.3,101792,,,Slava Dosedel,R,183,CZE,28.6,6-2 6-2,3,F,57,7,2,53,32,28,9,8,7,7,3,0,52,32,18,7,8,6,10,35,1089,78,618
1999-D022,Davis Cup G2 R1: BUL vs TOG,Clay,4,D,19990430,1,101957,,,Milen Velev,R,,BUL,27.6,108756,,,Goudjo Gbedey,U,,TOG,35.6,6-2 6-2 6-2,5,RR,,,,,,,,,,,,,,,,,,,,330,103,,
1999-D022,Davis Cup G2 R1: BUL vs TOG,Clay,4,D,19990430,2,103296,,,Ivaylo Traykov,R,188,BUL,20.3,108757,,,Jean Kome Loglo,U,,TOG,23.8,6-4 5-7 6-3 4-6 6-1,5,RR,,,,,,,,,,,,,,,,,,,,385,81,1288,1
1999-D022,Davis Cup G2 R1: BUL vs TOG,Clay,4,D,19990430,4,103155,,,Ivo Bratanov,R,,BUL,21.1,108757,,,Jean Kome Loglo,U,,TOG,23.8,6-2 6-1,3,RR,,,,,,,,,,,,,,,,,,,,703,18,1288,1
1999-D022,Davis Cup G2 R1: BUL vs TOG,Clay,4,D,19990430,5,103936,,,Todor Enev,R,,BUL,17.2,108758,,,Kossi Loglo,U,,TOG,19.7,6-0 6-1,3,RR,,,,,,,,,,,,,,,,,,,,,,,
1999-D029,Davis Cup G2 R1: CIV vs MKD,Hard,4,D,19990430,1,103568,,,Valentin Sanon,R,,CIV,18.9,108792,,,Ognen Nikolovski,U,,MKD,25.0,6-2 6-3 6-1,5,RR,,,,,,,,,,,,,,,,,,,,786,14,1222,2
1999-D029,Davis Cup G2 R1: CIV vs MKD,Hard,4,D,19990430,2,102556,,,Claude Ngoran,L,190,CIV,24.1,101677,,,Zoran Sevcenko,R,,MKD,29.3,7-6(2) 6-0 2-0 RET,5,RR,,,,,,,,,,,,,,,,,,,,481,51,1288,1
1999-D029,Davis Cup G2 R1: CIV vs MKD,Hard,4,D,19990430,4,102556,,,Claude Ngoran,L,190,CIV,24.1,108793,,,Goran Sterijovski,U,,MKD,18.4,6-3 6-1,3,RR,,,,,,,,,,,,,,,,,,,,481,51,1288,1
1999-D029,Davis Cup G2 R1: CIV vs MKD,Hard,4,D,19990430,5,108794,,,Arthur Konan,U,,CIV,17.9,108689,,,Goran Bosalevski,R,,HKG,21.0,2-6 6-4 6-2,3,RR,,,,,,,,,,,,,,,,,,,,,,,
1999-D039,Davis Cup G2 R1: DEN vs SEN,Carpet,4,D,19990430,1,102202,,,Kenneth Carlsen,L,190,DEN,26.0,108804,,,Diadji Ka,U,,SEN,18.1,6-0 6-1 6-0,5,RR,,,,,,,,,,,,,,,,,,,,113,409,,
1999-D039,Davis Cup G2 R1: DEN vs SEN,Carpet,4,D,19990430,2,103709,,,Kristian Pless,R,188,DEN,18.2,103101,,,Daouda Ndiaye,R,,SEN,21.3,6-2 6-2 6-2,5,RR,,,,,,,,,,,,,,,,,,,,644,24,,
1999-D039,Davis Cup G2 R1: DEN vs SEN,Carpet,4,D,19990430,4,102202,,,Kenneth Carlsen,L,190,DEN,26.0,103101,,,Daouda Ndiaye,R,,SEN,21.3,6-4 6-0,3,RR,,,,,,,,,,,,,,,,,,,,113,409,,
1999-D039,Davis Cup G2 R1: DEN vs SEN,Carpet,4,D,19990430,5,103709,,,Kristian Pless,R,188,DEN,18.2,108804,,,Diadji Ka,U,,SEN,18.1,6-0 6-1,3,RR,,,,,,,,,,,,,,,,,,,,644,24,,
1999-D051,Davis Cup G2 R1: HUN vs GRE,Clay,4,D,19990430,1,102737,,,Gergely Kisgyorgy,R,,HUN,23.1,102335,,,Taso Vasiliadis,R,,GRE,25.1,6-0 6-1 7-6(4),5,RR,,,,,,,,,,,,,,,,,,,,429,68,399,75
1999-D051,Davis Cup G2 R1: HUN vs GRE,Clay,4,D,19990430,2,102722,,,Attila Savolt,R,183,HUN,23.2,103053,,,Nikos Rovas,R,,GRE,21.5,2-6 6-7(4) 6-1 6-2 7-5,5,RR,,,,,,,,,,,,,,,,,,,,213,207,599,29
1999-D051,Davis Cup G2 R1: HUN vs GRE,Clay,4,D,19990430,4,102722,,,Attila Savolt,R,183,HUN,23.2,103077,,,Konstantinos Economidis,R,188,GRE,21.4,6-3 6-4,3,RR,,,,,,,,,,,,,,,,,,,,213,207,744,16
1999-D051,Davis Cup G2 R1: HUN vs GRE,Clay,4,D,19990430,5,103229,,,Kornel Bardoczky,R,,HUN,20.8,102490,,,Pantelis Moschoutis,R,,GRE,24.3,6-4 7-6(2),3,RR,,,,,,,,,,,,,,,,,,,,513,43,,
1999-D059,Davis Cup G2 R1: IRL vs SLO,Carpet,4,D,19990430,1,101651,,,Owen Casey,R,,IRL,29.5,102436,,,Borut Urh,R,190,SLO,24.7,7-6(1) 1-6 6-1 6-7(2) 7-5,5,RR,,,,,,,,,,,,,,,,,,,,811,12,316,110
1999-D059,Davis Cup G2 R1: IRL vs SLO,Carpet,4,D,19990430,2,108855,,,Robert Collins,U,,IRL,22.0,101970,,,Iztok Bozic,R,,SLO,27.5,4-6 6-3 6-4 6-3,5,RR,,,,,,,,,,,,,,,,,,,,,,211,209
1999-D059,Davis Cup G2 R1: IRL vs SLO,Carpet,4,D,19990430,4,101651,,,Owen Casey,R,,IRL,29.5,101970,,,Iztok Bozic,R,,SLO,27.5,2-6 6-3 3-6 7-5 6-3,5,RR,,,,,,,,,,,,,,,,,,,,811,12,211,209
1999-D059,Davis Cup G2 R1: IRL vs SLO,Carpet,4,D,19990430,5,102959,,,Marko Tkalec,R,178,SLO,22.1,108855,,,Robert Collins,U,,IRL,22.0,6-7(8) 6-1 6-4,3,RR,,,,,,,,,,,,,,,,,,,,555,36,,
1999-D067,Davis Cup G2 R1: LAT vs POL,Carpet,4,D,19990430,1,102100,,,Bartlomiej Dabrowski,R,,POL,26.6,108863,,,Alvis Tabors,U,,LAT,31.1,6-4 6-2 6-2,5,RR,,,,,,,,,,,,,,,,,,,,278,135,,
1999-D067,Davis Cup G2 R1: LAT vs POL,Carpet,4,D,19990430,2,106536,,,Andres Filimonov,R,,LAT,30.9,102632,,,Michal Gawlowski,R,,POL,23.7,7-6(3) 6-7(6) 7-5 3-6 6-3,5,RR,,,,,,,,,,,,,,,,,,,,,,999,6
1999-D067,Davis Cup G2 R1: LAT vs POL,Carpet,4,D,19990430,4,106536,,,Andres Filimonov,R,,LAT,30.9,103298,,,Piotr Szczepanik,R,,POL,20.3,6-3 6-0 4-6 7-5,5,RR,,,,,,,,,,,,,,,,,,,,,,504,46
1999-D067,Davis Cup G2 R1: LAT vs POL,Carpet,4,D,19990430,5,102632,,,Michal Gawlowski,R,,POL,23.7,108599,,,Ivo Lagzdins,U,,LAT,18.6,6-2 7-6(3) 3-6 6-3,5,RR,,,,,,,,,,,,,,,,,,,,999,6,,
1999-D071,Davis Cup G2 R1: MAR vs YUG,Clay,4,D,19990430,1,102223,,,Karim Alami,R,185,MAR,25.9,103441,,,Nikola Gnjatovic,R,,SRB,19.6,6-3 6-1 6-2,5,RR,,,,,,,,,,,,,,,,,,,,45,910,765,15
1999-D071,Davis Cup G2 R1: MAR vs YUG,Clay,4,D,19990430,2,102271,,,Hicham Arazi,L,175,MAR,25.5,102204,,,Nebojsa Djordjevic,R,190,SRB,26.0,6-7(8) 1-6 6-0 6-1 6-1,5,RR,,,,,,,,,,,,,,,,,,,,31,1112,,
1999-D071,Davis Cup G2 R1: MAR vs YUG,Clay,4,D,19990430,4,103007,,,Mounir El Aarej,R,,MAR,21.8,103441,,,Nikola Gnjatovic,R,,SRB,19.6,6-2 6-2,3,RR,,,,,,,,,,,,,,,,,,,,523,42,765,15
1999-D071,Davis Cup G2 R1: MAR vs YUG,Clay,4,D,19990430,5,103224,,,Zeljko Tosic,R,,YUG,20.8,102223,,,Karim Alami,R,185,MAR,25.9,W/O,5,RR,,,,,,,,,,,,,,,,,,,,683,20,45,910
1999-D074,Davis Cup G2 R1: NOR vs TUR,Carpet,4,D,19990430,1,102595,,,Helge Koll,R,,NOR,23.9,101939,,,Erhan Oral,R,,TUR,27.7,6-1 6-1 6-2,5,RR,,,,,,,,,,,,,,,,,,,,651,23,658,22
1999-D074,Davis Cup G2 R1: NOR vs TUR,Carpet,4,D,19990430,2,102107,,,Jan Frode Andersen,L,190,NOR,26.6,102918,,,Efe Ustundag,R,,TUR,22.2,6-2 6-4 6-1,5,RR,,,,,,,,,,,,,,,,,,,,137,339,988,6
1999-D074,Davis Cup G2 R1: NOR vs TUR,Carpet,4,D,19990430,4,102107,,,Jan Frode Andersen,L,190,NOR,26.6,101939,,,Erhan Oral,R,,TUR,27.7,6-2 6-4,3,RR,,,,,,,,,,,,,,,,,,,,137,339,658,22
1999-D074,Davis Cup G2 R1: NOR vs TUR,Carpet,4,D,19990430,5,108877,,,Helge Rosjo,U,,NOR,23.7,102918,,,Efe Ustundag,R,,TUR,22.2,3-6 7-5 6-2,3,RR,,,,,,,,,,,,,,,,,,,,,,988,6
1999-499,Delray Beach,Clay,32,A,19990503,1,102025,,,Mikael Tillstrom,R,185,SWE,27.1,102434,1,,Vincent Spadea,R,183,USA,24.7,7-5 0-6 6-4,3,R32,107,4,6,87,52,33,18,14,4,9,0,3,99,57,38,17,14,9,13,127,367,26,1207
1999-499,Delray Beach,Clay,32,A,19990503,2,103598,,WC,Xavier Malisse,R,185,BEL,18.7,102834,,Q,Paul Goldstein,R,178,USA,22.7,7-6(4) 6-1,3,R32,86,3,4,55,32,20,11,9,2,5,1,2,84,62,31,9,10,5,11,131,355,112,427
1999-499,Delray Beach,Clay,32,A,19990503,3,102024,,,Hernan Gumy,R,188,ARG,27.1,102205,,,Sebastien Lareau,R,183,CAN,26.0,6-3 6-2,3,R32,76,5,4,51,33,22,10,8,1,2,2,4,68,40,22,9,9,7,12,88,589,105,463
1999-499,Delray Beach,Clay,32,A,19990503,4,102925,8,,Justin Gimelstob,R,196,USA,22.2,101434,,,Petr Korda,L,190,CZE,31.2,6-4 6-2,3,R32,72,5,1,57,36,26,14,9,3,3,3,5,58,38,23,8,9,2,5,63,733,121,379
1999-499,Delray Beach,Clay,32,A,19990503,5,102401,3,,Scott Draper,L,178,AUS,24.9,102548,,,Juan Antonio Marin,R,175,CRC,24.1,6-4 7-5,3,R32,85,3,2,70,35,29,17,11,2,3,2,2,64,28,20,20,11,2,5,49,882,89,583
1999-499,Delray Beach,Clay,32,A,19990503,6,103018,,Q,Max Mirnyi,R,196,BLR,21.8,101793,,WC,Jim Courier,R,185,USA,28.7,4-6 6-2 7-6(6),3,R32,134,12,5,109,67,47,25,15,3,4,2,2,98,78,53,13,15,8,10,159,295,60,758
1999-499,Delray Beach,Clay,32,A,19990503,7,101688,,Q,Geoff Grant,R,183,USA,29.2,102053,,LL,Brian Macphie,L,180,USA,26.9,6-4 6-0,3,R32,50,3,1,40,27,22,9,8,0,1,1,5,40,17,9,8,8,0,5,142,335,196,230
1999-499,Delray Beach,Clay,32,A,19990503,8,101723,5,,Magnus Larsson,R,193,SWE,29.1,103252,,,Alberto Martin,R,175,ESP,20.7,7-5 6-3,3,R32,73,2,0,71,49,35,16,11,4,4,2,1,63,46,30,9,10,0,2,45,914,66,713
1999-499,Delray Beach,Clay,32,A,19990503,9,103720,6,,Lleyton Hewitt,R,180,AUS,18.1,103084,,,Guillermo Canas,R,185,ARG,21.4,6-7(12) 6-2 6-4,3,R32,167,8,2,99,58,39,21,15,6,10,1,5,105,62,35,18,15,7,14,55,801,85,600
1999-499,Delray Beach,Clay,32,A,19990503,10,102905,,,Stefan Koubek,L,175,AUT,22.3,102869,,,Galo Blanco,R,173,ESP,22.5,6-4 6-3,3,R32,69,3,0,58,40,31,9,10,1,2,1,1,57,34,21,13,9,1,4,68,703,106,454
1999-499,Delray Beach,Clay,32,A,19990503,11,102227,,,Sargis Sargsian,R,180,ARM,25.9,101889,,,Todd Woodbridge,R,178,AUS,28.0,6-1 6-1,3,R32,51,3,1,35,25,22,6,7,0,0,1,3,47,27,12,7,7,3,8,81,614,103,478
1999-499,Delray Beach,Clay,32,A,19990503,12,102796,4,,Magnus Norman,R,188,SWE,22.9,102463,,,Lucas Arnold Ker,R,180,ARG,24.5,6-4 6-3,3,R32,93,1,4,68,30,19,23,10,2,4,2,4,67,43,28,7,9,5,9,50,840,126,368
1999-499,Delray Beach,Clay,32,A,19990503,13,102821,,,Cecil Mamiit,R,173,PHI,22.8,101185,7,,Mark Woodforde,L,188,AUS,33.6,7-6(4) 7-5,3,R32,91,3,1,65,37,28,18,12,3,6,3,2,77,53,30,14,12,6,10,84,600,58,784
1999-499,Delray Beach,Clay,32,A,19990503,14,101776,,WC,Sandon Stolle,R,193,AUS,28.8,101675,,,Martin Rodriguez,R,178,ARG,29.3,7-6(7) 6-3,3,R32,95,4,3,77,39,31,22,11,1,2,10,3,77,42,29,20,10,7,9,314,111,94,572
1999-499,Delray Beach,Clay,32,A,19990503,15,103294,,Q,Christophe Rochus,R,170,BEL,20.3,101703,,,Guillaume Raoux,R,180,FRA,29.2,6-3 6-1,3,R32,49,3,0,41,29,21,8,8,1,2,3,0,55,29,16,9,8,8,13,195,231,70,679
1999-499,Delray Beach,Clay,32,A,19990503,16,103206,2,,Sebastien Grosjean,R,175,FRA,20.9,102231,,,Alex Calatrava,R,190,ESP,25.8,7-6(5) 6-7(2) 3-0 RET,3,R32,132,5,4,89,48,37,18,14,2,4,8,2,114,72,47,18,14,5,9,33,1094,212,205
1999-499,Delray Beach,Clay,32,A,19990503,17,103598,,WC,Xavier Malisse,R,185,BEL,18.7,102025,,,Mikael Tillstrom,R,185,SWE,27.1,7-5 6-4,3,R16,86,4,5,78,37,25,19,11,7,10,4,1,68,37,22,15,11,5,10,131,355,127,367
1999-499,Delray Beach,Clay,32,A,19990503,18,102024,,,Hernan Gumy,R,188,ARG,27.1,102925,8,,Justin Gimelstob,R,196,USA,22.2,7-6(2) 7-6(2),3,R16,127,5,5,76,53,41,12,12,3,5,3,4,86,48,30,22,12,7,9,88,589,63,733
1999-499,Delray Beach,Clay,32,A,19990503,19,102401,3,,Scott Draper,L,178,AUS,24.9,103018,,Q,Max Mirnyi,R,196,BLR,21.8,6-4 6-7(4) 6-4,3,R16,114,6,8,96,53,42,25,16,3,4,9,5,96,60,47,19,16,5,8,49,882,159,295
1999-499,Delray Beach,Clay,32,A,19990503,20,101723,5,,Magnus Larsson,R,193,SWE,29.1,101688,,Q,Geoff Grant,R,183,USA,29.2,6-7(4) 6-2 6-3,3,R16,121,8,3,87,49,37,23,14,2,3,4,7,113,71,44,20,15,8,13,45,914,142,335
1999-499,Delray Beach,Clay,32,A,19990503,21,103720,6,,Lleyton Hewitt,R,180,AUS,18.1,102905,,,Stefan Koubek,L,175,AUT,22.3,2-6 6-3 6-4,3,R16,120,4,5,95,51,39,18,13,8,11,3,0,99,67,35,20,14,10,14,55,801,68,703
1999-499,Delray Beach,Clay,32,A,19990503,22,102227,,,Sargis Sargsian,R,180,ARM,25.9,102796,4,,Magnus Norman,R,188,SWE,22.9,6-2 6-0,3,R16,58,3,1,43,22,20,9,7,1,1,2,1,36,15,7,6,7,0,5,81,614,50,840
1999-499,Delray Beach,Clay,32,A,19990503,23,102821,,,Cecil Mamiit,R,173,PHI,22.8,101776,,WC,Sandon Stolle,R,193,AUS,28.8,6-4 6-2,3,R16,75,1,3,58,37,27,14,9,5,5,0,3,65,35,21,16,9,7,10,84,600,314,111
1999-499,Delray Beach,Clay,32,A,19990503,24,103206,2,,Sebastien Grosjean,R,175,FRA,20.9,103294,,Q,Christophe Rochus,R,170,BEL,20.3,6-1 6-4,3,R16,57,3,0,53,24,20,15,9,4,5,2,0,43,33,18,3,8,0,4,33,1094,195,231
1999-499,Delray Beach,Clay,32,A,19990503,25,103598,,WC,Xavier Malisse,R,185,BEL,18.7,102024,,,Hernan Gumy,R,188,ARG,27.1,7-5 6-4,3,QF,95,3,4,59,22,15,19,11,2,6,1,3,66,39,17,16,11,1,7,131,355,88,589
1999-499,Delray Beach,Clay,32,A,19990503,26,102401,3,,Scott Draper,L,178,AUS,24.9,101723,5,,Magnus Larsson,R,193,SWE,29.1,4-6 6-3 6-3,3,QF,106,5,3,82,41,27,28,14,5,8,4,5,93,62,37,15,14,6,11,49,882,45,914
1999-499,Delray Beach,Clay,32,A,19990503,27,103720,6,,Lleyton Hewitt,R,180,AUS,18.1,102227,,,Sargis Sargsian,R,180,ARM,25.9,6-3 6-1,3,QF,68,1,2,44,26,19,15,8,2,2,1,2,48,34,20,4,8,2,6,55,801,81,614
1999-499,Delray Beach,Clay,32,A,19990503,28,103206,2,,Sebastien Grosjean,R,175,FRA,20.9,102821,,,Cecil Mamiit,R,173,PHI,22.8,6-2 6-1,3,QF,59,0,0,40,26,22,7,7,0,0,1,2,49,28,18,4,8,3,8,33,1094,84,600
1999-499,Delray Beach,Clay,32,A,19990503,29,103598,,WC,Xavier Malisse,R,185,BEL,18.7,102401,3,,Scott Draper,L,178,AUS,24.9,6-4 6-4,3,SF,80,2,0,61,35,21,15,10,2,5,2,3,61,39,22,7,10,5,10,131,355,49,882
1999-499,Delray Beach,Clay,32,A,19990503,30,103720,6,,Lleyton Hewitt,R,180,AUS,18.1,103206,2,,Sebastien Grosjean,R,175,FRA,20.9,6-3 6-2,3,SF,79,3,1,75,48,32,16,9,9,9,3,3,46,27,16,10,8,1,4,55,801,33,1094
1999-499,Delray Beach,Clay,32,A,19990503,31,103720,6,,Lleyton Hewitt,R,180,AUS,18.1,103598,,WC,Xavier Malisse,R,185,BEL,18.7,6-4 6-7(2) 6-1,3,F,134,4,2,87,56,41,19,15,4,6,7,1,96,48,33,21,14,3,8,55,801,131,355
1999-414,Hamburg Masters,Clay,56,M,19990503,1,102271,,,Hicham Arazi,L,175,MAR,25.5,101549,,Q,Rodolphe Gilbert,L,183,FRA,30.3,6-4 6-2,3,R64,70,6,1,56,30,24,11,9,3,5,2,3,66,34,17,16,9,8,13,32,1112,191,236
1999-414,Hamburg Masters,Clay,56,M,19990503,2,102839,,,Nicolas Lapentti,R,188,ECU,22.7,102694,,WC,Lars Burgsmuller,R,183,GER,23.4,6-4 6-3,3,R64,97,5,2,78,51,35,14,10,6,7,7,4,90,55,35,14,9,18,21,41,965,135,348
1999-414,Hamburg Masters,Clay,56,M,19990503,3,101820,15,,Marc Rosset,R,201,SUI,28.4,101235,,,Paul Haarhuis,R,188,NED,33.1,6-3 6-4,3,R64,76,0,1,58,31,25,15,10,1,2,2,1,55,30,21,10,9,4,7,30,1151,69,697
1999-414,Hamburg Masters,Clay,56,M,19990503,4,101897,,,Fernando Meligeni,L,180,BRA,28.0,102563,10,,Thomas Johansson,R,180,SWE,24.1,7-5 6-1,3,R64,66,2,0,53,28,22,17,10,1,2,6,1,53,30,21,7,9,1,5,62,747,19,1650
1999-414,Hamburg Masters,Clay,56,M,19990503,5,102562,,,Jiri Novak,R,190,CZE,24.1,101962,,,Younes El Aynaoui,R,193,MAR,27.6,5-7 6-4 6-1,3,R64,88,4,2,76,50,38,14,14,1,3,4,6,95,60,41,15,15,6,11,54,806,35,1076
1999-414,Hamburg Masters,Clay,56,M,19990503,6,103324,,Q,Arnaud Di Pasquale,R,185,FRA,20.2,102106,,,Davide Sanguinetti,R,188,ITA,26.6,6-3 6-2,3,R64,61,1,1,69,46,30,14,9,3,4,2,2,49,31,21,5,8,3,7,76,628,57,799
1999-414,Hamburg Masters,Clay,56,M,19990503,7,102644,,,Franco Squillari,L,183,ARG,23.6,102521,,WC,Hendrik Dreekmann,R,188,GER,24.2,6-1 1-6 7-6(5),3,R64,111,4,2,86,58,38,13,13,3,7,1,1,90,53,35,17,13,2,6,44,931,82,607
1999-414,Hamburg Masters,Clay,56,M,19990503,8,103264,,,Mariano Puerta,L,180,ARG,20.6,102104,,,Christian Ruud,R,188,NOR,26.6,6-3 6-3,3,R64,71,1,0,56,40,23,8,9,5,8,0,0,52,44,20,2,9,1,7,46,912,61,756
1999-414,Hamburg Masters,Clay,56,M,19990503,9,102148,,,Fabrice Santoro,R,178,FRA,26.3,101611,14,,Cedric Pioline,R,188,FRA,29.8,3-6 6-2 6-3,3,R64,109,0,1,85,49,35,17,13,6,9,1,2,79,43,24,20,13,4,9,43,942,28,1189
1999-414,Hamburg Masters,Clay,56,M,19990503,10,101532,12,,Francisco Clavet,L,183,ESP,30.5,103103,,,Dominik Hrbaty,R,183,SVK,21.3,6-0 6-4,3,R64,54,2,1,40,25,23,9,8,0,0,2,2,44,25,14,9,8,2,6,21,1610,25,1236
1999-414,Hamburg Masters,Clay,56,M,19990503,11,102223,,,Karim Alami,R,185,MAR,25.9,102247,,,Andrea Gaudenzi,R,183,ITA,25.7,6-3 6-4,3,R64,77,7,3,60,30,25,12,10,3,6,3,4,76,41,22,16,9,8,13,47,910,130,363
1999-414,Hamburg Masters,Clay,56,M,19990503,12,103151,,,Mariano Zabaleta,R,183,ARG,21.1,102539,,,Bohdan Ulihrach,R,188,CZE,24.1,6-3 6-2,3,R64,76,8,1,69,38,28,17,9,8,9,1,3,56,30,18,11,8,3,7,48,884,37,1034
1999-414,Hamburg Masters,Clay,56,M,19990503,13,102238,,,Alberto Berasategui,R,173,ESP,25.8,101150,,,Gianluca Pozzi,L,180,ITA,33.8,6-2 7-5,3,R64,77,0,3,73,58,39,10,10,9,9,3,3,57,26,18,17,10,2,5,79,622,72,676
1999-414,Hamburg Masters,Clay,56,M,19990503,14,102538,,Q,Tuomas Ketola,R,185,FIN,24.1,102887,,,Ramon Delgado,R,185,PAR,22.4,6-3 7-5,3,R64,82,4,0,68,47,28,11,10,4,7,2,3,69,46,26,8,11,3,9,192,236,56,801
1999-414,Hamburg Masters,Clay,56,M,19990503,15,103163,11,,Tommy Haas,R,188,GER,21.0,102950,,,Fernando Vicente,R,180,ESP,22.1,6-3 3-6 6-2,3,R64,107,8,4,88,51,38,15,13,5,8,2,5,92,56,31,20,13,3,8,20,1614,52,830
1999-414,Hamburg Masters,Clay,56,M,19990503,16,101965,13,,Wayne Ferreira,R,185,RSA,27.6,102306,,WC,Michael Kohlmann,R,188,GER,25.3,7-5 7-5,3,R64,97,6,2,75,32,24,28,12,6,7,7,6,85,50,36,13,12,8,11,24,1341,118,401
1999-414,Hamburg Masters,Clay,56,M,19990503,17,102854,,,Sjeng Schalken,R,193,NED,22.6,102021,,,Michael Chang,R,175,USA,27.1,6-7(3) 6-1 7-6(5),3,R64,164,3,1,138,82,50,31,16,16,19,3,2,105,76,45,13,15,7,12,53,820,42,951
1999-414,Hamburg Masters,Clay,56,M,19990503,18,102234,,Q,Oliver Gross,R,185,GER,25.8,102776,,,Andrew Ilie,R,180,AUS,23.0,6-4 6-2,3,R64,78,3,2,61,38,26,15,9,4,5,1,4,74,35,19,20,9,10,14,101,483,39,971
1999-414,Hamburg Masters,Clay,56,M,19990503,19,102998,,,Jan Michael Gambill,R,190,USA,21.9,102966,,Q,Fredrik Jonsson,R,193,SWE,22.0,3-6 6-2 6-3,3,R64,108,10,4,88,45,33,22,13,3,5,4,0,78,46,27,20,13,7,11,51,836,185,246
1999-414,Hamburg Masters,Clay,56,M,19990503,20,101792,,,Slava Dosedel,R,183,CZE,28.7,103082,,WC,Markus Hantschk,R,188,GER,21.4,6-1 6-3,3,R64,51,1,1,43,33,28,6,8,1,1,0,0,51,36,20,6,8,2,6,87,592,115,406
1999-414,Hamburg Masters,Clay,56,M,19990503,21,102783,,,Rainer Schuettler,R,180,GER,23.0,101964,9,,Goran Ivanisevic,L,193,CRO,27.6,6-1 6-3,3,R64,57,1,3,55,32,23,13,8,4,5,3,8,46,26,18,4,8,4,9,59,776,17,1929
1999-414,Hamburg Masters,Clay,56,M,19990503,22,103498,16,,Marat Safin,R,193,RUS,19.2,101888,,,Daniel Vacek,R,190,CZE,28.0,6-3 7-6(3),3,R64,94,10,0,70,36,32,19,10,4,4,3,2,83,43,28,20,11,6,8,29,1172,65,714
1999-414,Hamburg Masters,Clay,56,M,19990503,23,102437,,Q,Adrian Voinea,R,185,ROU,24.7,102184,,,David Prinosil,R,185,GER,26.1,6-3 6-2,3,R64,61,2,2,48,29,23,15,9,0,0,9,1,53,28,19,10,8,2,5,75,632,78,622
1999-414,Hamburg Masters,Clay,56,M,19990503,24,102050,,Q,Marco Meneschincheri,L,180,ITA,27.0,102466,,,Jan Kroslak,R,188,SVK,24.5,1-6 7-5 6-4,3,R64,107,2,5,89,52,32,17,14,4,9,6,5,96,66,42,15,15,6,11,181,257,67,703
1999-414,Hamburg Masters,Clay,56,M,19990503,25,102271,,,Hicham Arazi,L,175,MAR,25.5,101990,1,,Richard Krajicek,R,196,NED,27.4,6-4 7-6(3),3,R32,84,1,0,72,42,33,16,11,2,3,7,0,67,41,30,12,11,2,4,32,1112,5,2958
1999-414,Hamburg Masters,Clay,56,M,19990503,26,102839,,,Nicolas Lapentti,R,188,ECU,22.7,101820,15,,Marc Rosset,R,201,SUI,28.4,6-2 6-0,3,R32,55,0,4,50,34,24,9,7,5,5,1,3,48,24,14,6,7,4,9,41,965,30,1151
1999-414,Hamburg Masters,Clay,56,M,19990503,27,102562,,,Jiri Novak,R,190,CZE,24.1,101897,,,Fernando Meligeni,L,180,BRA,28.0,6-2 3-6 6-1,3,R32,85,1,4,79,48,31,17,12,5,8,0,3,71,38,21,15,12,2,8,54,806,62,747
1999-414,Hamburg Masters,Clay,56,M,19990503,28,103324,,Q,Arnaud Di Pasquale,R,185,FRA,20.2,102456,7,,Felix Mantilla,R,180,ESP,24.6,6-4 4-6 6-0,3,R32,118,4,1,104,65,41,22,13,12,15,3,3,84,41,24,21,13,2,8,76,628,15,2068
1999-414,Hamburg Masters,Clay,56,M,19990503,29,102450,3,,Tim Henman,R,185,GBR,24.6,102644,,,Franco Squillari,L,183,ARG,23.6,6-3 6-3,3,R32,69,3,1,51,30,26,11,9,1,2,1,1,56,29,14,17,9,3,7,7,2633,44,931
1999-414,Hamburg Masters,Clay,56,M,19990503,30,103264,,,Mariano Puerta,L,180,ARG,20.6,102148,,,Fabrice Santoro,R,178,FRA,26.3,6-2 6-2,3,R32,57,3,1,47,30,18,12,8,2,3,3,0,43,29,13,7,8,2,7,46,912,43,942
1999-414,Hamburg Masters,Clay,56,M,19990503,31,101532,12,,Francisco Clavet,L,183,ESP,30.5,102223,,,Karim Alami,R,185,MAR,25.9,1-6 7-6(5) 7-6(5),3,R32,162,1,1,116,84,47,17,15,9,16,4,5,112,53,39,27,16,6,11,21,1610,47,910
1999-414,Hamburg Masters,Clay,56,M,19990503,32,103151,,,Mariano Zabaleta,R,183,ARG,21.1,102610,6,,Albert Costa,R,180,ESP,23.8,7-5 6-2,3,R32,86,2,3,60,32,23,16,10,3,5,1,5,86,63,29,14,10,6,11,48,884,13,2101
1999-414,Hamburg Masters,Clay,56,M,19990503,33,102238,,,Alberto Berasategui,R,173,ESP,25.8,102257,5,,Greg Rusedski,L,193,GBR,25.6,6-4 7-5,3,R32,69,0,3,63,50,37,6,11,4,6,4,6,63,36,26,12,11,2,6,79,622,12,2126
1999-414,Hamburg Masters,Clay,56,M,19990503,34,103163,11,,Tommy Haas,R,188,GER,21.0,102538,,Q,Tuomas Ketola,R,185,FIN,24.1,7-5 6-4,3,R32,86,5,4,71,37,28,17,11,2,4,1,2,77,52,34,8,11,5,9,20,1614,192,236
1999-414,Hamburg Masters,Clay,56,M,19990503,35,101965,13,,Wayne Ferreira,R,185,RSA,27.6,102854,,,Sjeng Schalken,R,193,NED,22.6,6-4 6-3,3,R32,73,3,4,43,15,11,17,9,0,3,1,2,77,53,31,4,10,7,13,24,1341,53,820
1999-414,Hamburg Masters,Clay,56,M,19990503,36,102701,4,,Marcelo Rios,L,175,CHI,23.3,102234,,Q,Oliver Gross,R,185,GER,25.8,7-6(6) 7-5,3,R32,113,1,2,89,46,32,24,12,4,7,3,0,89,64,38,13,12,6,10,8,2422,101,483
1999-414,Hamburg Masters,Clay,56,M,19990503,37,102856,8,,Gustavo Kuerten,R,190,BRA,22.6,102998,,,Jan Michael Gambill,R,190,USA,21.9,6-4 6-4,3,R32,64,5,0,57,28,22,19,10,0,1,6,3,63,34,26,10,10,2,5,16,2045,51,836
1999-414,Hamburg Masters,Clay,56,M,19990503,38,102783,,,Rainer Schuettler,R,180,GER,23.0,101792,,,Slava Dosedel,R,183,CZE,28.7,6-3 6-3,3,R32,74,2,3,58,33,24,11,9,8,10,2,2,80,52,23,15,9,10,15,59,776,87,592
1999-414,Hamburg Masters,Clay,56,M,19990503,39,102437,,Q,Adrian Voinea,R,185,ROU,24.7,103498,16,,Marat Safin,R,193,RUS,19.2,4-6 6-3 6-3,3,R32,102,7,2,85,42,32,25,14,7,9,7,3,90,47,31,23,14,5,9,75,632,29,1172
1999-414,Hamburg Masters,Clay,56,M,19990503,40,102845,2,,Carlos Moya,R,190,ESP,22.6,102050,,Q,Marco Meneschincheri,L,180,ITA,27.0,6-3 7-5,3,R32,91,4,3,66,34,28,14,11,3,5,2,3,77,35,20,21,10,5,9,6,2944,181,257
1999-414,Hamburg Masters,Clay,56,M,19990503,41,102839,,,Nicolas Lapentti,R,188,ECU,22.7,102271,,,Hicham Arazi,L,175,MAR,25.5,6-4 6-0,3,R16,78,3,1,61,41,26,10,8,9,11,1,4,65,36,16,12,8,6,12,41,965,32,1112
1999-414,Hamburg Masters,Clay,56,M,19990503,42,103324,,Q,Arnaud Di Pasquale,R,185,FRA,20.2,102562,,,Jiri Novak,R,190,CZE,24.1,7-6(6) 7-6(4),3,R16,99,0,4,90,60,39,14,12,0,3,1,3,84,47,32,18,12,3,6,76,628,54,806
1999-414,Hamburg Masters,Clay,56,M,19990503,43,102450,3,,Tim Henman,R,185,GBR,24.6,103264,,,Mariano Puerta,L,180,ARG,20.6,6-4 6-1,3,R16,76,6,2,50,28,23,10,8,2,3,1,2,62,40,20,10,9,6,11,7,2633,46,912
1999-414,Hamburg Masters,Clay,56,M,19990503,44,103151,,,Mariano Zabaleta,R,183,ARG,21.1,101532,12,,Francisco Clavet,L,183,ESP,30.5,7-6(5) 6-7(1) 6-4,3,R16,191,3,5,123,71,47,25,17,6,10,4,1,145,101,63,19,17,8,13,48,884,21,1610
1999-414,Hamburg Masters,Clay,56,M,19990503,45,103163,11,,Tommy Haas,R,188,GER,21.0,102238,,,Alberto Berasategui,R,173,ESP,25.8,6-3 1-6 6-4,3,R16,111,5,4,99,49,30,22,13,12,17,1,6,89,73,44,6,13,3,8,20,1614,79,622
1999-414,Hamburg Masters,Clay,56,M,19990503,46,102701,4,,Marcelo Rios,L,175,CHI,23.3,101965,13,,Wayne Ferreira,R,185,RSA,27.6,6-1 3-6 6-2,3,R16,97,4,3,78,45,38,15,12,5,6,3,5,79,52,33,10,12,4,8,8,2422,24,1341
1999-414,Hamburg Masters,Clay,56,M,19990503,47,102856,8,,Gustavo Kuerten,R,190,BRA,22.6,102783,,,Rainer Schuettler,R,180,GER,23.0,6-4 6-3,3,R16,67,4,2,61,30,19,20,10,5,7,0,0,54,30,17,12,9,2,6,16,2045,59,776
1999-414,Hamburg Masters,Clay,56,M,19990503,48,102845,2,,Carlos Moya,R,190,ESP,22.6,102437,,Q,Adrian Voinea,R,185,ROU,24.7,7-5 7-6(5),3,R16,93,4,2,87,42,31,22,12,4,7,1,3,73,38,25,17,12,4,8,6,2944,75,632
1999-414,Hamburg Masters,Clay,56,M,19990503,49,102839,,,Nicolas Lapentti,R,188,ECU,22.7,103324,,Q,Arnaud Di Pasquale,R,185,FRA,20.2,6-4 6-7(6) 6-2,3,QF,145,1,0,99,66,48,15,15,4,7,0,6,111,73,44,17,15,6,12,41,965,76,628
1999-414,Hamburg Masters,Clay,56,M,19990503,50,103151,,,Mariano Zabaleta,R,183,ARG,21.1,102450,3,,Tim Henman,R,185,GBR,24.6,3-6 6-1 6-4,3,QF,116,1,4,91,49,29,28,13,6,8,3,1,76,50,32,12,13,5,9,48,884,7,2633
1999-414,Hamburg Masters,Clay,56,M,19990503,51,102701,4,,Marcelo Rios,L,175,CHI,23.3,103163,11,,Tommy Haas,R,188,GER,21.0,6-4 6-4,3,QF,77,3,3,64,31,21,22,10,2,3,2,2,62,36,23,13,10,2,5,8,2422,20,1614
1999-414,Hamburg Masters,Clay,56,M,19990503,52,102845,2,,Carlos Moya,R,190,ESP,22.6,102856,8,,Gustavo Kuerten,R,190,BRA,22.6,6-0 6-2,3,QF,60,1,1,61,35,22,13,7,6,7,1,2,44,23,13,4,7,4,10,6,2944,16,2045
1999-414,Hamburg Masters,Clay,56,M,19990503,53,103151,,,Mariano Zabaleta,R,183,ARG,21.1,102839,,,Nicolas Lapentti,R,188,ECU,22.7,7-5 6-2,3,SF,90,2,2,53,33,29,12,10,2,2,2,1,74,39,26,16,10,8,11,48,884,41,965
1999-414,Hamburg Masters,Clay,56,M,19990503,54,102701,4,,Marcelo Rios,L,175,CHI,23.3,102845,2,,Carlos Moya,R,190,ESP,22.6,6-4 7-6(4),3,SF,91,3,1,69,52,33,10,11,3,6,0,3,81,40,18,25,11,4,8,8,2422,6,2944
1999-414,Hamburg Masters,Clay,56,M,19990503,55,102701,4,,Marcelo Rios,L,175,CHI,23.3,103151,,,Mariano Zabaleta,R,183,ARG,21.1,6-7(5) 7-5 5-7 7-6(5) 6-2,5,F,247,5,6,182,112,72,40,28,12,20,7,8,197,111,78,31,28,13,23,8,2422,48,884
1999-416,Rome Masters,Clay,64,M,19990510,1,102338,1,,Yevgeny Kafelnikov,R,190,RUS,25.2,102162,,,Chris Woodruff,R,188,USA,26.3,7-6(1) 5-7 6-4,3,R64,145,6,3,118,86,53,13,17,10,17,13,8,115,70,49,16,17,7,14,1,3382,158,292
1999-416,Rome Masters,Clay,64,M,19990510,2,103498,,,Marat Safin,R,193,RUS,19.2,102437,,Q,Adrian Voinea,R,185,ROU,24.7,6-2 6-1,3,R64,50,3,3,42,22,18,12,7,1,1,0,0,48,29,12,8,8,5,10,31,1148,81,621
1999-416,Rome Masters,Clay,64,M,19990510,3,101532,,,Francisco Clavet,L,183,ESP,30.5,101962,,,Younes El Aynaoui,R,193,MAR,27.6,6-3 2-6 6-4,3,R64,128,3,5,95,62,37,18,14,4,8,2,2,98,57,32,24,13,11,15,21,1610,36,1076
1999-416,Rome Masters,Clay,64,M,19990510,4,102856,16,,Gustavo Kuerten,R,190,BRA,22.6,102950,,,Fernando Vicente,R,180,ESP,22.1,6-4 6-3,3,R64,47,2,2,57,41,27,7,10,2,5,0,0,59,42,21,9,9,1,6,14,2033,54,830
1999-416,Rome Masters,Clay,64,M,19990510,5,102344,10,,Karol Kucera,R,188,SVK,25.1,102887,,,Ramon Delgado,R,185,PAR,22.4,6-3 6-2,3,R64,66,7,2,44,30,23,11,8,2,2,0,1,61,39,22,11,9,6,10,12,2094,59,765
1999-416,Rome Masters,Clay,64,M,19990510,6,102021,,,Michael Chang,R,175,USA,27.2,101404,,,Thomas Muster,L,180,AUT,31.6,7-6(5) 6-7(4) 6-4,3,R64,158,6,0,111,69,48,18,17,5,10,7,2,134,78,49,23,17,15,21,46,942,40,968
1999-416,Rome Masters,Clay,64,M,19990510,7,101733,,,Jan Siemerink,L,183,NED,29.0,102776,,,Andrew Ilie,R,180,AUS,23.0,6-3 7-5,3,R64,98,1,5,72,38,33,17,11,5,5,3,3,83,43,26,21,10,5,7,33,1127,55,820
1999-416,Rome Masters,Clay,64,M,19990510,8,102450,7,,Tim Henman,R,185,GBR,24.6,101888,,,Daniel Vacek,R,190,CZE,28.1,7-5 6-3,3,R64,84,4,1,70,42,29,17,10,9,10,1,6,65,35,23,13,11,2,6,8,2671,65,710
1999-416,Rome Masters,Clay,64,M,19990510,9,102374,3,,Alex Corretja,R,180,ESP,25.0,101717,,WC,Diego Nargiso,L,188,ITA,29.1,6-1 7-6(2),3,R64,87,4,2,54,26,24,20,10,1,1,4,3,75,43,29,13,9,8,10,7,2683,143,329
1999-416,Rome Masters,Clay,64,M,19990510,10,102271,,,Hicham Arazi,L,175,MAR,25.5,101735,,Q,Richard Fromberg,R,196,AUS,29.0,1-6 6-1 6-4,3,R64,84,2,0,66,39,25,21,12,1,3,9,1,73,50,34,10,12,1,4,35,1122,74,662
1999-416,Rome Masters,Clay,64,M,19990510,11,102148,,,Fabrice Santoro,R,178,FRA,26.4,103206,,,Sebastien Grosjean,R,175,FRA,20.9,7-6(2) 7-6(3),3,R64,114,5,2,93,47,32,26,12,9,12,3,1,100,69,42,14,12,8,11,49,858,34,1126
1999-416,Rome Masters,Clay,64,M,19990510,12,101965,,,Wayne Ferreira,R,185,RSA,27.6,102610,13,,Albert Costa,R,180,ESP,23.8,3-6 6-2 7-6(4),3,R64,112,15,9,94,48,40,23,15,3,6,0,3,89,68,46,13,14,7,10,24,1286,20,1610
1999-416,Rome Masters,Clay,64,M,19990510,13,102644,,LL,Franco Squillari,L,183,ARG,23.7,102050,,Q,Marco Meneschincheri,L,180,ITA,27.0,6-0 6-3,3,R64,64,3,2,56,40,26,7,8,6,8,0,1,57,37,19,4,7,9,15,47,933,161,291
1999-416,Rome Masters,Clay,64,M,19990510,14,102106,,,Davide Sanguinetti,R,188,ITA,26.7,101947,,WC,Vincenzo Santopadre,L,183,ITA,27.7,1-6 6-2 6-3,3,R64,107,3,3,73,35,25,18,12,6,9,6,2,78,47,32,14,12,3,7,66,708,104,456
1999-416,Rome Masters,Clay,64,M,19990510,15,103096,,Q,Arnaud Clement,R,173,FRA,21.3,101820,,,Marc Rosset,R,201,SUI,28.5,6-0 1-0 RET,3,R64,28,2,0,19,8,6,10,4,0,0,1,1,18,6,3,3,3,2,5,85,603,30,1176
1999-416,Rome Masters,Clay,64,M,19990510,16,102845,6,,Carlos Moya,R,190,ESP,22.6,101746,,WC,Renzo Furlan,R,175,ITA,28.9,6-2 6-4,3,R64,77,6,1,54,29,24,12,9,5,6,3,1,64,38,24,10,9,6,10,3,3099,132,361
1999-416,Rome Masters,Clay,64,M,19990510,17,101990,5,,Richard Krajicek,R,196,NED,27.4,102998,,,Jan Michael Gambill,R,190,USA,21.9,6-0 3-6 6-1,3,R64,91,14,1,78,47,35,13,11,3,5,4,3,67,38,21,12,11,4,10,5,2958,51,843
1999-416,Rome Masters,Clay,64,M,19990510,18,103017,,,Nicolas Kiefer,R,183,GER,21.8,102358,,,Thomas Enqvist,R,190,SWE,25.1,7-5 6-4,3,R64,94,3,2,68,37,28,18,11,4,5,2,3,69,42,27,15,11,5,8,23,1459,17,1739
1999-416,Rome Masters,Clay,64,M,19990510,19,102839,,,Nicolas Lapentti,R,188,ECU,22.7,102287,,Q,Albert Portas,R,188,ESP,25.4,6-7(5) 6-4 6-2,3,R64,127,7,1,108,65,42,21,15,3,7,2,5,109,58,36,21,15,10,17,32,1134,91,577
1999-416,Rome Masters,Clay,64,M,19990510,20,102257,12,,Greg Rusedski,L,193,GBR,25.6,102401,,,Scott Draper,L,178,AUS,24.9,7-6(4) 7-6(3),3,R64,97,9,3,88,51,40,24,12,3,3,3,0,72,56,44,10,12,0,0,11,2126,42,957
1999-416,Rome Masters,Clay,64,M,19990510,21,101736,14,,Andre Agassi,R,180,USA,29.0,102259,,,Jerome Golmard,L,188,FRA,25.6,6-3 6-4,3,R64,66,9,2,51,29,24,13,9,1,1,5,1,62,36,25,10,10,1,4,13,2078,22,1494
1999-416,Rome Masters,Clay,64,M,19990510,22,102238,,,Alberto Berasategui,R,173,ESP,25.8,102770,,LL,John Van Lottum,R,185,NED,23.0,4-6 6-4 7-5,3,R64,117,2,7,100,75,46,12,16,9,14,1,3,104,73,43,16,17,7,13,77,634,63,727
1999-416,Rome Masters,Clay,64,M,19990510,23,103292,,Q,Gaston Gaudio,R,175,ARG,20.4,103264,,,Mariano Puerta,L,180,ARG,20.6,6-1 6-4,3,R64,77,6,1,49,32,24,11,9,3,4,4,0,74,48,25,12,8,9,13,92,572,44,950
1999-416,Rome Masters,Clay,64,M,19990510,24,102158,4,,Patrick Rafter,R,185,AUS,26.3,101964,,,Goran Ivanisevic,L,193,CRO,27.6,7-5 6-0,3,R64,68,3,4,50,26,19,14,9,1,3,4,10,59,28,16,12,9,6,12,4,2978,16,1813
1999-416,Rome Masters,Clay,64,M,19990510,25,102184,,Q,David Prinosil,R,185,GER,26.1,102701,8,,Marcelo Rios,L,175,CHI,23.3,6-2 5-7 6-3,3,R64,105,12,1,92,61,45,15,15,6,9,1,5,92,56,35,18,14,3,8,80,622,6,2832
1999-416,Rome Masters,Clay,64,M,19990510,26,101727,,,Jason Stoltenberg,R,185,AUS,29.0,102035,,,Jonas Bjorkman,R,183,SWE,27.1,4-6 6-4 6-4,3,R64,135,1,4,80,54,36,14,15,3,7,2,4,111,62,39,23,15,5,10,39,1033,28,1202
1999-416,Rome Masters,Clay,64,M,19990510,27,102247,,WC,Andrea Gaudenzi,R,183,ITA,25.7,102563,,,Thomas Johansson,R,180,SWE,24.1,6-1 4-6 7-5,3,R64,122,5,2,93,52,33,21,14,4,8,7,7,98,50,35,15,15,6,13,131,363,19,1650
1999-416,Rome Masters,Clay,64,M,19990510,28,102434,,,Vincent Spadea,R,183,USA,24.8,102882,9,,Mark Philippoussis,R,196,AUS,22.5,7-6(2) 4-6 6-1,3,R64,111,5,3,92,54,43,22,15,6,7,11,7,88,45,36,20,14,4,6,27,1207,9,2287
1999-416,Rome Masters,Clay,64,M,19990510,29,102456,15,,Felix Mantilla,R,180,ESP,24.6,103151,,,Mariano Zabaleta,R,183,ARG,21.1,6-1 RET,3,R64,47,0,2,30,13,8,10,3,2,2,0,1,25,10,4,6,4,2,5,15,1888,26,1235
1999-416,Rome Masters,Clay,64,M,19990510,30,103103,,,Dominik Hrbaty,R,183,SVK,21.3,101150,,WC,Gianluca Pozzi,L,180,ITA,33.8,6-0 6-1,3,R64,49,1,1,43,24,19,12,7,3,3,3,3,44,24,13,4,6,5,10,25,1236,73,676
1999-416,Rome Masters,Clay,64,M,19990510,31,101897,,Q,Fernando Meligeni,L,180,BRA,28.0,101611,,,Cedric Pioline,R,188,FRA,29.9,6-1 6-2,3,R64,66,3,0,52,28,23,13,8,2,2,0,6,49,26,14,10,7,4,8,58,774,29,1189
1999-416,Rome Masters,Clay,64,M,19990510,32,101948,2,,Pete Sampras,R,185,USA,27.7,102539,,,Bohdan Ulihrach,R,188,CZE,24.2,3-6 6-2 7-6(2),3,R64,118,15,4,102,61,42,22,15,8,11,4,3,85,51,34,20,14,6,9,2,3367,38,1034
1999-416,Rome Masters,Clay,64,M,19990510,33,102338,1,,Yevgeny Kafelnikov,R,190,RUS,25.2,103498,,,Marat Safin,R,193,RUS,19.2,6-1 6-2,3,R32,46,5,1,44,31,25,9,8,2,2,2,1,37,16,8,8,7,2,6,1,3382,31,1148
1999-416,Rome Masters,Clay,64,M,19990510,34,102856,16,,Gustavo Kuerten,R,190,BRA,22.6,101532,,,Francisco Clavet,L,183,ESP,30.5,6-3 6-3,3,R32,71,4,0,62,38,30,13,9,5,5,0,1,59,34,22,13,9,2,5,14,2033,21,1610
1999-416,Rome Masters,Clay,64,M,19990510,35,102344,10,,Karol Kucera,R,188,SVK,25.1,102021,,,Michael Chang,R,175,USA,27.2,7-5 6-3,3,R32,96,7,4,60,43,28,7,10,2,5,2,1,67,38,20,12,11,9,15,12,2094,46,942
1999-416,Rome Masters,Clay,64,M,19990510,36,102450,7,,Tim Henman,R,185,GBR,24.6,101733,,,Jan Siemerink,L,183,NED,29.0,7-5 7-5,3,R32,89,3,1,70,50,37,12,12,1,2,2,4,71,36,30,12,12,2,5,8,2671,33,1127
1999-416,Rome Masters,Clay,64,M,19990510,37,102374,3,,Alex Corretja,R,180,ESP,25.0,102271,,,Hicham Arazi,L,175,MAR,25.5,6-3 6-3,3,R32,74,6,0,45,23,20,14,9,2,3,1,2,59,33,16,13,9,2,6,7,2683,35,1122
1999-416,Rome Masters,Clay,64,M,19990510,38,102148,,,Fabrice Santoro,R,178,FRA,26.4,101965,,,Wayne Ferreira,R,185,RSA,27.6,4-6 6-3 6-3,3,R32,107,1,1,89,53,40,16,14,6,9,5,9,89,39,31,20,14,6,11,49,858,24,1286
1999-416,Rome Masters,Clay,64,M,19990510,39,102644,,LL,Franco Squillari,L,183,ARG,23.7,102106,,,Davide Sanguinetti,R,188,ITA,26.7,6-7(4) 7-6(4) 6-3,3,R32,168,7,2,119,70,49,32,17,6,8,6,3,127,72,55,24,16,5,8,47,933,66,708
1999-416,Rome Masters,Clay,64,M,19990510,40,102845,6,,Carlos Moya,R,190,ESP,22.6,103096,,Q,Arnaud Clement,R,173,FRA,21.3,6-2 6-1,3,R32,57,5,1,50,23,20,15,8,1,1,0,4,45,22,10,12,7,3,7,3,3099,85,603
1999-416,Rome Masters,Clay,64,M,19990510,41,103017,,,Nicolas Kiefer,R,183,GER,21.8,101990,5,,Richard Krajicek,R,196,NED,27.4,6-3 6-2,3,R32,64,5,4,59,37,28,10,9,8,9,4,0,45,31,17,6,8,2,6,23,1459,5,2958
1999-416,Rome Masters,Clay,64,M,19990510,42,102839,,,Nicolas Lapentti,R,188,ECU,22.7,102257,12,,Greg Rusedski,L,193,GBR,25.6,6-3 6-3,3,R32,70,0,0,68,60,39,6,9,8,8,3,1,54,33,23,9,9,2,5,32,1134,11,2126
1999-416,Rome Masters,Clay,64,M,19990510,43,101736,14,,Andre Agassi,R,180,USA,29.0,102238,,,Alberto Berasategui,R,173,ESP,25.8,6-1 6-2,3,R32,68,2,2,58,38,27,8,7,4,5,2,6,52,32,15,7,8,3,9,13,2078,77,634
1999-416,Rome Masters,Clay,64,M,19990510,44,102158,4,,Patrick Rafter,R,185,AUS,26.3,103292,,Q,Gaston Gaudio,R,175,ARG,20.4,6-2 6-3,3,R32,65,8,3,52,38,30,6,9,1,2,0,0,56,45,23,6,8,2,6,4,2978,92,572
1999-416,Rome Masters,Clay,64,M,19990510,45,102184,,Q,David Prinosil,R,185,GER,26.1,101727,,,Jason Stoltenberg,R,185,AUS,29.0,6-3 6-0,3,R32,54,2,3,48,31,23,9,8,0,1,1,2,41,18,9,7,7,2,7,80,622,39,1033
1999-416,Rome Masters,Clay,64,M,19990510,46,102247,,WC,Andrea Gaudenzi,R,183,ITA,25.7,102434,,,Vincent Spadea,R,183,USA,24.8,1-6 6-2 6-3,3,R32,122,0,4,94,62,35,13,12,8,14,4,1,70,35,21,13,12,3,10,131,363,27,1207
1999-416,Rome Masters,Clay,64,M,19990510,47,102456,15,,Felix Mantilla,R,180,ESP,24.6,103103,,,Dominik Hrbaty,R,183,SVK,21.3,6-2 4-6 7-5,3,R32,143,3,3,109,65,43,20,15,7,11,4,6,108,60,39,20,15,6,12,15,1888,25,1236
1999-416,Rome Masters,Clay,64,M,19990510,48,101897,,Q,Fernando Meligeni,L,180,BRA,28.0,101948,2,,Pete Sampras,R,185,USA,27.7,6-3 6-1,3,R32,66,2,2,55,34,25,10,8,5,6,1,5,51,24,16,8,8,6,11,58,774,2,3367
1999-416,Rome Masters,Clay,64,M,19990510,49,102856,16,,Gustavo Kuerten,R,190,BRA,22.6,102338,1,,Yevgeny Kafelnikov,R,190,RUS,25.2,7-5 6-1,3,R16,69,7,1,54,34,27,10,9,2,3,4,6,69,39,24,12,10,5,10,14,2033,1,3382
1999-416,Rome Masters,Clay,64,M,19990510,50,102344,10,,Karol Kucera,R,188,SVK,25.1,102450,7,,Tim Henman,R,185,GBR,24.6,4-6 7-6(5) 6-3,3,R16,141,3,7,111,76,55,16,16,6,9,4,2,93,48,35,26,15,2,5,12,2094,8,2671
1999-416,Rome Masters,Clay,64,M,19990510,51,102374,3,,Alex Corretja,R,180,ESP,25.0,102148,,,Fabrice Santoro,R,178,FRA,26.4,7-6(1) 1-6 6-1,3,R16,107,3,0,73,43,30,18,13,2,6,2,0,79,56,36,11,13,3,7,7,2683,49,858
1999-416,Rome Masters,Clay,64,M,19990510,52,102644,,LL,Franco Squillari,L,183,ARG,23.7,102845,6,,Carlos Moya,R,190,ESP,22.6,6-3 7-5,3,R16,83,3,0,75,56,39,8,11,1,2,6,2,65,43,26,12,10,3,6,47,933,3,3099
1999-416,Rome Masters,Clay,64,M,19990510,53,102839,,,Nicolas Lapentti,R,188,ECU,22.7,103017,,,Nicolas Kiefer,R,183,GER,21.8,3-6 7-6(3) 6-3,3,R16,153,6,1,95,60,43,17,14,2,5,11,6,109,60,38,28,16,7,11,32,1134,23,1459
1999-416,Rome Masters,Clay,64,M,19990510,54,102158,4,,Patrick Rafter,R,185,AUS,26.3,101736,14,,Andre Agassi,R,180,USA,29.0,6-1 7-6(4),3,R16,76,12,1,57,39,32,12,10,0,1,3,1,62,42,25,11,9,3,6,4,2978,13,2078
1999-416,Rome Masters,Clay,64,M,19990510,55,102184,,Q,David Prinosil,R,185,GER,26.1,102247,,WC,Andrea Gaudenzi,R,183,ITA,25.7,7-5 6-3,3,R16,89,4,2,77,43,34,20,11,6,6,2,0,61,34,23,16,10,2,4,80,622,131,363
1999-416,Rome Masters,Clay,64,M,19990510,56,102456,15,,Felix Mantilla,R,180,ESP,24.6,101897,,Q,Fernando Meligeni,L,180,BRA,28.0,6-2 6-3,3,R16,72,0,0,44,29,16,12,8,2,4,6,3,62,34,16,11,9,3,9,15,1888,58,774
1999-416,Rome Masters,Clay,64,M,19990510,57,102856,16,,Gustavo Kuerten,R,190,BRA,22.6,102344,10,,Karol Kucera,R,188,SVK,25.1,3-6 6-4 7-5,3,QF,139,1,2,99,53,33,24,15,11,16,1,2,104,69,40,19,16,7,13,14,2033,12,2094
1999-416,Rome Masters,Clay,64,M,19990510,58,102374,3,,Alex Corretja,R,180,ESP,25.0,102644,,LL,Franco Squillari,L,183,ARG,23.7,5-7 7-6(4) 7-5,3,QF,178,3,2,105,52,30,24,18,3,11,4,5,132,87,46,21,18,10,18,7,2683,47,933
1999-416,Rome Masters,Clay,64,M,19990510,59,102158,4,,Patrick Rafter,R,185,AUS,26.3,102839,,,Nicolas Lapentti,R,188,ECU,22.7,4-6 7-5 6-1,3,QF,121,5,7,96,62,49,16,15,8,10,1,2,75,52,29,15,14,3,7,4,2978,32,1134
1999-416,Rome Masters,Clay,64,M,19990510,60,102456,15,,Felix Mantilla,R,180,ESP,24.6,102184,,Q,David Prinosil,R,185,GER,26.1,6-2 6-4,3,QF,67,3,2,51,29,25,14,9,3,3,6,0,51,31,23,9,9,2,5,15,1888,80,622
1999-416,Rome Masters,Clay,64,M,19990510,61,102856,16,,Gustavo Kuerten,R,190,BRA,22.6,102374,3,,Alex Corretja,R,180,ESP,25.0,6-4 6-2,3,SF,87,8,1,57,34,26,11,9,2,4,4,0,64,33,17,14,9,6,11,14,2033,7,2683
1999-416,Rome Masters,Clay,64,M,19990510,62,102158,4,,Patrick Rafter,R,185,AUS,26.3,102456,15,,Felix Mantilla,R,180,ESP,24.6,6-3 7-5,3,SF,83,4,1,63,45,34,10,11,0,1,3,0,60,41,28,9,10,3,6,4,2978,15,1888
1999-416,Rome Masters,Clay,64,M,19990510,63,102856,16,,Gustavo Kuerten,R,190,BRA,22.6,102158,4,,Patrick Rafter,R,185,AUS,26.3,6-4 7-5 7-6(6),5,F,158,8,0,105,61,48,29,17,2,4,4,3,134,91,59,23,17,12,16,14,2033,4,2978
1999-615,Dusseldorf,Clay,64,A,19990516,1,102257,,,Greg Rusedski,L,193,GBR,25.6,103017,,,Nicolas Kiefer,R,183,GER,21.8,6-1 6-4,3,RR,69,6,1,56,35,28,11,9,1,1,2,2,48,23,13,13,8,1,4,13,2126,21,1529
1999-615,Dusseldorf,Clay,64,A,19990516,2,102374,,,Alex Corretja,R,180,ESP,25.0,102257,,,Greg Rusedski,L,193,GBR,25.6,7-5 3-6 6-3,3,RR,123,0,0,90,60,44,18,15,0,1,11,2,101,58,45,21,15,9,11,6,2849,13,2126
1999-615,Dusseldorf,Clay,64,A,19990516,3,102035,,,Jonas Bjorkman,R,183,SWE,27.1,102257,,,Greg Rusedski,L,193,GBR,25.6,6-2 6-2,3,RR,55,3,1,37,28,26,6,8,0,0,2,3,67,42,23,11,8,6,10,28,1202,13,2126
1999-615,Dusseldorf,Clay,64,A,19990516,4,102845,,,Carlos Moya,R,190,ESP,22.7,102450,,,Tim Henman,R,185,GBR,24.6,7-5 3-6 7-6(2),3,RR,129,6,2,108,61,46,22,16,6,9,11,9,116,59,44,29,17,7,10,4,3080,7,2671
1999-615,Dusseldorf,Clay,64,A,19990516,5,102358,,,Thomas Enqvist,R,190,SWE,25.1,102450,,,Tim Henman,R,185,GBR,24.6,7-6(4) 6-4,3,RR,79,2,4,65,40,30,10,11,2,5,8,3,79,44,32,10,11,7,11,17,1739,7,2671
1999-615,Dusseldorf,Clay,64,A,19990516,6,101948,,,Pete Sampras,R,185,USA,27.7,101611,,,Cedric Pioline,R,188,FRA,29.9,7-5 6-4,3,RR,87,5,5,69,33,29,18,11,2,3,2,0,68,32,23,19,11,7,10,2,3317,29,1176
1999-615,Dusseldorf,Clay,64,A,19990516,7,101948,,,Pete Sampras,R,185,USA,27.7,102344,,,Karol Kucera,R,188,SVK,25.2,7-6(5) 4-6 6-2,3,RR,126,3,2,93,49,33,25,15,2,5,7,1,96,60,41,21,15,7,11,2,3317,12,2185
1999-615,Dusseldorf,Clay,64,A,19990516,8,102158,,,Patrick Rafter,R,185,AUS,26.3,101948,,,Pete Sampras,R,185,USA,27.7,6-3 6-4,3,RR,80,4,4,70,47,33,14,11,4,5,4,2,60,31,24,12,10,1,4,3,3298,2,3317
1999-615,Dusseldorf,Clay,64,A,19990516,9,102158,,,Patrick Rafter,R,185,AUS,26.3,101611,,,Cedric Pioline,R,188,FRA,29.9,7-6(10) 6-1,3,RR,97,3,4,74,52,30,14,10,5,7,1,3,69,39,23,13,9,1,6,3,3298,29,1176
1999-615,Dusseldorf,Clay,64,A,19990516,10,102765,,,Nicolas Escude,R,185,FRA,23.1,101736,,,Andre Agassi,R,180,USA,29.0,4-3 RET,3,RR,38,1,1,21,15,9,3,4,0,1,0,1,33,21,12,5,4,6,8,125,376,14,2101
1999-615,Dusseldorf,Clay,64,A,19990516,11,102882,,,Mark Philippoussis,R,196,AUS,22.5,102765,,,Nicolas Escude,R,185,FRA,23.1,6-1 7-6(5),3,RR,72,9,9,63,30,28,16,10,3,4,0,2,69,44,26,13,9,5,8,10,2287,125,376
1999-615,Dusseldorf,Clay,64,A,19990516,12,103103,,,Dominik Hrbaty,R,183,SVK,21.3,102765,,,Nicolas Escude,R,185,FRA,23.1,6-4 3-6 6-4,3,RR,100,2,8,92,39,23,26,15,5,11,2,1,88,60,33,13,14,1,7,31,1163,125,376
1999-615,Dusseldorf,Clay,64,A,19990516,13,102882,,,Mark Philippoussis,R,196,AUS,22.5,103103,,,Dominik Hrbaty,R,183,SVK,21.3,4-6 7-6(6) 6-4,3,RR,127,20,5,109,64,52,22,16,3,5,4,4,114,69,47,25,16,5,7,10,2287,31,1163
1999-615,Dusseldorf,Clay,64,A,19990516,14,102882,,,Mark Philippoussis,R,196,AUS,22.5,101191,,,Richey Reneberg,R,180,USA,33.6,6-4 6-7(3) 7-5,3,RR,123,14,5,102,56,39,29,17,4,6,10,3,115,71,50,22,17,3,7,10,2287,291,128
1999-615,Dusseldorf,Clay,64,A,19990516,15,102035,,,Jonas Bjorkman,R,183,SWE,27.1,102882,,,Mark Philippoussis,R,196,AUS,22.5,6-4 7-6(3),3,F,93,7,1,80,54,38,14,11,5,7,5,6,84,50,36,12,11,6,9,28,1202,10,2287
1999-615,Dusseldorf,Clay,64,A,19990516,16,102344,,,Karol Kucera,R,188,SVK,25.2,102158,,,Patrick Rafter,R,185,AUS,26.3,6-3 7-6(5),3,RR,97,0,2,69,52,35,12,10,4,5,1,3,77,53,32,14,11,2,5,12,2185,3,3298
1999-615,Dusseldorf,Clay,64,A,19990516,17,102344,,,Karol Kucera,R,188,SVK,25.2,101703,,,Guillaume Raoux,R,180,FRA,29.2,6-2 6-3,3,RR,70,3,1,51,25,16,16,8,4,6,0,2,57,28,16,9,9,5,11,12,2185,71,679
1999-615,Dusseldorf,Clay,64,A,19990516,18,102374,,,Alex Corretja,R,180,ESP,25.0,102563,,,Thomas Johansson,R,180,SWE,24.1,7-6(4) 6-1,3,RR,100,2,0,58,36,26,14,9,1,1,5,3,89,38,28,19,10,4,7,6,2849,18,1650
1999-615,Dusseldorf,Clay,64,A,19990516,19,102358,,,Thomas Enqvist,R,190,SWE,25.1,102845,,,Carlos Moya,R,190,ESP,22.7,3-6 6-1 6-3,3,RR,81,6,1,78,53,32,13,13,2,6,2,10,72,30,21,15,12,1,7,17,1739,4,3080
1999-615,Dusseldorf,Clay,64,A,19990516,20,102158,,,Patrick Rafter,R,185,AUS,26.3,102358,,,Thomas Enqvist,R,190,SWE,25.1,5-7 6-3 6-3,3,F,133,6,5,99,62,36,22,15,11,16,3,5,109,73,42,15,15,12,19,3,3298,17,1739
1999-615,Dusseldorf,Clay,64,A,19990516,21,101191,,,Richey Reneberg,R,180,USA,33.6,103103,,,Dominik Hrbaty,R,183,SVK,21.3,6-3 3-6 6-3,3,RR,103,6,3,94,50,32,20,14,7,12,0,4,76,42,25,15,13,2,8,291,128,31,1163
1999-306,St. Poelten,Clay,32,A,19990517,1,102338,1,,Yevgeny Kafelnikov,R,190,RUS,25.2,102655,,Q,Jimy Szymanski,R,175,VEN,23.6,7-6(4) 6-2,3,R32,81,1,5,66,43,35,11,10,2,3,8,3,54,26,21,15,10,2,5,1,3371,242,165
1999-306,St. Poelten,Clay,32,A,19990517,2,102644,,,Franco Squillari,L,183,ARG,23.7,102110,,,Daniel Nestor,L,190,CAN,26.6,6-3 6-3,3,R32,62,1,1,50,33,22,11,9,2,4,6,8,64,41,25,8,9,4,9,39,1052,85,597
1999-306,St. Poelten,Clay,32,A,19990517,3,103182,,WC,Markus Hipfl,R,178,AUT,21.0,102548,,,Juan Antonio Marin,R,175,CRC,24.2,6-1 6-1,3,R32,50,3,0,42,28,25,6,7,2,2,1,3,45,25,11,8,7,7,12,92,572,88,583
1999-306,St. Poelten,Clay,32,A,19990517,4,102104,,,Christian Ruud,R,188,NOR,26.7,103264,8,,Mariano Puerta,L,180,ARG,20.6,3-6 6-1 7-6(2),3,R32,127,1,5,83,54,38,19,14,3,5,3,3,98,63,42,15,14,9,12,60,756,44,950
1999-306,St. Poelten,Clay,32,A,19990517,5,101532,4,,Francisco Clavet,L,183,ESP,30.5,102854,,,Sjeng Schalken,R,193,NED,22.6,4-6 7-6(4) 6-2,3,R32,147,5,3,109,63,42,24,15,7,11,1,4,102,61,41,18,15,6,11,20,1610,57,766
1999-306,St. Poelten,Clay,32,A,19990517,6,101735,,,Richard Fromberg,R,196,AUS,29.0,103031,,WC,Julian Alonso,R,185,ESP,21.7,6-3 6-1,3,R32,70,3,1,51,33,27,9,8,1,1,2,8,67,37,23,11,8,9,13,74,666,113,428
1999-306,St. Poelten,Clay,32,A,19990517,7,102466,,,Jan Kroslak,R,188,SVK,24.5,102562,,,Jiri Novak,R,190,CZE,24.1,7-6(4) 7-5,3,R32,101,3,10,94,57,37,12,12,5,10,2,0,93,56,30,16,12,9,15,67,703,48,844
1999-306,St. Poelten,Clay,32,A,19990517,8,103151,5,,Mariano Zabaleta,R,183,ARG,21.2,102925,,,Justin Gimelstob,R,196,USA,22.3,6-4 7-5,3,R32,97,2,3,65,34,26,20,11,1,2,2,5,72,42,32,11,11,3,6,26,1235,70,685
1999-306,St. Poelten,Clay,32,A,19990517,9,101962,6,,Younes El Aynaoui,R,193,MAR,27.6,102180,,Q,Charles Auffray,R,183,FRA,26.2,7-5 6-2,3,R32,73,2,1,53,34,25,9,10,0,2,0,5,91,48,32,15,10,4,9,36,1076,335,100
1999-306,St. Poelten,Clay,32,A,19990517,10,102783,,,Rainer Schuettler,R,180,GER,23.0,102796,,,Magnus Norman,R,188,SWE,22.9,7-5 6-4,3,R32,98,1,2,71,46,27,16,11,3,6,3,2,73,41,26,15,11,6,11,51,833,52,824
1999-306,St. Poelten,Clay,32,A,19990517,11,103084,,Q,Guillermo Canas,R,185,ARG,21.4,101507,,Q,Tomas Carbonell,R,178,ESP,30.7,6-3 6-3,3,R32,72,3,2,51,31,22,12,9,2,4,0,4,75,58,30,8,9,5,10,93,549,280,136
1999-306,St. Poelten,Clay,32,A,19990517,12,101964,3,,Goran Ivanisevic,L,193,CRO,27.6,102776,,,Andrew Ilie,R,180,AUS,23.0,6-2 5-7 6-3,3,R32,93,8,6,86,45,39,19,14,5,7,7,3,85,54,36,17,15,2,7,16,1813,54,820
1999-306,St. Poelten,Clay,32,A,19990517,13,102905,,WC,Stefan Koubek,L,175,AUT,22.3,101404,7,,Thomas Muster,L,180,AUT,31.6,6-3 6-4,3,R32,58,5,1,56,34,29,13,10,1,1,1,2,60,36,21,15,9,3,5,69,694,47,902
1999-306,St. Poelten,Clay,32,A,19990517,14,103285,,LL,Radek Stepanek,R,185,CZE,20.4,102247,,,Andrea Gaudenzi,R,183,ITA,25.7,2-6 6-3 6-1,3,R32,99,5,3,86,53,34,15,12,5,9,0,1,68,44,23,10,12,5,11,164,282,108,444
1999-306,St. Poelten,Clay,32,A,19990517,15,102238,,,Alberto Berasategui,R,173,ESP,25.8,103252,,,Alberto Martin,R,175,ESP,20.7,7-6(5) 6-3,3,R32,90,1,6,75,55,33,9,10,3,6,1,3,79,49,29,12,11,6,11,101,470,65,713
1999-306,St. Poelten,Clay,32,A,19990517,16,102701,2,,Marcelo Rios,L,175,CHI,23.3,102106,,,Davide Sanguinetti,R,188,ITA,26.7,7-6(4) 5-7 6-3,3,R32,129,3,5,112,52,31,31,16,8,14,2,0,127,81,44,23,17,12,19,9,2422,75,654
1999-306,St. Poelten,Clay,32,A,19990517,17,102338,1,,Yevgeny Kafelnikov,R,190,RUS,25.2,102644,,,Franco Squillari,L,183,ARG,23.7,6-4 6-1,3,R16,61,0,0,51,39,22,7,9,0,3,0,3,47,28,13,6,8,6,12,1,3371,39,1052
1999-306,St. Poelten,Clay,32,A,19990517,18,103182,,WC,Markus Hipfl,R,178,AUT,21.0,102104,,,Christian Ruud,R,188,NOR,26.7,6-4 6-2,3,R16,81,2,3,66,40,26,13,9,6,8,0,4,50,28,11,10,9,2,7,92,572,60,756
1999-306,St. Poelten,Clay,32,A,19990517,19,101532,4,,Francisco Clavet,L,183,ESP,30.5,101735,,,Richard Fromberg,R,196,AUS,29.0,7-5 6-3,3,R16,82,1,2,53,35,24,14,9,1,1,7,3,71,42,25,16,10,3,6,20,1610,74,666
1999-306,St. Poelten,Clay,32,A,19990517,20,103151,5,,Mariano Zabaleta,R,183,ARG,21.2,102466,,,Jan Kroslak,R,188,SVK,24.5,7-5 6-3,3,R16,77,2,3,61,41,29,5,11,2,6,0,2,65,42,20,9,10,5,11,26,1235,67,703
1999-306,St. Poelten,Clay,32,A,19990517,21,101962,6,,Younes El Aynaoui,R,193,MAR,27.6,102783,,,Rainer Schuettler,R,180,GER,23.0,6-2 6-1,3,R16,49,3,3,38,26,22,7,8,0,1,0,4,53,35,16,5,7,3,8,36,1076,51,833
1999-306,St. Poelten,Clay,32,A,19990517,22,103084,,Q,Guillermo Canas,R,185,ARG,21.4,101964,3,,Goran Ivanisevic,L,193,CRO,27.6,6-2 6-2,3,R16,45,4,0,44,28,22,12,8,1,1,3,1,46,26,15,8,8,2,6,93,549,16,1813
1999-306,St. Poelten,Clay,32,A,19990517,23,102905,,WC,Stefan Koubek,L,175,AUT,22.3,103285,,LL,Radek Stepanek,R,185,CZE,20.4,6-3 3-6 7-6(4),3,R16,143,2,7,97,67,45,11,15,8,13,2,4,131,74,49,22,15,12,17,69,694,164,282
1999-306,St. Poelten,Clay,32,A,19990517,24,102701,2,,Marcelo Rios,L,175,CHI,23.3,102238,,,Alberto Berasategui,R,173,ESP,25.8,7-6(4) 6-2,3,R16,75,2,2,75,49,35,12,10,6,8,2,5,66,51,28,4,10,3,7,9,2422,101,470
1999-306,St. Poelten,Clay,32,A,19990517,25,102338,1,,Yevgeny Kafelnikov,R,190,RUS,25.2,103182,,WC,Markus Hipfl,R,178,AUT,21.0,6-2 6-2,3,QF,70,4,1,52,32,19,12,8,3,5,3,2,53,33,16,6,8,4,10,1,3371,92,572
1999-306,St. Poelten,Clay,32,A,19990517,26,103151,5,,Mariano Zabaleta,R,183,ARG,21.2,101532,4,,Francisco Clavet,L,183,ESP,30.5,6-2 4-6 6-3,3,QF,95,5,1,76,44,34,21,14,0,2,3,3,76,53,32,13,13,4,8,26,1235,20,1610
1999-306,St. Poelten,Clay,32,A,19990517,27,101962,6,,Younes El Aynaoui,R,193,MAR,27.6,103084,,Q,Guillermo Canas,R,185,ARG,21.4,6-3 7-5,3,QF,77,4,1,64,33,26,16,11,2,4,4,3,56,35,23,10,10,3,7,36,1076,93,549
1999-306,St. Poelten,Clay,32,A,19990517,28,102701,2,,Marcelo Rios,L,175,CHI,23.3,102905,,WC,Stefan Koubek,L,175,AUT,22.3,6-4 6-0,3,QF,74,2,3,67,31,20,24,8,9,9,1,0,56,34,18,12,8,4,8,9,2422,69,694
1999-306,St. Poelten,Clay,32,A,19990517,29,103151,5,,Mariano Zabaleta,R,183,ARG,21.2,102338,1,,Yevgeny Kafelnikov,R,190,RUS,25.2,7-5 6-3,3,SF,93,9,1,57,30,23,16,10,0,1,9,7,87,45,32,16,11,6,10,26,1235,1,3371
1999-306,St. Poelten,Clay,32,A,19990517,30,102701,2,,Marcelo Rios,L,175,CHI,23.3,101962,6,,Younes El Aynaoui,R,193,MAR,27.6,6-1 6-3,3,SF,53,4,2,44,27,23,11,8,0,0,0,2,58,42,24,5,8,4,8,9,2422,36,1076
1999-306,St. Poelten,Clay,32,A,19990517,31,102701,2,,Marcelo Rios,L,175,CHI,23.3,103151,5,,Mariano Zabaleta,R,183,ARG,21.2,4-4 RET,3,F,30,1,3,24,16,12,3,4,1,2,2,2,25,11,7,7,5,1,2,9,2422,26,1235
1999-520,Roland Garros,Clay,128,G,19990524,1,102338,1,,Yevgeny Kafelnikov,R,190,RUS,25.2,102021,,,Michael Chang,R,175,USA,27.2,6-2 5-7 6-0 7-6(8),5,R128,175,8,5,125,71,53,29,19,5,9,2,3,146,77,45,31,19,18,26,1,3403,51,835
1999-520,Roland Garros,Clay,128,G,19990524,2,103103,,,Dominik Hrbaty,R,183,SVK,21.3,102369,,WC,Julien Boutter,R,190,FRA,25.1,5-7 6-4 7-5 7-5,5,R128,163,3,4,147,102,74,25,23,8,10,16,4,135,81,67,24,23,9,13,30,1163,149,307
1999-520,Roland Garros,Clay,128,G,19990524,3,102776,,,Andrew Ilie,R,180,AUS,23.0,102035,,,Jonas Bjorkman,R,183,SWE,27.1,4-6 6-3 7-5 3-6 6-3,5,R128,197,15,7,186,95,65,44,24,19,24,8,1,158,86,62,33,25,10,16,53,820,27,1202
1999-520,Roland Garros,Clay,128,G,19990524,4,101675,,,Martin Rodriguez,R,178,ARG,29.4,103720,,,Lleyton Hewitt,R,180,AUS,18.2,4-6 6-4 6-4 4-6 6-4,5,R128,206,7,6,155,72,56,44,25,8,12,3,7,168,105,76,27,25,15,20,84,606,41,959
1999-520,Roland Garros,Clay,128,G,19990524,5,102533,,,Jens Knippschild,R,190,GER,24.2,102201,,WC,Lionel Roux,R,185,FRA,26.1,6-4 6-3 6-0,5,R128,112,7,3,79,41,31,23,12,2,3,1,4,82,41,22,19,13,6,12,103,454,224,186
1999-520,Roland Garros,Clay,128,G,19990524,6,103498,,,Marat Safin,R,193,RUS,19.3,102466,,,Jan Kroslak,R,188,SVK,24.5,6-2 4-6 6-3 3-6 6-2,5,R128,148,7,10,136,71,51,29,22,15,21,6,12,136,78,49,24,22,13,22,31,1156,66,713
1999-520,Roland Garros,Clay,128,G,19990524,7,101793,,,Jim Courier,R,185,USA,28.7,102231,,Q,Alex Calatrava,R,190,ESP,25.9,6-1 6-3 7-5,5,R128,112,7,2,73,46,38,21,14,2,2,5,2,88,57,33,15,14,8,13,59,758,207,205
1999-520,Roland Garros,Clay,128,G,19990524,8,102271,,,Hicham Arazi,L,175,MAR,25.5,101964,15,,Goran Ivanisevic,L,193,CRO,27.6,6-4 1-6 6-3 6-1,5,R128,156,3,4,153,66,45,46,16,15,17,11,8,137,72,53,23,17,17,22,36,1086,16,1813
1999-520,Roland Garros,Clay,128,G,19990524,9,102701,9,,Marcelo Rios,L,175,CHI,23.4,102809,,Q,Axel Pretzsch,R,185,GER,22.9,6-3 6-2 7-5,5,R128,112,2,6,88,38,24,30,14,2,5,2,9,108,62,39,15,15,15,23,9,2431,127,369
1999-520,Roland Garros,Clay,128,G,19990524,10,101589,,WC,Arnaud Boetsch,R,183,FRA,30.1,103009,,Q,Razvan Sabau,R,185,ROU,21.9,6-0 6-1 6-1,5,R128,76,9,2,64,39,32,13,10,4,4,6,2,71,51,23,5,10,10,18,660,23,258,154
1999-520,Roland Garros,Clay,128,G,19990524,11,102860,,Q,Agustin Calleri,R,183,ARG,22.6,101888,,,Daniel Vacek,R,190,CZE,28.1,6-4 6-3 4-6 6-4,5,R128,142,4,4,116,60,41,32,20,12,16,2,0,124,88,56,13,19,10,17,124,376,68,706
1999-520,Roland Garros,Clay,128,G,19990524,12,102610,,,Albert Costa,R,180,ESP,23.9,101320,,,Magnus Gustafsson,R,185,SWE,32.3,6-3 4-6 7-5 7-6(5),5,R128,173,11,1,140,110,76,14,22,10,14,5,7,147,111,69,18,21,13,18,25,1295,45,942
1999-520,Roland Garros,Clay,128,G,19990524,13,102238,,,Alberto Berasategui,R,173,ESP,25.9,102286,,,Wayne Black,R,170,ZIM,25.5,6-0 6-3 4-6 6-2,5,R128,113,2,6,106,74,50,18,16,5,7,4,3,98,68,37,13,17,7,15,97,493,95,528
1999-520,Roland Garros,Clay,128,G,19990524,14,101902,,WC,Stephane Huet,L,180,FRA,28.0,102521,,,Hendrik Dreekmann,R,188,GER,24.3,2-6 7-5 6-3 6-3,5,R128,148,9,3,123,52,36,41,19,12,17,5,4,127,68,43,28,19,6,13,171,264,82,607
1999-520,Roland Garros,Clay,128,G,19990524,15,102562,,,Jiri Novak,R,190,CZE,24.1,102110,,,Daniel Nestor,L,190,CAN,26.7,6-2 6-2 6-2,5,R128,73,3,3,64,38,32,17,12,1,1,4,5,72,43,29,7,12,7,13,49,844,87,597
1999-520,Roland Garros,Clay,128,G,19990524,16,102450,7,,Tim Henman,R,185,GBR,24.7,102223,,,Karim Alami,R,185,MAR,25.9,6-4 3-6 4-6 6-3 6-4,5,R128,189,8,7,146,83,59,31,24,10,15,11,7,146,84,60,30,24,8,14,7,2671,56,779
1999-520,Roland Garros,Clay,128,G,19990524,17,102845,4,,Carlos Moya,R,190,ESP,22.7,103182,,,Markus Hipfl,R,178,AUT,21.0,3-6 1-6 6-4 6-2 6-4,5,R128,175,5,4,154,96,64,25,22,21,27,3,5,140,96,61,20,22,15,21,4,3080,85,602
1999-520,Roland Garros,Clay,128,G,19990524,18,101434,,,Petr Korda,L,190,CZE,31.3,103252,,,Alberto Martin,R,175,ESP,20.7,7-6(2) 6-1 4-6 6-3,5,R128,147,8,5,131,65,54,27,19,15,20,2,0,119,97,54,11,19,10,18,122,379,67,713
1999-520,Roland Garros,Clay,128,G,19990524,19,101965,,,Wayne Ferreira,R,185,RSA,27.6,102202,,LL,Kenneth Carlsen,L,190,DEN,26.0,3-6 6-3 6-3 6-2,5,R128,162,9,5,120,61,43,29,17,11,15,3,0,112,64,40,20,18,9,16,24,1305,114,408
1999-520,Roland Garros,Clay,128,G,19990524,20,102227,,,Sargis Sargsian,R,180,ARM,25.9,103444,,WC,Jean Rene Lisnard,R,173,MON,19.6,6-7(4) 6-4 6-2 6-2,5,R128,165,10,2,124,78,55,25,19,6,8,3,6,130,71,45,29,19,13,20,75,638,237,171
1999-520,Roland Garros,Clay,128,G,19990524,21,102839,,,Nicolas Lapentti,R,188,ECU,22.7,101404,,,Thomas Muster,L,180,AUT,31.6,2-6 6-1 6-2 7-6(4),5,R128,159,12,2,134,86,61,24,17,9,12,1,3,132,91,52,21,18,10,15,26,1223,47,865
1999-520,Roland Garros,Clay,128,G,19990524,22,102162,,,Chris Woodruff,R,188,USA,26.3,102554,,Q,Diego Moyano,R,175,ARG,24.1,6-2 6-3 6-7(4) 7-5,5,R128,180,9,7,138,88,64,23,20,8,13,4,5,141,87,58,18,21,9,18,158,293,262,151
1999-520,Roland Garros,Clay,128,G,19990524,23,103096,,,Arnaud Clement,R,173,FRA,21.4,101611,,,Cedric Pioline,R,188,FRA,29.9,3-6 3-6 7-6(8) 6-4 6-3,5,R128,213,4,1,154,97,59,24,24,16,26,7,7,165,86,52,36,25,14,23,81,609,28,1176
1999-520,Roland Garros,Clay,128,G,19990524,24,101736,13,,Andre Agassi,R,180,USA,29.0,102644,,,Franco Squillari,L,183,ARG,23.7,3-6 7-5 7-5 6-3,5,R128,169,4,5,133,93,61,22,21,10,14,7,0,146,85,53,30,21,17,23,14,2101,38,1052
1999-520,Roland Garros,Clay,128,G,19990524,25,102257,12,,Greg Rusedski,L,193,GBR,25.7,102184,,,David Prinosil,R,185,GER,26.2,6-4 6-4 6-7(4) 6-4,5,R128,160,8,4,148,92,66,27,21,10,12,7,2,126,74,54,27,21,9,14,13,2126,58,763
1999-520,Roland Garros,Clay,128,G,19990524,26,101735,,,Richard Fromberg,R,196,AUS,29.0,102179,,WC,Antony Dupuis,R,185,FRA,26.2,6-3 3-6 6-1 6-3,5,R128,136,5,2,106,63,50,23,17,3,4,5,1,133,89,58,17,17,11,16,74,665,132,355
1999-520,Roland Garros,Clay,128,G,19990524,27,102106,,,Davide Sanguinetti,R,188,ITA,26.7,102770,,,John Van Lottum,R,185,NED,23.1,6-4 6-2 3-6 6-3,5,R128,138,12,2,107,68,49,24,18,5,8,3,10,127,65,41,28,18,17,23,86,600,64,728
1999-520,Roland Garros,Clay,128,G,19990524,28,102024,,,Hernan Gumy,R,188,ARG,27.2,102318,,,Andrei Pavel,R,183,ROU,25.3,6-7(3) 6-2 3-1 RET,5,R128,127,3,3,85,53,33,16,12,8,11,1,2,90,60,34,13,12,3,9,80,613,72,679
1999-520,Roland Garros,Clay,128,G,19990524,29,101382,,Q,Marcelo Filippini,R,178,URU,31.8,102133,,,Laurence Tieleman,R,180,ITA,26.5,6-4 6-1 6-4,5,R128,114,2,1,97,69,45,17,13,11,13,3,6,85,51,32,12,14,9,15,140,338,79,620
1999-520,Roland Garros,Clay,128,G,19990524,30,210013,,,Martin Damm Sr,R,188,CZE,26.8,103017,,,Nicolas Kiefer,R,183,GER,21.8,7-5 6-4 6-2,5,R128,121,14,0,95,59,49,15,15,10,12,9,11,92,46,33,17,15,6,12,,,21,1529
1999-520,Roland Garros,Clay,128,G,19990524,31,102434,,,Vincent Spadea,R,183,USA,24.8,101185,,,Mark Woodforde,L,188,AUS,33.6,7-6(5) 6-3 7-5,5,R128,147,4,1,108,73,45,23,17,6,10,4,2,112,82,46,14,16,11,18,35,1121,55,784
1999-520,Roland Garros,Clay,128,G,19990524,32,101990,5,,Richard Krajicek,R,196,NED,27.4,102998,,,Jan Michael Gambill,R,190,USA,21.9,7-6(4) 6-3 6-2,5,R128,130,10,1,105,61,49,22,15,4,6,4,2,93,52,38,17,14,5,10,5,2863,50,843
1999-520,Roland Garros,Clay,128,G,19990524,33,102374,6,,Alex Corretja,R,180,ESP,25.1,102153,,Q,German Puentes,R,173,ESP,26.4,7-6(4) 6-4 6-2,5,R128,147,3,2,101,57,42,25,15,7,9,2,1,106,77,47,12,15,6,11,6,2849,116,402
1999-520,Roland Garros,Clay,128,G,19990524,34,102950,,,Fernando Vicente,R,180,ESP,22.2,101543,,,Jeff Tarango,L,180,USA,30.5,5-7 6-2 6-3 6-3,5,R128,150,6,8,111,63,42,29,19,7,11,5,10,139,82,49,24,19,25,33,62,739,96,514
1999-520,Roland Garros,Clay,128,G,19990524,35,101463,,,Bernd Karbacher,R,185,GER,31.1,102796,,,Magnus Norman,R,188,SWE,22.9,7-6(5) 4-6 6-2 6-4,5,R128,211,10,3,157,80,55,41,20,12,16,9,3,148,89,59,26,20,25,31,94,546,52,824
1999-520,Roland Garros,Clay,128,G,19990524,36,103292,,Q,Gaston Gaudio,R,175,ARG,20.4,102234,,,Oliver Gross,R,185,GER,25.9,6-1 2-0 RET,5,R128,29,1,1,24,10,8,12,5,0,0,1,5,22,12,6,1,4,5,8,78,620,101,469
1999-520,Roland Garros,Clay,128,G,19990524,37,102905,,,Stefan Koubek,L,175,AUT,22.3,101703,,,Guillaume Raoux,R,180,FRA,29.2,6-0 6-4 7-5,5,R128,95,5,3,86,49,37,20,14,7,9,1,2,83,47,24,19,14,6,13,65,717,71,679
1999-520,Roland Garros,Clay,128,G,19990524,38,101826,,Q,Alex Lopez Moron,R,175,ESP,28.4,101889,,,Todd Woodbridge,R,178,AUS,28.1,6-0 6-3 4-6 6-2,5,R128,153,1,3,118,68,44,32,16,10,11,2,5,123,75,45,22,17,11,18,196,229,98,478
1999-520,Roland Garros,Clay,128,G,19990524,39,103206,,,Sebastien Grosjean,R,175,FRA,20.9,102148,,,Fabrice Santoro,R,178,FRA,26.4,6-3 6-4 3-6 5-7 6-1,5,R128,205,2,0,141,82,53,24,24,18,26,3,2,165,111,60,25,23,16,27,34,1126,46,911
1999-520,Roland Garros,Clay,128,G,19990524,40,101723,,,Magnus Larsson,R,193,SWE,29.1,102344,11,,Karol Kucera,R,188,SVK,25.2,6-2 6-3 6-2,5,R128,103,6,0,93,61,43,21,12,5,5,6,3,67,37,21,14,13,8,13,43,952,12,2185
1999-520,Roland Garros,Clay,128,G,19990524,41,102456,14,,Felix Mantilla,R,180,ESP,24.6,101549,,WC,Rodolphe Gilbert,L,183,FRA,30.4,4-6 6-4 6-3 6-4,5,R128,166,4,3,133,79,56,31,19,12,15,12,2,120,61,45,25,20,11,16,15,2053,186,244
1999-520,Roland Garros,Clay,128,G,19990524,42,103264,,,Mariano Puerta,L,180,ARG,20.6,101150,,,Gianluca Pozzi,L,180,ITA,33.9,6-2 7-6(0) 6-4,5,R128,149,1,1,112,77,55,16,15,5,8,7,0,106,48,34,22,15,7,13,44,950,73,676
1999-520,Roland Garros,Clay,128,G,19990524,43,103163,,,Tommy Haas,R,188,GER,21.1,101820,,,Marc Rosset,R,201,SUI,28.5,7-6(6) 7-6(4) 6-1,5,R128,145,7,8,127,61,48,36,16,11,12,12,11,116,67,46,22,15,12,15,19,1640,29,1176
1999-520,Roland Garros,Clay,128,G,19990524,44,102433,,Q,Mose Navarra,L,180,ITA,24.8,102401,,,Scott Draper,L,178,AUS,24.9,3-6 6-1 7-6(6) 7-6(5),5,R128,190,7,5,152,89,63,33,20,12,15,14,3,145,72,51,41,20,3,7,138,339,42,957
1999-520,Roland Garros,Clay,128,G,19990524,45,101897,,,Fernando Meligeni,L,180,BRA,28.1,102925,,,Justin Gimelstob,R,196,USA,22.3,6-3 6-3 6-3,5,R128,114,6,2,86,57,37,18,13,5,7,4,9,81,53,32,8,14,5,11,54,813,70,685
1999-520,Roland Garros,Clay,128,G,19990524,46,101962,,,Younes El Aynaoui,R,193,MAR,27.6,103598,,LL,Xavier Malisse,R,185,BEL,18.8,6-2 6-0 6-4,5,R128,98,3,3,80,52,42,14,12,7,7,6,2,71,36,19,15,12,8,14,33,1131,108,430
1999-520,Roland Garros,Clay,128,G,19990524,47,102765,,,Nicolas Escude,R,185,FRA,23.1,102023,,Q,Petr Luxa,R,190,CZE,27.2,6-4 6-3 6-1,5,R128,97,2,0,73,50,27,11,13,9,15,4,14,87,46,23,9,13,14,25,123,376,188,240
1999-520,Roland Garros,Clay,128,G,19990524,48,102158,3,,Patrick Rafter,R,185,AUS,26.4,103819,,WC,Roger Federer,R,185,SUI,17.7,5-7 6-3 6-0 6-2,5,R128,133,6,3,117,84,59,20,18,7,9,3,3,108,60,37,24,17,10,17,3,3298,111,424
1999-520,Roland Garros,Clay,128,G,19990524,49,102856,8,,Gustavo Kuerten,R,190,BRA,22.6,102869,,,Galo Blanco,R,173,ESP,22.6,6-4 6-4 6-3,5,R128,109,5,0,95,65,45,17,14,3,6,5,4,97,58,32,18,15,7,13,8,2441,113,413
1999-520,Roland Garros,Clay,128,G,19990524,50,103084,,,Guillermo Canas,R,185,ARG,21.4,101733,,,Jan Siemerink,L,183,NED,29.1,7-6(2) 4-6 6-2 6-4,5,R128,164,7,4,124,93,71,17,20,8,10,2,10,144,80,49,37,20,9,13,83,607,32,1152
1999-520,Roland Garros,Clay,128,G,19990524,51,102854,,,Sjeng Schalken,R,193,NED,22.7,101235,,,Paul Haarhuis,R,188,NED,33.2,6-2 6-3 4-6 6-3,5,R128,151,8,2,116,85,60,11,18,9,14,2,3,118,68,40,19,18,11,20,63,729,69,697
1999-520,Roland Garros,Clay,128,G,19990524,52,101532,,,Francisco Clavet,L,183,ESP,30.5,103031,,Q,Julian Alonso,R,185,ESP,21.8,6-3 7-6(5) 6-4,5,R128,130,1,4,108,78,49,17,15,11,14,3,6,105,55,33,24,16,12,18,20,1613,110,428
1999-520,Roland Garros,Clay,128,G,19990524,53,102247,,,Andrea Gaudenzi,R,183,ITA,25.8,102783,,,Rainer Schuettler,R,180,GER,23.0,6-4 6-2 4-6 6-3,5,R128,162,2,1,121,73,49,26,18,8,11,0,5,135,82,45,29,19,19,26,131,355,48,847
1999-520,Roland Garros,Clay,128,G,19990524,54,103082,,Q,Markus Hantschk,R,188,GER,21.5,103166,,LL,Vladimir Voltchkov,R,180,BLR,21.1,6-2 6-4 6-2,5,R128,98,9,2,69,44,39,15,13,1,1,2,4,80,39,25,18,13,7,12,133,354,106,448
1999-520,Roland Garros,Clay,128,G,19990524,55,102539,,,Bohdan Ulihrach,R,188,CZE,24.2,102887,,,Ramon Delgado,R,185,PAR,22.5,6-1 6-3 6-3,5,R128,99,4,2,85,58,41,15,12,6,6,6,3,86,55,32,12,13,12,18,40,969,60,743
1999-520,Roland Garros,Clay,128,G,19990524,56,101727,,,Jason Stoltenberg,R,185,AUS,29.1,102882,10,,Mark Philippoussis,R,196,AUS,22.5,7-6(4) 6-4 6-1,5,R128,113,5,2,98,58,39,24,14,8,12,3,5,92,48,30,18,15,7,14,37,1070,10,2287
1999-520,Roland Garros,Clay,128,G,19990524,57,102358,16,,Thomas Enqvist,R,190,SWE,25.1,102168,,Q,Hector Moretti,R,170,ARG,26.3,4-6 6-0 6-4 6-2,5,R128,111,7,5,94,55,36,19,17,8,13,1,3,98,71,34,9,17,13,23,17,1739,223,191
1999-520,Roland Garros,Clay,128,G,19990524,58,102104,,,Christian Ruud,R,188,NOR,26.7,101475,,,Carlos Costa,R,183,ESP,31.0,6-3 6-4 6-4,5,R128,129,0,3,95,62,39,15,15,3,9,5,1,91,48,26,18,14,11,20,57,774,120,387
1999-520,Roland Garros,Clay,128,G,19990524,59,103324,,,Arnaud Di Pasquale,R,185,FRA,20.2,103294,,Q,Christophe Rochus,R,170,BEL,20.4,6-2 6-2 6-7(3) 6-4,5,R128,140,9,5,125,69,48,34,19,6,9,2,1,137,84,47,27,19,12,20,61,739,172,264
1999-520,Roland Garros,Clay,128,G,19990524,60,103018,,Q,Max Mirnyi,R,196,BLR,21.8,103151,,,Mariano Zabaleta,R,183,ARG,21.2,6-1 7-6(4) 6-2,5,R128,113,10,5,89,58,41,22,13,4,5,3,6,105,62,42,16,14,7,12,147,309,23,1416
1999-520,Roland Garros,Clay,128,G,19990524,61,101647,,,Byron Black,R,175,ZIM,29.6,102437,,,Adrian Voinea,R,185,ROU,24.7,4-6 3-6 6-3 6-2 6-4,5,R128,175,12,1,154,98,63,26,23,8,15,12,1,124,76,47,23,23,10,19,39,1029,88,590
1999-520,Roland Garros,Clay,128,G,19990524,62,102287,,,Albert Portas,R,188,ESP,25.5,102821,,,Cecil Mamiit,R,173,PHI,22.9,6-2 6-2 6-4,5,R128,89,8,0,84,61,43,18,13,7,8,0,1,70,46,27,8,13,8,14,91,579,76,625
1999-520,Roland Garros,Clay,128,G,19990524,63,102446,,,Andrei Medvedev,R,193,UKR,24.7,102375,,,Dinu Pescariu,R,185,ROU,25.1,6-3 6-1 6-1,5,R128,74,7,5,65,36,31,17,12,3,3,4,2,72,49,21,8,11,16,23,100,474,104,454
1999-520,Roland Garros,Clay,128,G,19990524,64,101948,2,,Pete Sampras,R,185,USA,27.7,102548,,,Juan Antonio Marin,R,175,CRC,24.2,6-7(5) 6-4 7-5 6-7(9) 6-4,5,R128,258,12,14,204,136,96,33,28,9,13,12,10,203,129,89,36,28,12,19,2,3317,92,573
1999-520,Roland Garros,Clay,128,G,19990524,65,103103,,,Dominik Hrbaty,R,183,SVK,21.3,102338,1,,Yevgeny Kafelnikov,R,190,RUS,25.2,6-4 6-1 6-4,5,R64,107,3,3,69,36,28,18,14,6,9,2,8,103,62,36,15,13,11,19,30,1163,1,3403
1999-520,Roland Garros,Clay,128,G,19990524,66,102776,,,Andrew Ilie,R,180,AUS,23.0,101675,,,Martin Rodriguez,R,178,ARG,29.4,7-5 4-6 2-6 6-3 6-4,5,R64,183,6,3,155,93,74,29,24,13,17,19,1,138,73,52,41,25,6,10,53,820,84,606
1999-520,Roland Garros,Clay,128,G,19990524,67,103498,,,Marat Safin,R,193,RUS,19.3,102533,,,Jens Knippschild,R,190,GER,24.2,6-3 4-3 RET,5,R64,62,3,0,57,34,27,11,8,5,6,4,1,43,25,16,9,8,6,9,31,1156,103,454
1999-520,Roland Garros,Clay,128,G,19990524,68,102271,,,Hicham Arazi,L,175,MAR,25.5,101793,,,Jim Courier,R,185,USA,28.7,2-6 6-3 6-4 6-1,5,R64,137,6,2,107,52,38,32,17,7,10,3,3,105,63,38,21,17,12,18,36,1086,59,758
1999-520,Roland Garros,Clay,128,G,19990524,69,102701,9,,Marcelo Rios,L,175,CHI,23.4,101589,,WC,Arnaud Boetsch,R,183,FRA,30.1,6-2 6-3 7-5,5,R64,103,4,1,85,50,40,18,14,6,8,1,4,81,36,22,22,15,11,17,9,2431,660,23
1999-520,Roland Garros,Clay,128,G,19990524,70,102610,,,Albert Costa,R,180,ESP,23.9,102860,,Q,Agustin Calleri,R,183,ARG,22.6,6-3 6-4 6-3,5,R64,101,4,0,80,57,43,15,14,5,6,9,3,87,42,33,18,14,9,14,25,1295,124,376
1999-520,Roland Garros,Clay,128,G,19990524,71,102238,,,Alberto Berasategui,R,173,ESP,25.9,101902,,WC,Stephane Huet,L,180,FRA,28.0,4-6 6-4 6-2 6-4,5,R64,149,1,11,111,77,45,12,19,13,22,2,8,125,64,34,22,19,17,29,97,493,171,264
1999-520,Roland Garros,Clay,128,G,19990524,72,102450,7,,Tim Henman,R,185,GBR,24.7,102562,,,Jiri Novak,R,190,CZE,24.1,5-7 6-1 7-5 6-2,5,R64,153,10,5,125,75,55,22,20,11,16,2,3,131,72,41,24,19,18,27,7,2671,49,844
1999-520,Roland Garros,Clay,128,G,19990524,73,102845,4,,Carlos Moya,R,190,ESP,22.7,101434,,,Petr Korda,L,190,CZE,31.3,6-7(5) 6-4 6-3 6-1,5,R64,146,7,3,130,69,49,39,19,12,14,3,12,122,73,45,21,19,12,19,4,3080,122,379
1999-520,Roland Garros,Clay,128,G,19990524,74,102227,,,Sargis Sargsian,R,180,ARM,25.9,101965,,,Wayne Ferreira,R,185,RSA,27.6,6-7(4) 6-2 6-2 7-6(5),5,R64,170,6,0,130,78,62,29,20,2,2,7,2,118,69,52,26,20,4,8,75,638,24,1305
1999-520,Roland Garros,Clay,128,G,19990524,75,102162,,,Chris Woodruff,R,188,USA,26.3,102839,,,Nicolas Lapentti,R,188,ECU,22.7,7-6(2) 7-6(5) 7-5,5,R64,167,8,4,118,74,54,22,18,9,14,12,3,150,94,59,23,18,20,26,158,293,26,1223
1999-520,Roland Garros,Clay,128,G,19990524,76,101736,13,,Andre Agassi,R,180,USA,29.0,103096,,,Arnaud Clement,R,173,FRA,21.4,6-2 4-6 2-6 7-5 6-0,5,R64,200,3,5,139,90,57,22,22,12,20,6,5,174,103,61,29,22,15,26,14,2101,81,609
1999-520,Roland Garros,Clay,128,G,19990524,77,102257,12,,Greg Rusedski,L,193,GBR,25.7,101735,,,Richard Fromberg,R,196,AUS,29.0,6-4 4-6 6-2 6-3,5,R64,148,7,4,113,69,52,24,18,5,7,5,9,131,66,40,33,19,16,22,13,2126,74,665
1999-520,Roland Garros,Clay,128,G,19990524,78,102106,,,Davide Sanguinetti,R,188,ITA,26.7,102024,,,Hernan Gumy,R,188,ARG,27.2,6-7(5) 7-5 6-4 7-6(4),5,R64,232,13,4,171,95,71,39,23,8,11,3,4,165,115,73,29,23,15,20,86,600,80,613
1999-520,Roland Garros,Clay,128,G,19990524,79,101382,,Q,Marcelo Filippini,R,178,URU,31.8,210013,,,Martin Damm Sr,R,188,CZE,26.8,6-4 6-4 6-4,5,R64,139,3,5,97,66,46,17,15,4,7,6,2,99,49,28,25,15,9,15,140,338,,
1999-520,Roland Garros,Clay,128,G,19990524,80,102434,,,Vincent Spadea,R,183,USA,24.8,101990,5,,Richard Krajicek,R,196,NED,27.4,6-1 6-2 6-4,5,R64,88,5,1,70,43,37,17,12,0,0,5,3,79,46,32,10,13,3,8,35,1121,5,2863
1999-520,Roland Garros,Clay,128,G,19990524,81,102374,6,,Alex Corretja,R,180,ESP,25.1,102950,,,Fernando Vicente,R,180,ESP,22.2,6-3 6-4 3-6 6-7(4) 6-2,5,R64,211,8,1,154,101,76,26,24,9,12,3,3,145,82,53,37,24,9,15,6,2849,62,739
1999-520,Roland Garros,Clay,128,G,19990524,82,103292,,Q,Gaston Gaudio,R,175,ARG,20.4,101463,,,Bernd Karbacher,R,185,GER,31.1,6-7(3) 4-6 6-3 6-1 6-4,5,R64,197,6,4,153,83,59,40,24,6,10,14,5,153,82,57,30,24,15,23,78,620,94,546
1999-520,Roland Garros,Clay,128,G,19990524,83,102905,,,Stefan Koubek,L,175,AUT,22.3,101826,,Q,Alex Lopez Moron,R,175,ESP,28.4,6-2 7-6(3) 6-7(5) 6-4,5,R64,181,8,2,128,80,60,22,21,9,15,3,4,159,99,57,30,21,7,16,65,717,196,229
1999-520,Roland Garros,Clay,128,G,19990524,84,103206,,,Sebastien Grosjean,R,175,FRA,20.9,101723,,,Magnus Larsson,R,193,SWE,29.1,6-4 2-6 7-6(3) 6-4,5,R64,169,10,1,144,80,51,32,20,10,17,3,10,127,71,48,24,20,9,16,34,1126,43,952
1999-520,Roland Garros,Clay,128,G,19990524,85,102456,14,,Felix Mantilla,R,180,ESP,24.6,103264,,,Mariano Puerta,L,180,ARG,20.6,7-5 6-4 6-4,5,R64,135,12,2,88,50,39,20,16,3,6,9,5,103,60,38,18,16,16,22,15,2053,44,950
1999-520,Roland Garros,Clay,128,G,19990524,86,103163,,,Tommy Haas,R,188,GER,21.1,102433,,Q,Mose Navarra,L,180,ITA,24.8,6-1 6-3 6-1,5,R64,72,17,1,67,44,35,16,11,1,1,7,2,67,34,22,13,12,7,13,19,1640,138,339
1999-520,Roland Garros,Clay,128,G,19990524,87,101897,,,Fernando Meligeni,L,180,BRA,28.1,101962,,,Younes El Aynaoui,R,193,MAR,27.6,6-7(5) 6-3 4-6 6-3 6-3,5,R64,209,5,6,167,123,95,22,24,9,11,7,7,164,103,69,33,25,13,18,54,813,33,1131
1999-520,Roland Garros,Clay,128,G,19990524,88,102158,3,,Patrick Rafter,R,185,AUS,26.4,102765,,,Nicolas Escude,R,185,FRA,23.1,7-5 6-0 2-6 6-4,5,R64,150,13,4,115,74,52,21,18,9,13,4,1,123,75,42,25,18,10,17,3,3298,123,376
1999-520,Roland Garros,Clay,128,G,19990524,89,102856,8,,Gustavo Kuerten,R,190,BRA,22.6,103084,,,Guillermo Canas,R,185,ARG,21.4,6-2 6-3 3-6 6-2,5,R64,136,5,4,108,55,43,26,17,6,8,4,2,117,74,52,15,17,8,14,8,2441,83,607
1999-520,Roland Garros,Clay,128,G,19990524,90,102854,,,Sjeng Schalken,R,193,NED,22.7,101532,,,Francisco Clavet,L,183,ESP,30.5,4-6 6-3 6-7(3) 6-3 6-4,5,R64,211,4,7,171,107,70,34,25,17,23,3,1,150,103,63,23,25,11,19,63,729,20,1613
1999-520,Roland Garros,Clay,128,G,19990524,91,102247,,,Andrea Gaudenzi,R,183,ITA,25.8,103082,,Q,Markus Hantschk,R,188,GER,21.5,1-6 6-3 6-4 6-3,5,R64,158,5,2,107,68,46,21,17,9,13,5,3,100,46,37,25,18,1,6,131,355,133,354
1999-520,Roland Garros,Clay,128,G,19990524,92,102539,,,Bohdan Ulihrach,R,188,CZE,24.2,101727,,,Jason Stoltenberg,R,185,AUS,29.1,3-6 7-6(5) 6-3 5-7 6-3,5,R64,210,3,7,168,96,72,39,25,6,9,14,9,178,100,77,39,26,16,20,40,969,37,1070
1999-520,Roland Garros,Clay,128,G,19990524,93,102104,,,Christian Ruud,R,188,NOR,26.7,102358,16,,Thomas Enqvist,R,190,SWE,25.1,7-6(5) 6-4 6-3,5,R64,144,1,3,120,85,55,17,16,13,17,3,12,107,61,42,17,15,7,13,57,774,17,1739
1999-520,Roland Garros,Clay,128,G,19990524,94,103324,,,Arnaud Di Pasquale,R,185,FRA,20.2,103018,,Q,Max Mirnyi,R,196,BLR,21.8,4-6 6-7(3) 7-5 6-3 6-3,5,R64,208,2,4,158,112,76,23,26,12,19,10,9,178,114,74,28,26,19,29,61,739,147,309
1999-520,Roland Garros,Clay,128,G,19990524,95,101647,,,Byron Black,R,175,ZIM,29.6,102287,,,Albert Portas,R,188,ESP,25.5,6-2 6-3 6-2,5,R64,91,12,5,72,38,34,17,12,0,1,4,2,89,44,28,15,13,11,17,39,1029,91,579
1999-520,Roland Garros,Clay,128,G,19990524,96,102446,,,Andrei Medvedev,R,193,UKR,24.7,101948,2,,Pete Sampras,R,185,USA,27.7,7-5 1-6 6-4 6-3,5,R64,142,11,4,111,56,39,38,19,7,10,5,10,120,75,49,22,19,9,13,100,474,2,3317
1999-520,Roland Garros,Clay,128,G,19990524,97,103103,,,Dominik Hrbaty,R,183,SVK,21.3,102776,,,Andrew Ilie,R,180,AUS,23.0,3-6 7-5 6-2 4-6 6-2,5,R32,182,6,6,145,83,62,30,23,8,13,6,5,168,82,57,37,24,11,19,30,1163,53,820
1999-520,Roland Garros,Clay,128,G,19990524,98,103498,,,Marat Safin,R,193,RUS,19.3,102271,,,Hicham Arazi,L,175,MAR,25.5,7-6(5) 3-6 6-4 6-3,5,R32,154,17,4,121,53,45,34,20,7,11,4,0,143,88,56,26,20,19,24,31,1156,36,1086
1999-520,Roland Garros,Clay,128,G,19990524,99,102701,9,,Marcelo Rios,L,175,CHI,23.4,102610,,,Albert Costa,R,180,ESP,23.9,7-5 6-4 7-5,5,R32,147,8,1,94,48,34,32,17,7,9,3,4,141,88,55,24,17,11,16,9,2431,25,1295
1999-520,Roland Garros,Clay,128,G,19990524,100,102238,,,Alberto Berasategui,R,173,ESP,25.9,102450,7,,Tim Henman,R,185,GBR,24.7,4-6 4-6 6-4 7-5 6-4,5,R32,206,2,11,171,129,83,17,26,12,19,10,11,173,92,67,33,26,10,18,97,493,7,2671
1999-520,Roland Garros,Clay,128,G,19990524,101,102845,4,,Carlos Moya,R,190,ESP,22.7,102227,,,Sargis Sargsian,R,180,ARM,25.9,6-3 7-6(3) 2-6 6-3,5,R32,176,10,5,140,68,52,37,19,9,14,4,5,152,81,55,31,19,16,21,4,3080,75,638
1999-520,Roland Garros,Clay,128,G,19990524,102,101736,13,,Andre Agassi,R,180,USA,29.0,102162,,,Chris Woodruff,R,188,USA,26.3,6-4 6-4 6-3,5,R32,101,5,1,73,46,34,19,15,2,4,11,4,88,47,35,14,14,9,15,14,2101,158,293
1999-520,Roland Garros,Clay,128,G,19990524,103,102257,12,,Greg Rusedski,L,193,GBR,25.7,102106,,,Davide Sanguinetti,R,188,ITA,26.7,6-2 7-6(7) 6-2,5,R32,123,12,6,91,57,39,17,14,3,7,5,1,115,68,34,21,14,15,23,13,2126,86,600
1999-520,Roland Garros,Clay,128,G,19990524,104,101382,,Q,Marcelo Filippini,R,178,URU,31.8,102434,,,Vincent Spadea,R,183,USA,24.8,6-2 6-4 6-4,5,R32,121,2,3,87,59,42,17,14,4,5,3,3,88,45,28,23,14,13,18,140,338,35,1121
1999-520,Roland Garros,Clay,128,G,19990524,105,102374,6,,Alex Corretja,R,180,ESP,25.1,103292,,Q,Gaston Gaudio,R,175,ARG,20.4,6-4 6-3 6-3,5,R32,119,4,1,77,44,36,17,14,4,6,3,3,109,69,42,12,14,16,22,6,2849,78,620
1999-520,Roland Garros,Clay,128,G,19990524,106,102905,,,Stefan Koubek,L,175,AUT,22.3,103206,,,Sebastien Grosjean,R,175,FRA,20.9,6-3 6-4 6-4,5,R32,125,2,3,105,50,33,31,14,6,9,1,2,95,49,30,19,15,12,18,65,717,34,1126
1999-520,Roland Garros,Clay,128,G,19990524,107,102456,14,,Felix Mantilla,R,180,ESP,24.6,103163,,,Tommy Haas,R,188,GER,21.1,7-6(3) 6-1 6-4,5,R32,127,2,2,104,54,39,32,14,8,9,10,8,99,45,32,25,15,9,13,15,2053,19,1640
1999-520,Roland Garros,Clay,128,G,19990524,108,101897,,,Fernando Meligeni,L,180,BRA,28.1,102158,3,,Patrick Rafter,R,185,AUS,26.4,6-4 6-2 3-6 6-3,5,R32,138,2,3,108,76,57,17,18,8,9,5,6,113,75,50,20,18,7,11,54,813,3,3298
1999-520,Roland Garros,Clay,128,G,19990524,109,102856,8,,Gustavo Kuerten,R,190,BRA,22.6,102854,,,Sjeng Schalken,R,193,NED,22.7,6-2 6-4 6-3,5,R32,96,8,3,77,43,29,18,13,3,6,4,1,86,66,37,7,14,5,13,8,2441,63,729
1999-520,Roland Garros,Clay,128,G,19990524,110,102539,,,Bohdan Ulihrach,R,188,CZE,24.2,102247,,,Andrea Gaudenzi,R,183,ITA,25.8,6-3 7-5 6-4,5,R32,130,4,2,95,55,35,23,16,9,13,2,6,105,50,31,22,15,14,21,40,969,131,355
1999-520,Roland Garros,Clay,128,G,19990524,111,103324,,,Arnaud Di Pasquale,R,185,FRA,20.2,102104,,,Christian Ruud,R,188,NOR,26.7,3-6 6-1 6-2 6-3,5,R32,137,3,2,107,68,41,21,17,12,17,3,5,96,67,35,13,16,13,22,61,739,57,774
1999-520,Roland Garros,Clay,128,G,19990524,112,102446,,,Andrei Medvedev,R,193,UKR,24.7,101647,,,Byron Black,R,175,ZIM,29.6,6-1 6-2 3-6 6-1,5,R32,125,13,6,96,50,38,26,16,7,10,3,4,104,56,32,20,15,9,17,100,474,39,1029
1999-520,Roland Garros,Clay,128,G,19990524,113,103103,,,Dominik Hrbaty,R,183,SVK,21.3,103498,,,Marat Safin,R,193,RUS,19.3,6-4 3-6 7-6(5) 6-3,5,R16,158,7,3,137,77,55,27,20,15,21,15,6,125,52,40,33,20,8,14,30,1163,31,1156
1999-520,Roland Garros,Clay,128,G,19990524,114,102701,9,,Marcelo Rios,L,175,CHI,23.4,102238,,,Alberto Berasategui,R,173,ESP,25.9,3-6 3-6 6-3 6-4 6-3,5,R16,152,7,5,142,94,59,20,23,20,28,2,4,127,92,52,17,23,9,18,9,2431,97,493
1999-520,Roland Garros,Clay,128,G,19990524,115,101736,13,,Andre Agassi,R,180,USA,29.0,102845,4,,Carlos Moya,R,190,ESP,22.7,4-6 7-5 7-5 6-1,5,R16,151,6,2,129,77,56,29,21,8,11,6,5,133,73,53,24,20,14,20,14,2101,4,3080
1999-520,Roland Garros,Clay,128,G,19990524,116,101382,,Q,Marcelo Filippini,R,178,URU,31.8,102257,12,,Greg Rusedski,L,193,GBR,25.7,7-6(8) 6-3 6-4,5,R16,124,0,4,108,78,59,17,16,12,13,10,7,101,60,48,15,15,5,8,140,338,13,2126
1999-520,Roland Garros,Clay,128,G,19990524,117,102374,6,,Alex Corretja,R,180,ESP,25.1,102905,,,Stefan Koubek,L,175,AUT,22.3,6-2 6-3 7-5,5,R16,138,1,1,96,57,37,19,14,12,17,1,2,117,76,39,13,15,18,28,6,2849,65,717
1999-520,Roland Garros,Clay,128,G,19990524,118,101897,,,Fernando Meligeni,L,180,BRA,28.1,102456,14,,Felix Mantilla,R,180,ESP,24.6,6-1 5-7 7-5 7-6(1),5,R16,187,5,6,133,75,54,30,22,8,14,4,7,131,74,47,24,21,11,19,54,813,15,2053
1999-520,Roland Garros,Clay,128,G,19990524,119,102856,8,,Gustavo Kuerten,R,190,BRA,22.6,102539,,,Bohdan Ulihrach,R,188,CZE,24.2,6-4 6-4 6-2,5,R16,98,8,5,87,46,36,24,14,6,7,3,7,86,45,29,20,14,2,7,8,2441,40,969
1999-520,Roland Garros,Clay,128,G,19990524,120,102446,,,Andrei Medvedev,R,193,UKR,24.7,103324,,,Arnaud Di Pasquale,R,185,FRA,20.2,7-6(5) 7-6(3) 6-1,5,R16,132,8,6,109,60,43,20,16,9,13,0,5,102,56,33,18,15,9,16,100,474,61,739
1999-520,Roland Garros,Clay,128,G,19990524,121,103103,,,Dominik Hrbaty,R,183,SVK,21.3,102701,9,,Marcelo Rios,L,175,CHI,23.4,7-6(4) 6-2 6-7(6) 6-3,5,QF,148,8,7,127,66,58,36,20,5,5,14,8,129,67,52,34,21,1,4,30,1163,9,2431
1999-520,Roland Garros,Clay,128,G,19990524,122,101736,13,,Andre Agassi,R,180,USA,29.0,101382,,Q,Marcelo Filippini,R,178,URU,31.8,6-2 6-2 6-0,5,QF,72,6,0,59,43,33,13,11,3,3,2,1,68,53,22,9,11,5,12,14,2101,140,338
1999-520,Roland Garros,Clay,128,G,19990524,123,101897,,,Fernando Meligeni,L,180,BRA,28.1,102374,6,,Alex Corretja,R,180,ESP,25.1,6-2 6-2 6-0,5,QF,85,1,2,64,40,29,17,11,0,0,3,1,67,45,24,7,11,7,14,54,813,6,2849
1999-520,Roland Garros,Clay,128,G,19990524,124,102446,,,Andrei Medvedev,R,193,UKR,24.7,102856,8,,Gustavo Kuerten,R,190,BRA,22.6,7-5 6-4 6-4,5,QF,123,7,3,108,66,51,22,16,5,6,6,0,108,64,46,18,16,11,15,100,474,8,2441
1999-520,Roland Garros,Clay,128,G,19990524,125,101736,13,,Andre Agassi,R,180,USA,29.0,103103,,,Dominik Hrbaty,R,183,SVK,21.3,6-4 7-6(6) 3-6 6-4,5,SF,146,5,2,129,86,64,23,21,7,11,7,6,132,78,51,31,20,9,13,14,2101,30,1163
1999-520,Roland Garros,Clay,128,G,19990524,126,102446,,,Andrei Medvedev,R,193,UKR,24.7,101897,,,Fernando Meligeni,L,180,BRA,28.1,7-5 3-6 6-4 7-6(6),5,SF,179,7,4,154,99,60,27,22,17,24,1,4,138,87,53,27,21,8,16,100,474,54,813
1999-520,Roland Garros,Clay,128,G,19990524,127,101736,13,,Andre Agassi,R,180,USA,29.0,102446,,,Andrei Medvedev,R,193,UKR,24.7,1-6 2-6 6-4 6-3 6-4,5,F,172,2,6,138,86,60,24,22,14,19,23,8,159,100,74,24,22,11,15,14,2101,100,474
1999-500,Halle,Grass,32,A,19990607,1,102158,1,,Patrick Rafter,R,185,AUS,26.4,102776,,,Andrew Ilie,R,180,AUS,23.1,6-3 7-5,3,R32,76,7,2,56,35,31,14,11,0,0,6,2,71,38,25,19,10,7,9,2,3315,63,724
1999-500,Halle,Grass,32,A,19990607,2,101733,,,Jan Siemerink,L,183,NED,29.1,101235,,,Paul Haarhuis,R,188,NED,33.2,4-6 6-3 6-4,3,R32,125,9,6,102,69,46,18,15,12,15,3,6,91,47,35,20,14,7,11,34,1152,65,697
1999-500,Halle,Grass,32,A,19990607,3,101191,,Q,Richey Reneberg,R,180,USA,33.6,101820,,,Marc Rosset,R,201,SUI,28.5,6-3 6-4,3,R32,63,4,2,65,44,34,10,10,5,6,9,6,46,23,17,13,9,2,5,286,127,33,1176
1999-500,Halle,Grass,32,A,19990607,4,103017,7,,Nicolas Kiefer,R,183,GER,21.9,102783,,,Rainer Schuettler,R,180,GER,23.1,6-4 6-1,3,R32,72,3,4,46,18,13,18,9,2,4,3,6,64,33,19,11,8,9,14,21,1524,48,847
1999-500,Halle,Grass,32,A,19990607,5,101888,,,Daniel Vacek,R,190,CZE,28.1,101990,3,,Richard Krajicek,R,196,NED,27.5,7-6(6) 6-4,3,R32,72,4,3,68,51,40,11,11,1,1,11,2,68,50,37,12,11,2,3,77,642,5,2856
1999-500,Halle,Grass,32,A,19990607,6,102562,,,Jiri Novak,R,190,CZE,24.2,101463,,,Bernd Karbacher,R,185,GER,31.1,6-2 6-4,3,R32,60,3,2,48,34,28,8,9,0,0,6,5,70,36,25,14,9,9,12,49,846,93,567
1999-500,Halle,Grass,32,A,19990607,7,102035,,,Jonas Bjorkman,R,183,SWE,27.2,102466,,,Jan Kroslak,R,188,SVK,24.6,6-4 6-3,3,R32,70,9,3,61,36,32,11,9,5,5,6,8,65,40,29,10,10,6,9,32,1202,68,677
1999-500,Halle,Grass,32,A,19990607,8,101150,,,Gianluca Pozzi,L,180,ITA,33.9,102456,5,,Felix Mantilla,R,180,ESP,24.7,6-2 6-2,3,R32,55,4,3,46,24,20,13,8,0,0,1,0,39,20,11,9,8,0,4,83,622,16,1782
1999-500,Halle,Grass,32,A,19990607,9,103163,6,,Tommy Haas,R,188,GER,21.1,101703,,,Guillaume Raoux,R,180,FRA,29.3,6-4 7-5,3,R32,83,12,10,73,38,30,16,11,7,9,3,7,75,34,23,20,11,7,11,17,1698,69,676
1999-500,Halle,Grass,32,A,19990607,10,102521,,WC,Hendrik Dreekmann,R,188,GER,24.3,102446,,,Andrei Medvedev,R,193,UKR,24.7,6-1 5-7 6-4,3,R32,108,6,6,98,46,37,29,15,5,6,16,7,91,52,42,14,14,8,11,84,607,30,1226
1999-500,Halle,Grass,32,A,19990607,11,102925,,,Justin Gimelstob,R,196,USA,22.3,101890,,Q,Jonathan Stark,R,188,USA,28.1,6-3 6-4,3,R32,77,5,4,62,41,32,13,10,1,1,3,5,56,31,26,9,9,0,2,66,685,320,108
1999-500,Halle,Grass,32,A,19990607,12,101900,,LL,Nicklas Kulti,R,190,SWE,28.1,102770,,,John Van Lottum,R,185,NED,23.1,6-1 6-1,3,R32,61,6,7,49,24,20,11,7,7,8,1,3,47,18,6,9,7,5,11,303,117,72,670
1999-500,Halle,Grass,32,A,19990607,13,102854,,,Sjeng Schalken,R,193,NED,22.7,102259,8,,Jerome Golmard,L,188,FRA,25.7,7-5 6-0,3,R32,59,4,5,52,29,23,13,9,2,4,4,9,65,37,21,7,9,3,9,53,824,23,1478
1999-500,Halle,Grass,32,A,19990607,14,102629,,Q,Oscar Burrieza,R,170,ESP,23.8,101723,,,Magnus Larsson,R,193,SWE,29.2,6-7(4) 7-5 7-6(5),3,R32,138,2,3,123,75,56,24,18,9,12,11,7,132,95,64,15,18,4,8,384,82,39,1020
1999-500,Halle,Grass,32,A,19990607,15,102184,,,David Prinosil,R,185,GER,26.2,102061,,Q,Kevin Ullyett,R,178,ZIM,27.0,6-3 7-5,3,R32,75,1,5,72,38,26,18,11,7,9,1,3,55,35,22,10,10,1,5,60,744,675,22
1999-500,Halle,Grass,32,A,19990607,16,102845,2,,Carlos Moya,R,190,ESP,22.7,101320,,,Magnus Gustafsson,R,185,SWE,32.4,6-3 6-2,3,R32,54,3,1,54,27,22,14,9,1,2,3,6,48,24,15,9,8,3,7,11,2234,47,857
1999-500,Halle,Grass,32,A,19990607,17,101733,,,Jan Siemerink,L,183,NED,29.1,102158,1,,Patrick Rafter,R,185,AUS,26.4,6-4 3-6 7-6(17),3,R16,142,7,6,106,65,51,22,15,1,2,8,3,104,64,53,24,16,1,2,34,1152,2,3315
1999-500,Halle,Grass,32,A,19990607,18,103017,7,,Nicolas Kiefer,R,183,GER,21.9,101191,,Q,Richey Reneberg,R,180,USA,33.6,6-1 6-4,3,R16,72,8,4,57,26,24,16,9,5,5,4,0,47,23,14,10,8,2,5,21,1524,286,127
1999-500,Halle,Grass,32,A,19990607,19,101888,,,Daniel Vacek,R,190,CZE,28.1,102562,,,Jiri Novak,R,190,CZE,24.2,W/O,3,R16,,,,,,,,,,,,,,,,,,,,77,642,49,846
1999-500,Halle,Grass,32,A,19990607,20,101150,,,Gianluca Pozzi,L,180,ITA,33.9,102035,,,Jonas Bjorkman,R,183,SWE,27.2,2-6 6-3 6-3,3,R16,98,5,6,78,43,37,15,13,4,6,4,5,80,41,32,17,13,5,8,83,622,32,1202
1999-500,Halle,Grass,32,A,19990607,21,103163,6,,Tommy Haas,R,188,GER,21.1,102521,,WC,Hendrik Dreekmann,R,188,GER,24.3,6-4 7-6(4),3,R16,70,13,3,69,32,29,23,11,3,3,9,2,57,29,24,20,11,1,2,17,1698,84,607
1999-500,Halle,Grass,32,A,19990607,22,101900,,LL,Nicklas Kulti,R,190,SWE,28.1,102925,,,Justin Gimelstob,R,196,USA,22.3,6-4 6-4,3,R16,81,7,5,70,41,32,14,10,3,3,8,3,53,34,26,9,10,0,2,303,117,66,685
1999-500,Halle,Grass,32,A,19990607,23,102854,,,Sjeng Schalken,R,193,NED,22.7,102629,,Q,Oscar Burrieza,R,170,ESP,23.8,7-6(2) 6-2,3,R16,76,6,2,66,44,29,10,10,4,7,0,2,57,41,20,7,10,1,6,53,824,384,82
1999-500,Halle,Grass,32,A,19990607,24,102845,2,,Carlos Moya,R,190,ESP,22.7,102184,,,David Prinosil,R,185,GER,26.2,6-4 6-4,3,R16,71,5,4,63,26,23,23,10,5,5,5,6,69,37,25,17,10,6,8,11,2234,60,744
1999-500,Halle,Grass,32,A,19990607,25,103017,7,,Nicolas Kiefer,R,183,GER,21.9,101733,,,Jan Siemerink,L,183,NED,29.1,6-4 6-2,3,QF,71,5,0,47,20,15,22,9,2,2,0,5,55,28,18,15,9,5,8,21,1524,34,1152
1999-500,Halle,Grass,32,A,19990607,26,101888,,,Daniel Vacek,R,190,CZE,28.1,101150,,,Gianluca Pozzi,L,180,ITA,33.9,6-4 6-3,3,QF,74,7,5,55,28,24,14,10,0,1,2,4,61,30,23,13,9,2,5,77,642,83,622
1999-500,Halle,Grass,32,A,19990607,27,101900,,LL,Nicklas Kulti,R,190,SWE,28.1,103163,6,,Tommy Haas,R,188,GER,21.1,7-6(6) 5-7 6-3,3,QF,123,15,6,103,67,57,17,17,10,11,19,10,99,50,43,26,16,3,4,303,117,17,1698
1999-500,Halle,Grass,32,A,19990607,28,102845,2,,Carlos Moya,R,190,ESP,22.7,102854,,,Sjeng Schalken,R,193,NED,22.7,6-3 7-6(5),3,QF,75,6,2,67,38,33,16,11,0,0,2,3,73,46,35,12,10,3,4,11,2234,53,824
1999-500,Halle,Grass,32,A,19990607,29,103017,7,,Nicolas Kiefer,R,183,GER,21.9,101888,,,Daniel Vacek,R,190,CZE,28.1,6-4 6-3,3,SF,84,17,0,57,38,31,11,9,1,1,8,12,76,37,29,13,10,6,9,21,1524,77,642
1999-500,Halle,Grass,32,A,19990607,30,101900,,LL,Nicklas Kulti,R,190,SWE,28.1,102845,2,,Carlos Moya,R,190,ESP,22.7,6-3 6-4,3,SF,67,7,3,60,33,29,14,10,1,1,10,5,51,29,21,11,9,3,5,303,117,11,2234
1999-500,Halle,Grass,32,A,19990607,31,103017,7,,Nicolas Kiefer,R,183,GER,21.9,101900,,LL,Nicklas Kulti,R,190,SWE,28.1,6-3 6-2,3,F,79,9,3,50,31,25,11,9,2,3,4,8,62,24,18,13,8,6,10,21,1524,303,117
1999-473,Merano,Clay,32,A,19990607,1,103103,1,,Dominik Hrbaty,R,183,SVK,21.4,102238,,,Alberto Berasategui,R,173,ESP,25.9,6-1 6-2,3,R32,46,4,1,39,18,16,16,8,0,0,1,7,52,34,20,5,7,4,8,18,1651,95,555
1999-473,Merano,Clay,32,A,19990607,2,102905,,,Stefan Koubek,L,175,AUT,22.4,102106,,,Davide Sanguinetti,R,188,ITA,26.7,6-3 6-7(5) 6-4,3,R32,115,2,6,105,58,36,28,16,5,9,3,3,93,48,36,17,15,3,9,51,824,76,644
1999-473,Merano,Clay,32,A,19990607,3,102869,,,Galo Blanco,R,173,ESP,22.6,103306,,WC,Florian Allgauer,R,,ITA,20.4,6-4 6-3,3,R32,72,6,1,57,25,21,22,10,0,0,5,3,61,41,32,4,9,5,7,101,471,259,152
1999-473,Merano,Clay,32,A,19990607,4,101746,,WC,Renzo Furlan,R,175,ITA,29.0,103324,8,,Arnaud Di Pasquale,R,185,FRA,20.3,1-6 7-6(5) 7-5,3,R32,124,4,1,87,53,40,17,15,0,4,8,6,103,60,40,25,16,4,7,153,295,52,824
1999-473,Merano,Clay,32,A,19990607,5,102271,3,,Hicham Arazi,L,175,MAR,25.6,102287,,,Albert Portas,R,188,ESP,25.5,6-1 6-1,3,R32,76,3,1,44,31,25,7,7,2,2,1,3,41,24,9,5,7,4,9,44,947,92,572
1999-473,Merano,Clay,32,A,19990607,6,102437,,,Adrian Voinea,R,185,ROU,24.8,102463,,Q,Lucas Arnold Ker,R,180,ARG,24.6,7-5 6-7(2) 6-4,3,R32,163,6,6,112,52,34,31,17,3,8,2,6,111,58,34,26,17,6,13,88,590,134,346
1999-473,Merano,Clay,32,A,19990607,7,102910,,Q,Salvador Navarro,R,180,ESP,22.4,102548,,,Juan Antonio Marin,R,175,CRC,24.2,2-6 7-6(2) 6-3,3,R32,132,4,2,79,44,28,17,15,1,7,1,6,91,45,27,24,14,4,9,250,158,91,573
1999-473,Merano,Clay,32,A,19990607,8,103084,,,Guillermo Canas,R,185,ARG,21.5,102223,5,,Karim Alami,R,185,MAR,26.0,7-6(3) 7-6(5),3,R32,111,1,0,83,59,36,13,12,2,7,1,1,87,48,33,12,12,6,11,78,642,58,779
1999-473,Merano,Clay,32,A,19990607,9,102104,6,,Christian Ruud,R,188,NOR,26.7,103292,,,Gaston Gaudio,R,175,ARG,20.4,6-3 3-6 6-1,3,R32,100,6,4,74,43,30,12,12,3,7,3,4,75,43,22,14,13,2,9,55,788,73,655
1999-473,Merano,Clay,32,A,19990607,10,102247,,WC,Andrea Gaudenzi,R,183,ITA,25.8,102024,,,Hernan Gumy,R,188,ARG,27.2,6-1 6-3,3,R32,69,1,0,50,33,25,11,8,1,1,3,3,44,26,16,6,8,1,5,119,393,94,561
1999-473,Merano,Clay,32,A,19990607,11,102689,,Q,Martin Spottl,R,180,AUT,23.5,102723,,,Eduardo Medica,R,180,ARG,23.3,6-7(5) 6-4 6-3,3,R32,131,7,6,109,47,39,33,16,11,13,7,6,104,61,42,22,15,6,10,424,69,128,365
1999-473,Merano,Clay,32,A,19990607,12,103182,,,Markus Hipfl,R,178,AUT,21.1,103264,4,,Mariano Puerta,L,180,ARG,20.7,6-3 6-0,3,R32,56,3,0,40,29,23,6,8,0,1,3,1,44,20,7,9,7,5,10,85,602,41,962
1999-473,Merano,Clay,32,A,19990607,13,102375,,,Dinu Pescariu,R,185,ROU,25.1,102887,7,,Ramon Delgado,R,185,PAR,22.5,6-2 6-2,3,R32,61,4,5,55,36,30,5,8,2,3,1,2,46,26,13,8,8,2,7,118,400,96,544
1999-473,Merano,Clay,32,A,19990607,14,102950,,,Fernando Vicente,R,180,ESP,22.2,101947,,,Vincenzo Santopadre,L,183,ITA,27.8,6-3 2-6 6-2,3,R32,127,8,2,84,51,40,16,13,5,7,5,4,100,53,40,18,12,9,12,62,734,112,427
1999-473,Merano,Clay,32,A,19990607,15,103252,,,Alberto Martin,R,175,ESP,20.7,101997,,Q,Marzio Martelli,R,180,ITA,27.4,6-3 6-4,3,R32,77,1,3,72,57,36,9,10,6,7,1,4,60,39,27,7,9,5,8,64,709,141,316
1999-473,Merano,Clay,32,A,19990607,16,101675,,,Martin Rodriguez,R,178,ARG,29.4,101962,2,,Younes El Aynaoui,R,193,MAR,27.7,7-5 2-0 RET,3,R32,70,1,2,42,17,12,16,7,2,3,3,9,68,37,22,13,8,12,15,79,633,35,1131
1999-473,Merano,Clay,32,A,19990607,17,103103,1,,Dominik Hrbaty,R,183,SVK,21.4,102905,,,Stefan Koubek,L,175,AUT,22.4,6-2 6-3,3,R16,60,5,2,49,28,22,12,8,2,2,6,2,68,40,23,12,9,9,13,18,1651,51,824
1999-473,Merano,Clay,32,A,19990607,18,102869,,,Galo Blanco,R,173,ESP,22.6,101746,,WC,Renzo Furlan,R,175,ITA,29.0,6-3 6-0,3,R16,73,4,1,49,24,20,13,8,5,6,3,0,45,28,15,4,7,4,9,101,471,153,295
1999-473,Merano,Clay,32,A,19990607,19,102271,3,,Hicham Arazi,L,175,MAR,25.6,102437,,,Adrian Voinea,R,185,ROU,24.8,6-7(5) 6-1 6-4,3,R16,119,7,2,101,58,43,28,15,3,3,12,6,95,47,36,25,14,5,8,44,947,88,590
1999-473,Merano,Clay,32,A,19990607,20,103084,,,Guillermo Canas,R,185,ARG,21.5,102910,,Q,Salvador Navarro,R,180,ESP,22.4,6-1 6-1,3,R16,56,1,0,37,26,21,8,7,3,3,0,5,39,19,7,8,7,1,6,78,642,250,158
1999-473,Merano,Clay,32,A,19990607,21,102247,,WC,Andrea Gaudenzi,R,183,ITA,25.8,102104,6,,Christian Ruud,R,188,NOR,26.7,3-6 7-6(5) 7-5,3,R16,192,3,2,131,82,52,24,17,11,16,0,4,117,82,51,17,16,5,9,119,393,55,788
1999-473,Merano,Clay,32,A,19990607,22,102689,,Q,Martin Spottl,R,180,AUT,23.5,103182,,,Markus Hipfl,R,178,AUT,21.1,6-4 6-3,3,R16,65,8,0,55,24,20,21,10,0,0,5,0,55,42,29,6,9,0,2,424,69,85,602
1999-473,Merano,Clay,32,A,19990607,23,102950,,,Fernando Vicente,R,180,ESP,22.2,102375,,,Dinu Pescariu,R,185,ROU,25.1,6-3 6-0,3,R16,59,2,1,46,24,21,13,8,2,2,2,1,47,39,19,4,7,3,7,62,734,118,400
1999-473,Merano,Clay,32,A,19990607,24,101675,,,Martin Rodriguez,R,178,ARG,29.4,103252,,,Alberto Martin,R,175,ESP,20.7,7-5 3-6 6-4,3,R16,148,8,1,106,59,42,26,16,12,15,4,3,117,89,56,15,15,7,10,79,633,64,709
1999-473,Merano,Clay,32,A,19990607,25,103103,1,,Dominik Hrbaty,R,183,SVK,21.4,102869,,,Galo Blanco,R,173,ESP,22.6,6-4 2-6 6-3,3,QF,103,9,3,75,41,34,19,14,2,4,3,4,70,32,24,22,13,1,3,18,1651,101,471
1999-473,Merano,Clay,32,A,19990607,26,102271,3,,Hicham Arazi,L,175,MAR,25.6,103084,,,Guillermo Canas,R,185,ARG,21.5,6-1 6-4,3,QF,61,4,0,44,25,20,12,9,0,1,1,2,51,42,25,1,8,1,5,44,947,78,642
1999-473,Merano,Clay,32,A,19990607,27,102247,,WC,Andrea Gaudenzi,R,183,ITA,25.8,102689,,Q,Martin Spottl,R,180,AUT,23.5,6-3 3-6 7-5,3,QF,141,2,1,106,77,54,15,15,4,6,8,2,103,47,36,29,15,9,12,119,393,424,69
1999-473,Merano,Clay,32,A,19990607,28,102950,,,Fernando Vicente,R,180,ESP,22.2,101675,,,Martin Rodriguez,R,178,ARG,29.4,4-6 6-4 6-3,3,QF,111,1,4,80,50,41,15,15,4,7,3,2,83,36,26,22,14,4,8,62,734,79,633
1999-473,Merano,Clay,32,A,19990607,29,102271,3,,Hicham Arazi,L,175,MAR,25.6,103103,1,,Dominik Hrbaty,R,183,SVK,21.4,6-4 7-6(3),3,SF,95,4,0,80,34,26,26,11,4,5,3,4,78,38,26,21,11,4,6,44,947,18,1651
1999-473,Merano,Clay,32,A,19990607,30,102950,,,Fernando Vicente,R,180,ESP,22.2,102247,,WC,Andrea Gaudenzi,R,183,ITA,25.8,7-5 3-6 6-4,3,SF,133,2,4,91,50,32,20,16,5,11,3,2,103,72,40,15,15,10,16,62,734,119,393
1999-473,Merano,Clay,32,A,19990607,31,102950,,,Fernando Vicente,R,180,ESP,22.2,102271,3,,Hicham Arazi,L,175,MAR,25.6,6-2 3-6 7-6(1),3,F,124,2,2,98,66,42,16,15,9,15,0,2,89,58,33,14,14,7,13,62,734,44,947
1999-311,Queen's Club,Grass,56,A,19990607,1,102227,,,Sargis Sargsian,R,180,ARM,26.0,210013,,,Martin Damm Sr,R,188,CZE,26.8,6-3 6-1,3,R64,63,5,3,64,43,31,11,8,6,6,2,6,47,21,11,12,8,3,7,74,649,,
1999-311,Queen's Club,Grass,56,A,19990607,2,101414,,,Boris Becker,R,190,GER,31.5,101434,,,Petr Korda,L,190,CZE,31.3,6-4 6-4,3,R64,100,6,4,74,43,32,17,10,5,5,11,5,77,43,31,15,10,9,11,82,622,116,411
1999-311,Queen's Club,Grass,56,A,19990607,3,102401,15,,Scott Draper,L,178,AUS,25.0,101389,,Q,Oren Motevassel,L,170,USA,31.7,7-6(3) 7-6(7),3,R64,121,9,5,88,39,27,32,12,8,10,1,1,100,73,44,15,12,4,6,43,947,248,160
1999-311,Queen's Club,Grass,56,A,19990607,4,101965,10,,Wayne Ferreira,R,185,RSA,27.7,102133,,,Laurence Tieleman,R,180,ITA,26.5,3-6 7-5 6-1,3,R64,84,10,5,73,40,34,21,14,3,4,5,5,76,44,33,19,14,5,8,28,1249,80,625
1999-311,Queen's Club,Grass,56,A,19990607,5,101543,,,Jeff Tarango,L,180,USA,30.5,102179,,,Antony Dupuis,R,185,FRA,26.2,7-5 6-1,3,R64,53,3,1,50,33,27,9,10,3,5,6,4,58,43,27,2,9,7,12,98,489,133,355
1999-311,Queen's Club,Grass,56,A,19990607,6,102834,,,Paul Goldstein,R,178,USA,22.8,102300,,Q,Gouichi Motomura,R,173,JPN,25.4,6-3 7-5,3,R64,81,1,2,63,46,31,7,10,3,5,0,2,67,34,17,16,11,0,5,110,430,213,195
1999-311,Queen's Club,Grass,56,A,19990607,7,102821,,,Cecil Mamiit,R,173,PHI,22.9,102809,,,Axel Pretzsch,R,185,GER,22.9,6-3 6-4,3,R64,60,0,2,57,37,26,11,10,2,4,1,7,59,33,21,10,9,6,10,81,625,124,373
1999-311,Queen's Club,Grass,56,A,19990607,8,103096,,,Arnaud Clement,R,173,FRA,21.4,102765,,,Nicolas Escude,R,185,FRA,23.1,4-0 RET,3,R64,22,1,1,11,6,6,2,2,0,0,1,1,20,13,7,0,3,1,3,75,649,125,373
1999-311,Queen's Club,Grass,56,A,19990607,9,101647,13,,Byron Black,R,175,ZIM,29.6,103819,,,Roger Federer,R,185,SUI,17.8,6-3 6-0,3,R64,52,2,0,50,29,21,12,8,1,2,0,4,55,33,15,9,7,3,8,37,1056,104,457
1999-311,Queen's Club,Grass,56,A,19990607,10,101727,12,,Jason Stoltenberg,R,185,AUS,29.1,102286,,,Wayne Black,R,170,ZIM,25.5,6-3 6-4,3,R64,60,8,4,52,28,24,13,10,3,5,1,2,60,33,19,13,9,3,7,45,931,97,528
1999-311,Queen's Club,Grass,56,A,19990607,11,103114,,Q,Martin Lee,L,180,GBR,21.3,102025,,,Mikael Tillstrom,R,185,SWE,27.2,6-7(7) 7-6(4) 6-4,3,R64,142,4,2,104,56,43,29,17,6,9,7,6,127,71,48,31,17,4,8,369,85,135,345
1999-311,Queen's Club,Grass,56,A,19990607,12,101793,,WC,Jim Courier,R,185,USA,28.8,102202,,,Kenneth Carlsen,L,190,DEN,26.1,6-2 4-6 6-1,3,R64,97,7,2,84,62,47,12,13,8,9,3,4,71,38,26,17,12,3,7,61,735,114,423
1999-311,Queen's Club,Grass,56,A,19990607,13,101735,,,Richard Fromberg,R,196,AUS,29.1,102796,,WC,Magnus Norman,R,188,SWE,23.0,7-5 7-6(4),3,R64,80,10,2,71,44,37,18,12,0,0,4,4,76,49,36,16,12,4,5,71,673,54,819
1999-311,Queen's Club,Grass,56,A,19990607,14,101185,,,Mark Woodforde,L,188,AUS,33.7,102615,,,Dennis Van Scheppingen,R,185,NED,23.9,3-6 6-2 6-4,3,R64,107,7,3,94,58,38,16,14,6,10,10,13,93,46,32,19,13,3,8,56,784,173,260
1999-311,Queen's Club,Grass,56,A,19990607,15,101611,11,,Cedric Pioline,R,188,FRA,29.9,102433,,,Mose Navarra,L,180,ITA,24.8,7-6(2) 3-6 6-1,3,R64,130,4,8,94,51,41,21,14,3,5,9,6,115,53,35,33,14,11,14,59,770,122,381
1999-311,Queen's Club,Grass,56,A,19990607,16,103720,14,,Lleyton Hewitt,R,180,AUS,18.2,101717,,,Diego Nargiso,L,188,ITA,29.2,7-6(2) 3-6 6-2,3,R64,124,10,6,97,52,36,30,14,8,9,8,6,116,74,49,22,15,7,9,42,959,156,291
1999-311,Queen's Club,Grass,56,A,19990607,17,101681,,WC,Chris Wilkinson,R,180,GBR,29.4,102863,,,Takao Suzuki,R,175,JPN,22.7,4-6 7-6(5) 6-1,3,R64,118,3,3,94,72,47,13,14,5,7,8,9,111,76,46,17,15,10,14,202,208,106,449
1999-311,Queen's Club,Grass,56,A,19990607,18,102998,,,Jan Michael Gambill,R,190,USA,22.0,102103,,Q,Michael Sell,R,180,USA,26.7,6-4 6-2,3,R64,69,7,3,42,22,19,16,9,0,1,2,5,71,43,29,8,10,5,9,50,835,221,185
1999-311,Queen's Club,Grass,56,A,19990607,19,101969,,,Orlin Stanoytchev,R,185,BUL,27.7,103193,,,Peter Wessels,R,196,NED,21.0,4-6 6-2 6-4,3,R64,92,1,11,90,50,35,20,14,4,7,4,9,73,46,34,11,14,2,7,99,478,105,456
1999-311,Queen's Club,Grass,56,A,19990607,20,102205,,,Sebastien Lareau,R,183,CAN,26.1,102443,,WC,Barry Cowan,L,188,GBR,24.7,6-4 6-2,3,R64,67,8,4,70,43,33,13,9,5,5,7,2,47,28,18,9,9,2,5,102,469,275,139
1999-311,Queen's Club,Grass,56,A,19990607,21,102306,,,Michael Kohlmann,R,188,GER,25.4,102358,9,,Thomas Enqvist,R,190,SWE,25.2,6-4 6-4,3,R64,62,11,2,57,36,31,11,10,2,2,2,7,63,27,20,20,10,1,3,121,386,20,1641
1999-311,Queen's Club,Grass,56,A,19990607,22,101821,,Q,Peter Tramacchi,R,185,AUS,28.5,102148,16,,Fabrice Santoro,R,178,FRA,26.4,6-3 7-6(6),3,R64,88,2,4,74,48,34,13,11,2,4,2,0,77,53,31,12,10,3,6,463,56,46,881
1999-311,Queen's Club,Grass,56,A,19990607,23,101885,,Q,Wayne Arthurs,L,190,AUS,28.2,103157,,Q,Arvind Parmar,R,193,GBR,21.2,7-5 6-2,3,R64,55,8,1,47,29,25,15,10,0,0,1,3,56,24,15,20,10,4,7,182,248,474,54
1999-311,Queen's Club,Grass,56,A,19990607,24,101889,,,Todd Woodbridge,R,178,AUS,28.1,102836,,,Rogier Wassen,R,190,NED,22.8,6-2 6-1,3,R64,51,5,5,57,39,30,8,8,6,7,1,1,39,23,12,3,7,1,6,138,342,162,279
1999-311,Queen's Club,Grass,56,A,19990607,25,102227,,,Sargis Sargsian,R,180,ARM,26.0,102338,1,,Yevgeny Kafelnikov,R,190,RUS,25.2,3-6 6-3 6-3,3,R32,108,6,4,85,45,34,18,13,6,10,5,10,99,55,36,16,14,11,17,74,649,1,3403
1999-311,Queen's Club,Grass,56,A,19990607,26,102401,15,,Scott Draper,L,178,AUS,25.0,101414,,,Boris Becker,R,190,GER,31.5,7-6(3) 6-3,3,R32,77,3,3,63,34,25,16,10,2,4,5,9,59,30,21,12,11,1,5,43,947,82,622
1999-311,Queen's Club,Grass,56,A,19990607,27,101965,10,,Wayne Ferreira,R,185,RSA,27.7,101543,,,Jeff Tarango,L,180,USA,30.5,6-7(5) 6-4 6-2,3,R32,127,7,6,108,52,41,27,15,8,11,1,9,100,54,33,20,15,6,12,28,1249,98,489
1999-311,Queen's Club,Grass,56,A,19990607,28,102257,7,,Greg Rusedski,L,193,GBR,25.7,102834,,,Paul Goldstein,R,178,USA,22.8,6-3 6-4,3,R32,61,13,5,56,35,28,15,10,2,2,2,3,60,33,20,17,9,3,5,13,2195,110,430
1999-311,Queen's Club,Grass,56,A,19990607,29,102450,3,,Tim Henman,R,185,GBR,24.7,102821,,,Cecil Mamiit,R,173,PHI,22.9,6-3 7-6(6),3,R32,90,1,4,71,33,28,21,11,1,2,3,4,72,46,32,12,10,3,5,6,2678,81,625
1999-311,Queen's Club,Grass,56,A,19990607,30,101647,13,,Byron Black,R,175,ZIM,29.6,103096,,,Arnaud Clement,R,173,FRA,21.4,6-4 6-3,3,R32,75,3,2,59,30,20,18,10,4,6,8,2,72,44,23,12,9,6,10,37,1056,75,649
1999-311,Queen's Club,Grass,56,A,19990607,31,101727,12,,Jason Stoltenberg,R,185,AUS,29.1,103114,,Q,Martin Lee,L,180,GBR,21.3,7-6(1) 6-1,3,R32,71,3,3,55,27,19,21,9,2,3,2,3,70,38,23,13,10,3,7,45,931,369,85
1999-311,Queen's Club,Grass,56,A,19990607,32,102344,6,,Karol Kucera,R,188,SVK,25.2,101793,,WC,Jim Courier,R,185,USA,28.8,3-6 6-4 6-1,3,R32,96,3,5,78,44,30,18,13,1,4,2,3,75,48,31,13,13,2,7,14,2185,61,735
1999-311,Queen's Club,Grass,56,A,19990607,33,101774,5,,Todd Martin,R,198,USA,28.9,101735,,,Richard Fromberg,R,196,AUS,29.1,7-6(8) 7-6(4),3,R32,84,7,1,84,64,53,10,12,4,4,12,2,76,57,44,14,12,0,0,12,2216,71,673
1999-311,Queen's Club,Grass,56,A,19990607,34,101611,11,,Cedric Pioline,R,188,FRA,29.9,101185,,,Mark Woodforde,L,188,AUS,33.7,6-4 7-5,3,R32,90,4,7,70,39,28,16,11,5,7,3,6,68,35,26,13,11,5,9,59,770,56,784
1999-311,Queen's Club,Grass,56,A,19990607,35,103720,14,,Lleyton Hewitt,R,180,AUS,18.2,101681,,WC,Chris Wilkinson,R,180,GBR,29.4,6-4 6-3,3,R32,77,5,0,55,34,26,9,9,2,4,3,2,74,43,26,11,10,7,12,42,959,202,208
1999-311,Queen's Club,Grass,56,A,19990607,36,102882,4,,Mark Philippoussis,R,196,AUS,22.5,102998,,,Jan Michael Gambill,R,190,USA,22.0,2-6 6-3 6-4,3,R32,97,21,8,93,55,44,17,14,5,7,15,4,83,48,39,15,13,6,8,10,2262,50,835
1999-311,Queen's Club,Grass,56,A,19990607,37,101964,8,,Goran Ivanisevic,L,193,CRO,27.7,101969,,,Orlin Stanoytchev,R,185,BUL,27.7,6-4 6-4,3,R32,57,12,6,65,39,34,10,10,2,3,5,5,51,32,24,8,10,0,3,15,1813,99,478
1999-311,Queen's Club,Grass,56,A,19990607,38,102205,,,Sebastien Lareau,R,183,CAN,26.1,102306,,,Michael Kohlmann,R,188,GER,25.4,6-1 4-6 6-4,3,R32,94,8,1,71,44,35,17,13,4,5,6,3,84,53,38,13,14,3,7,102,469,121,386
1999-311,Queen's Club,Grass,56,A,19990607,39,101885,,Q,Wayne Arthurs,L,190,AUS,28.2,101821,,Q,Peter Tramacchi,R,185,AUS,28.5,6-3 6-4,3,R32,67,7,1,55,31,27,15,10,1,1,5,3,53,25,22,10,9,1,3,182,248,463,56
1999-311,Queen's Club,Grass,56,A,19990607,40,101948,2,,Pete Sampras,R,185,USA,27.8,101889,,,Todd Woodbridge,R,178,AUS,28.1,6-4 6-7(8) 6-4,3,R32,118,15,4,107,67,51,23,16,8,9,7,4,103,65,48,19,16,5,8,3,3300,138,342
1999-311,Queen's Club,Grass,56,A,19990607,41,102227,,,Sargis Sargsian,R,180,ARM,26.0,102401,15,,Scott Draper,L,178,AUS,25.0,6-3 6-2,3,R16,61,3,3,46,27,19,13,8,2,3,2,4,54,26,19,8,9,3,8,74,649,43,947
1999-311,Queen's Club,Grass,56,A,19990607,42,102257,7,,Greg Rusedski,L,193,GBR,25.7,101965,10,,Wayne Ferreira,R,185,RSA,27.7,7-5 4-6 6-3,3,R16,93,7,3,83,49,40,23,16,0,1,7,3,85,55,40,17,15,1,3,13,2195,28,1249
1999-311,Queen's Club,Grass,56,A,19990607,43,102450,3,,Tim Henman,R,185,GBR,24.7,101647,13,,Byron Black,R,175,ZIM,29.6,6-1 6-4,3,R16,65,6,1,49,23,22,15,9,2,2,0,4,54,30,18,13,8,4,7,6,2678,37,1056
1999-311,Queen's Club,Grass,56,A,19990607,44,102344,6,,Karol Kucera,R,188,SVK,25.2,101727,12,,Jason Stoltenberg,R,185,AUS,29.1,6-3 6-3,3,R16,85,3,3,77,42,30,14,9,8,10,3,8,71,33,22,12,9,5,10,14,2185,45,931
1999-311,Queen's Club,Grass,56,A,19990607,45,101611,11,,Cedric Pioline,R,188,FRA,29.9,101774,5,,Todd Martin,R,198,USA,28.9,1-6 6-3 7-5,3,R16,110,3,4,101,54,38,25,14,7,9,11,4,76,57,41,11,14,2,4,59,770,12,2216
1999-311,Queen's Club,Grass,56,A,19990607,46,103720,14,,Lleyton Hewitt,R,180,AUS,18.2,102882,4,,Mark Philippoussis,R,196,AUS,22.5,6-7(4) 6-3 6-2,3,R16,90,12,2,75,44,40,19,15,0,1,8,9,76,39,31,18,14,0,4,42,959,10,2262
1999-311,Queen's Club,Grass,56,A,19990607,47,101964,8,,Goran Ivanisevic,L,193,CRO,27.7,102205,,,Sebastien Lareau,R,183,CAN,26.1,6-4 6-7(3) 6-4,3,R16,95,31,7,92,54,46,23,16,0,0,10,1,98,72,52,14,16,3,5,15,1813,102,469
1999-311,Queen's Club,Grass,56,A,19990607,48,101948,2,,Pete Sampras,R,185,USA,27.8,101885,,Q,Wayne Arthurs,L,190,AUS,28.2,7-5 6-3,3,R16,65,13,3,60,41,34,12,11,0,0,6,3,54,24,20,17,10,2,4,3,3300,182,248
1999-311,Queen's Club,Grass,56,A,19990607,49,102227,,,Sargis Sargsian,R,180,ARM,26.0,102257,7,,Greg Rusedski,L,193,GBR,25.7,6-2 6-4,3,QF,64,3,0,54,26,21,18,9,3,3,8,3,53,32,22,10,9,3,6,74,649,13,2195
1999-311,Queen's Club,Grass,56,A,19990607,50,102450,3,,Tim Henman,R,185,GBR,24.7,102344,6,,Karol Kucera,R,188,SVK,25.2,6-1 6-7(6) 7-6(5),3,QF,146,4,8,106,59,42,22,16,6,10,4,6,111,54,37,22,15,6,12,6,2678,14,2185
1999-311,Queen's Club,Grass,56,A,19990607,51,103720,14,,Lleyton Hewitt,R,180,AUS,18.2,101611,11,,Cedric Pioline,R,188,FRA,29.9,7-5 6-4,3,QF,97,6,1,71,42,29,17,11,4,6,3,4,75,44,28,14,11,5,9,42,959,59,770
1999-311,Queen's Club,Grass,56,A,19990607,52,101948,2,,Pete Sampras,R,185,USA,27.8,101964,8,,Goran Ivanisevic,L,193,CRO,27.7,7-5 6-4,3,QF,69,10,5,70,39,32,17,11,2,2,13,7,71,38,29,17,11,4,6,3,3300,15,1813
1999-311,Queen's Club,Grass,56,A,19990607,53,102450,3,,Tim Henman,R,185,GBR,24.7,102227,,,Sargis Sargsian,R,180,ARM,26.0,6-1 6-3,3,SF,68,5,4,61,31,25,16,8,5,5,1,4,46,27,16,6,8,0,4,6,2678,74,649
1999-311,Queen's Club,Grass,56,A,19990607,54,101948,2,,Pete Sampras,R,185,USA,27.8,103720,14,,Lleyton Hewitt,R,180,AUS,18.2,4-6 6-4 7-6(4),3,SF,129,13,9,100,54,45,23,16,6,8,6,5,106,50,37,31,16,7,9,3,3300,42,959
1999-311,Queen's Club,Grass,56,A,19990607,55,101948,2,,Pete Sampras,R,185,USA,27.8,102450,3,,Tim Henman,R,185,GBR,24.7,6-7(1) 6-4 7-6(4),3,F,151,13,9,118,68,58,26,17,7,7,7,7,131,82,64,26,17,5,6,3,3300,6,2678
1999-741,Nottingham,Grass,32,A,19990614,1,102257,1,,Greg Rusedski,L,193,GBR,25.7,101150,,,Gianluca Pozzi,L,180,ITA,33.9,6-0 6-0,3,R32,37,7,5,35,18,15,11,6,2,2,0,3,39,22,7,6,6,3,9,13,2215,77,640
1999-741,Nottingham,Grass,32,A,19990614,2,102998,,,Jan Michael Gambill,R,190,USA,22.0,102162,,,Chris Woodruff,R,188,USA,26.4,7-6(1) 6-4,3,R32,91,8,1,79,51,36,15,11,3,5,8,4,63,37,26,11,11,0,3,50,833,123,371
1999-741,Nottingham,Grass,32,A,19990614,3,103084,,,Guillermo Canas,R,185,ARG,21.5,101185,,,Mark Woodforde,L,188,AUS,33.7,1-6 7-5 6-3,3,R32,106,4,2,83,51,34,19,13,5,8,4,1,89,60,39,14,14,3,7,72,664,80,630
1999-741,Nottingham,Grass,32,A,19990614,4,103720,7,,Lleyton Hewitt,R,180,AUS,18.2,103096,,,Arnaud Clement,R,173,FRA,21.4,7-6(4) 4-6 6-2,3,R32,132,6,4,104,51,41,26,15,8,11,5,4,104,54,37,25,15,5,9,36,1079,76,649
1999-741,Nottingham,Grass,32,A,19990614,5,103206,4,,Sebastien Grosjean,R,175,FRA,21.0,102227,,,Sargis Sargsian,R,180,ARM,26.0,6-2 6-4,3,R32,75,5,1,61,31,23,17,9,2,3,0,6,62,36,24,9,9,8,12,33,1202,55,808
1999-741,Nottingham,Grass,32,A,19990614,6,101611,,WC,Cedric Pioline,R,188,FRA,29.9,101735,,,Richard Fromberg,R,196,AUS,29.1,6-7(3) 6-3 7-5,3,R32,120,9,6,112,65,52,27,17,7,7,11,1,93,56,46,20,16,1,3,52,824,75,649
1999-741,Nottingham,Grass,32,A,19990614,7,102776,,,Andrew Ilie,R,180,AUS,23.1,101681,,WC,Chris Wilkinson,R,180,GBR,29.4,7-6(4) 6-7(5) 6-4,3,R32,153,12,4,113,65,48,26,17,8,11,4,3,125,83,59,17,17,9,13,62,724,200,208
1999-741,Nottingham,Grass,32,A,19990614,8,102887,,,Ramon Delgado,R,185,PAR,22.5,101820,5,,Marc Rosset,R,201,SUI,28.5,1-6 7-6(5) 6-3,3,R32,93,7,4,83,48,38,19,15,3,6,16,13,94,53,40,21,13,5,6,93,544,34,1176
1999-741,Nottingham,Grass,32,A,19990614,9,102835,,WC,Luke Milligan,R,180,GBR,22.8,101647,6,,Byron Black,R,175,ZIM,29.6,6-4 3-6 6-2,3,R32,112,9,4,87,46,32,17,13,3,7,9,7,97,52,38,16,14,10,16,314,114,41,951
1999-741,Nottingham,Grass,32,A,19990614,10,102148,,,Fabrice Santoro,R,178,FRA,26.5,102821,,,Cecil Mamiit,R,173,PHI,22.9,6-4 7-6(3),3,R32,97,0,5,100,51,32,26,11,17,20,1,4,76,49,30,13,11,5,9,45,881,81,623
1999-741,Nottingham,Grass,32,A,19990614,11,102184,,,David Prinosil,R,185,GER,26.2,101515,,Q,Donald Johnson,L,190,USA,30.7,6-3 6-4,3,R32,67,4,2,56,31,26,17,10,4,4,2,2,59,40,27,9,9,1,3,61,744,581,34
1999-741,Nottingham,Grass,32,A,19990614,12,102133,,,Laurence Tieleman,R,180,ITA,26.5,102434,3,,Vincent Spadea,R,183,USA,24.9,1-6 6-3 6-4,3,R32,90,10,5,77,45,38,13,13,2,4,2,2,90,46,31,26,13,5,7,118,382,29,1241
1999-741,Nottingham,Grass,32,A,19990614,13,102061,,Q,Kevin Ullyett,R,178,ZIM,27.0,102401,8,,Scott Draper,L,178,AUS,25.0,6-4 7-6(2),3,R32,70,6,4,65,46,41,5,11,1,2,4,4,68,46,33,10,11,2,4,574,35,63,717
1999-741,Nottingham,Grass,32,A,19990614,14,102286,,Q,Wayne Black,R,170,ZIM,25.5,102443,,Q,Barry Cowan,L,188,GBR,24.8,6-3 6-3,3,R32,67,5,3,46,25,20,13,9,0,1,7,4,57,32,22,10,9,4,8,96,516,273,139
1999-741,Nottingham,Grass,32,A,19990614,15,103252,,,Alberto Martin,R,175,ESP,20.8,102796,,,Magnus Norman,R,188,SWE,23.0,7-6(4) 1-6 6-1,3,R32,105,2,3,93,67,43,12,13,5,9,7,6,86,45,33,18,13,6,10,64,713,59,766
1999-741,Nottingham,Grass,32,A,19990614,16,102259,2,,Jerome Golmard,L,188,FRA,25.7,102925,,,Justin Gimelstob,R,196,USA,22.3,6-4 6-7(5) 7-6(5),3,R32,139,6,0,94,62,49,26,17,0,0,16,4,106,65,54,22,17,3,4,23,1478,65,688
1999-741,Nottingham,Grass,32,A,19990614,17,102257,1,,Greg Rusedski,L,193,GBR,25.7,102998,,,Jan Michael Gambill,R,190,USA,22.0,4-6 6-4 7-5,3,R16,99,14,6,81,53,46,18,16,1,2,11,5,91,54,39,23,16,1,3,13,2215,50,833
1999-741,Nottingham,Grass,32,A,19990614,18,103720,7,,Lleyton Hewitt,R,180,AUS,18.2,103084,,,Guillermo Canas,R,185,ARG,21.5,6-2 7-5,3,R16,88,7,2,59,29,26,19,10,2,2,2,4,69,35,24,16,10,5,8,36,1079,72,664
1999-741,Nottingham,Grass,32,A,19990614,19,101611,,WC,Cedric Pioline,R,188,FRA,29.9,103206,4,,Sebastien Grosjean,R,175,FRA,21.0,6-2 6-0,3,R16,49,4,3,40,23,22,8,7,1,1,4,4,38,19,10,6,7,2,7,52,824,33,1202
1999-741,Nottingham,Grass,32,A,19990614,20,102776,,,Andrew Ilie,R,180,AUS,23.1,102887,,,Ramon Delgado,R,185,PAR,22.5,6-1 6-2,3,R16,51,4,0,46,27,20,15,8,1,1,4,1,46,31,15,6,7,3,7,62,724,93,544
1999-741,Nottingham,Grass,32,A,19990614,21,102148,,,Fabrice Santoro,R,178,FRA,26.5,102835,,WC,Luke Milligan,R,180,GBR,22.8,6-4 6-2,3,R16,71,3,0,46,29,25,11,9,0,0,3,3,75,47,28,13,9,7,10,45,881,314,114
1999-741,Nottingham,Grass,32,A,19990614,22,102184,,,David Prinosil,R,185,GER,26.2,102133,,,Laurence Tieleman,R,180,ITA,26.5,6-3 6-3,3,R16,60,11,5,56,26,22,18,9,3,3,6,6,56,34,25,7,9,3,6,61,744,118,382
1999-741,Nottingham,Grass,32,A,19990614,23,102061,,Q,Kevin Ullyett,R,178,ZIM,27.0,102286,,Q,Wayne Black,R,170,ZIM,25.5,6-4 6-2,3,R16,84,3,2,55,27,19,17,9,2,3,2,4,77,39,23,18,9,6,10,574,35,96,516
1999-741,Nottingham,Grass,32,A,19990614,24,103252,,,Alberto Martin,R,175,ESP,20.8,102259,2,,Jerome Golmard,L,188,FRA,25.7,W/O,3,R16,,,,,,,,,,,,,,,,,,,,64,713,23,1478
1999-741,Nottingham,Grass,32,A,19990614,25,102257,1,,Greg Rusedski,L,193,GBR,25.7,103720,7,,Lleyton Hewitt,R,180,AUS,18.2,6-4 7-5,3,QF,80,7,6,63,31,25,18,11,0,1,2,2,61,32,21,17,11,4,7,13,2215,36,1079
1999-741,Nottingham,Grass,32,A,19990614,26,101611,,WC,Cedric Pioline,R,188,FRA,29.9,102776,,,Andrew Ilie,R,180,AUS,23.1,6-2 6-0,3,QF,50,4,2,41,22,20,9,7,3,3,1,4,51,28,15,6,7,6,11,52,824,62,724
1999-741,Nottingham,Grass,32,A,19990614,27,102184,,,David Prinosil,R,185,GER,26.2,102148,,,Fabrice Santoro,R,178,FRA,26.5,4-6 6-3 6-2,3,QF,100,13,9,77,39,32,19,14,2,5,2,6,95,45,32,20,13,10,15,61,744,45,881
1999-741,Nottingham,Grass,32,A,19990614,28,102061,,Q,Kevin Ullyett,R,178,ZIM,27.0,103252,,,Alberto Martin,R,175,ESP,20.8,6-2 6-1,3,QF,49,2,3,35,23,21,7,7,0,0,1,5,52,30,14,8,8,5,10,574,35,64,713
1999-741,Nottingham,Grass,32,A,19990614,29,101611,,WC,Cedric Pioline,R,188,FRA,29.9,102257,1,,Greg Rusedski,L,193,GBR,25.7,6-4 7-6(4),3,SF,73,6,4,66,33,29,20,11,1,1,13,10,67,36,32,16,11,2,3,52,824,13,2215
1999-741,Nottingham,Grass,32,A,19990614,30,102061,,Q,Kevin Ullyett,R,178,ZIM,27.0,102184,,,David Prinosil,R,185,GER,26.2,7-6(4) 7-6(7),3,SF,98,8,5,92,55,42,25,12,4,4,6,1,77,38,32,25,12,4,4,574,35,61,744
1999-741,Nottingham,Grass,32,A,19990614,31,101611,,WC,Cedric Pioline,R,188,FRA,29.9,102061,,Q,Kevin Ullyett,R,178,ZIM,27.0,6-3 7-5,3,F,88,8,7,66,42,35,8,10,1,2,2,8,80,44,29,14,11,5,9,52,824,574,35
1999-440,s Hertogenbosch,Grass,32,A,19990614,1,101373,,Q,Karsten Braasch,L,180,GER,31.9,103715,,LL,Kirill Ivanov Smolensky,R,,RUS,18.3,6-2 6-7(8) 6-3,3,R32,125,11,3,101,55,41,26,15,3,5,0,6,109,65,42,22,14,6,11,229,175,558,38
1999-440,s Hertogenbosch,Grass,32,A,19990614,2,102318,,,Andrei Pavel,R,183,ROU,25.3,103324,,,Arnaud Di Pasquale,R,185,FRA,20.3,6-2 6-2,3,R32,47,1,1,43,27,23,10,8,1,1,2,6,49,27,16,10,8,0,4,66,679,54,813
1999-440,s Hertogenbosch,Grass,32,A,19990614,3,101543,,,Jeff Tarango,L,180,USA,30.5,102783,,,Rainer Schuettler,R,180,GER,23.1,6-4 6-4,3,R32,78,4,4,80,51,34,15,10,5,6,7,6,73,35,27,15,10,7,10,98,502,49,847
1999-440,s Hertogenbosch,Grass,32,A,19990614,4,101900,,,Nicklas Kulti,R,190,SWE,28.1,102539,8,,Bohdan Ulihrach,R,188,CZE,24.3,7-6(2) 6-4,3,R32,93,5,3,76,62,43,6,11,4,6,4,3,74,59,39,7,11,6,9,137,330,40,998
1999-440,s Hertogenbosch,Grass,32,A,19990614,5,102344,4,,Karol Kucera,R,188,SVK,25.2,103193,,,Peter Wessels,R,196,NED,21.1,6-2 7-5,3,R32,74,1,3,62,34,26,18,10,1,1,8,5,67,33,21,17,10,4,7,14,2201,104,452
1999-440,s Hertogenbosch,Grass,32,A,19990614,6,102854,,,Sjeng Schalken,R,193,NED,22.7,102179,,,Antony Dupuis,R,185,FRA,26.2,6-3 3-6 7-5,3,R32,123,4,7,95,49,40,19,15,3,6,9,5,101,50,39,23,15,8,12,46,874,127,355
1999-440,s Hertogenbosch,Grass,32,A,19990614,7,102466,,,Jan Kroslak,R,188,SVK,24.6,102836,,WC,Rogier Wassen,R,190,NED,22.8,6-4 6-2,3,R32,68,3,6,69,35,21,17,9,11,14,4,10,58,28,17,8,9,3,9,67,677,163,279
1999-440,s Hertogenbosch,Grass,32,A,19990614,8,102035,6,,Jonas Bjorkman,R,183,SWE,27.2,103027,,Q,Markus Menzler,R,,GER,21.8,6-0 6-3,3,R32,57,4,3,54,27,18,19,8,3,3,4,8,43,17,13,7,7,3,7,32,1207,480,53
1999-440,s Hertogenbosch,Grass,32,A,19990614,9,103163,5,,Tommy Haas,R,188,GER,21.1,103171,,Q,Raemon Sluiter,R,185,NED,21.1,6-7(1) 6-3 6-2,3,R32,107,15,17,113,48,39,29,15,12,14,9,7,104,65,44,15,14,8,13,17,1725,267,143
1999-440,s Hertogenbosch,Grass,32,A,19990614,10,101888,,,Daniel Vacek,R,190,CZE,28.2,102521,,,Hendrik Dreekmann,R,188,GER,24.3,6-2 6-2,3,R32,58,1,8,58,28,19,16,8,4,5,3,3,47,20,11,9,8,4,9,57,784,91,550
1999-440,s Hertogenbosch,Grass,32,A,19990614,11,101947,,,Vincenzo Santopadre,L,183,ITA,27.8,102615,,WC,Dennis Van Scheppingen,R,185,NED,23.9,3-6 6-3 7-6(2),3,R32,129,10,10,106,51,39,26,15,8,11,4,16,114,61,45,22,15,10,13,116,389,176,260
1999-440,s Hertogenbosch,Grass,32,A,19990614,12,101990,3,,Richard Krajicek,R,196,NED,27.5,102106,,,Davide Sanguinetti,R,188,ITA,26.8,6-4 6-4,3,R32,66,10,2,58,37,29,8,10,4,6,2,9,68,29,18,19,10,1,5,5,2829,78,637
1999-440,s Hertogenbosch,Grass,32,A,19990614,13,102770,,,John Van Lottum,R,185,NED,23.1,101733,7,,Jan Siemerink,L,183,NED,29.1,6-4 4-6 6-3,3,R32,113,7,7,75,46,37,18,14,4,5,4,8,86,47,36,21,15,6,9,70,670,30,1227
1999-440,s Hertogenbosch,Grass,32,A,19990614,14,102202,,,Kenneth Carlsen,L,190,DEN,26.1,101866,,Q,David Rikl,L,178,CZE,28.2,1-6 6-3 6-4,3,R32,98,7,4,83,46,34,20,13,1,3,3,5,73,39,32,17,13,1,3,112,423,1220,2
1999-440,s Hertogenbosch,Grass,32,A,19990614,15,210013,,,Martin Damm Sr,R,188,CZE,26.8,101969,,,Orlin Stanoytchev,R,185,BUL,27.7,6-3 7-6(7),3,R32,99,8,4,65,35,31,21,11,2,2,9,3,76,42,29,21,10,6,7,,,115,397
1999-440,s Hertogenbosch,Grass,32,A,19990614,16,102158,2,,Patrick Rafter,R,185,AUS,26.4,101235,,,Paul Haarhuis,R,188,NED,33.3,4-6 7-6(5) 6-3,3,R32,113,12,2,92,60,52,16,15,3,4,3,5,107,65,46,26,16,5,7,2,3315,92,550
1999-440,s Hertogenbosch,Grass,32,A,19990614,17,102318,,,Andrei Pavel,R,183,ROU,25.3,101373,,Q,Karsten Braasch,L,180,GER,31.9,6-2 6-1,3,R16,51,1,2,47,25,21,13,8,5,5,4,3,35,11,10,7,7,0,4,66,679,229,175
1999-440,s Hertogenbosch,Grass,32,A,19990614,18,101900,,,Nicklas Kulti,R,190,SWE,28.1,101543,,,Jeff Tarango,L,180,USA,30.5,3-6 7-5 6-4,3,R16,123,13,5,91,53,42,19,15,2,3,12,15,106,54,43,25,16,7,9,137,330,98,502
1999-440,s Hertogenbosch,Grass,32,A,19990614,19,102344,4,,Karol Kucera,R,188,SVK,25.2,102854,,,Sjeng Schalken,R,193,NED,22.7,7-5 6-2,3,R16,90,2,2,57,26,19,18,10,4,6,1,9,86,43,28,14,10,7,12,14,2201,46,874
1999-440,s Hertogenbosch,Grass,32,A,19990614,20,102035,6,,Jonas Bjorkman,R,183,SWE,27.2,102466,,,Jan Kroslak,R,188,SVK,24.6,7-5 6-2,3,R16,75,9,7,71,40,33,15,10,6,6,7,5,57,32,22,12,10,1,4,32,1207,67,677
1999-440,s Hertogenbosch,Grass,32,A,19990614,21,103163,5,,Tommy Haas,R,188,GER,21.1,101888,,,Daniel Vacek,R,190,CZE,28.2,7-6(6) 6-1,3,R16,69,11,8,72,29,27,21,9,3,3,4,5,60,35,29,10,10,4,7,17,1725,57,784
1999-440,s Hertogenbosch,Grass,32,A,19990614,22,101990,3,,Richard Krajicek,R,196,NED,27.5,101947,,,Vincenzo Santopadre,L,183,ITA,27.8,6-3 7-6(1),3,R16,70,5,1,55,42,37,9,11,0,1,5,4,69,44,33,9,10,2,4,5,2829,116,389
1999-440,s Hertogenbosch,Grass,32,A,19990614,23,102202,,,Kenneth Carlsen,L,190,DEN,26.1,102770,,,John Van Lottum,R,185,NED,23.1,7-5 6-1,3,R16,72,8,5,60,38,29,12,10,1,2,1,7,55,28,16,15,9,2,6,112,423,70,670
1999-440,s Hertogenbosch,Grass,32,A,19990614,24,102158,2,,Patrick Rafter,R,185,AUS,26.4,210013,,,Martin Damm Sr,R,188,CZE,26.8,6-3 6-4,3,R16,55,14,2,49,40,36,5,10,0,0,5,1,47,26,20,11,9,1,3,2,3315,,
1999-440,s Hertogenbosch,Grass,32,A,19990614,25,102318,,,Andrei Pavel,R,183,ROU,25.3,101900,,,Nicklas Kulti,R,190,SWE,28.1,4-6 6-3 7-6(3),3,QF,123,17,4,105,72,56,16,16,3,4,10,6,105,55,44,25,15,7,8,66,679,137,330
1999-440,s Hertogenbosch,Grass,32,A,19990614,26,102344,4,,Karol Kucera,R,188,SVK,25.2,102035,6,,Jonas Bjorkman,R,183,SWE,27.2,6-2 6-3,3,QF,75,3,2,52,29,20,12,8,5,7,2,6,75,35,20,14,9,15,21,14,2201,32,1207
1999-440,s Hertogenbosch,Grass,32,A,19990614,27,103163,5,,Tommy Haas,R,188,GER,21.1,101990,3,,Richard Krajicek,R,196,NED,27.5,7-6(3) 1-6 6-4,3,QF,99,5,8,104,54,35,32,15,5,8,10,2,86,52,42,17,14,1,2,17,1725,5,2829
1999-440,s Hertogenbosch,Grass,32,A,19990614,28,102158,2,,Patrick Rafter,R,185,AUS,26.4,102202,,,Kenneth Carlsen,L,190,DEN,26.1,6-3 6-4,3,QF,125,11,3,101,55,41,26,15,3,5,0,6,109,65,42,22,14,6,11,2,3315,112,423
1999-440,s Hertogenbosch,Grass,32,A,19990614,29,102318,,,Andrei Pavel,R,183,ROU,25.3,102344,4,,Karol Kucera,R,188,SVK,25.2,7-6(4) 2-6 6-3,3,SF,120,4,8,99,65,44,14,15,4,9,10,5,104,53,38,23,14,8,12,66,679,14,2201
1999-440,s Hertogenbosch,Grass,32,A,19990614,30,102158,2,,Patrick Rafter,R,185,AUS,26.4,103163,5,,Tommy Haas,R,188,GER,21.1,6-2 7-5,3,SF,71,9,1,56,35,27,12,10,4,5,6,4,65,28,18,17,10,2,6,2,3315,17,1725
1999-440,s Hertogenbosch,Grass,32,A,19990614,31,102158,2,,Patrick Rafter,R,185,AUS,26.4,102318,,,Andrei Pavel,R,183,ROU,25.3,3-6 7-6(7) 6-4,3,F,105,6,0,94,54,44,24,15,5,7,3,2,102,62,45,23,16,2,4,2,3315,66,679
1999-540,Wimbledon,Grass,128,G,19990621,1,101948,1,,Pete Sampras,R,185,USA,27.8,102401,,,Scott Draper,L,178,AUS,25.0,6-3 6-4 6-4,5,R128,89,12,2,87,54,49,23,15,0,0,6,4,98,49,39,24,14,7,10,1,3548,75,647
1999-540,Wimbledon,Grass,128,G,19990621,2,102205,,,Sebastien Lareau,R,183,CAN,26.1,102286,,,Wayne Black,R,170,ZIM,25.5,6-1 3-6 6-3 6-3,5,R128,115,12,2,117,84,68,13,17,2,4,2,4,105,70,45,15,17,5,11,100,481,98,506
1999-540,Wimbledon,Grass,128,G,19990621,3,102869,,,Galo Blanco,R,173,ESP,22.6,102863,,,Takao Suzuki,R,175,JPN,22.7,6-4 3-6 7-6(4) 7-6(7),5,R128,162,16,11,171,76,64,47,21,4,6,12,5,150,98,77,29,22,3,5,101,478,106,449
1999-540,Wimbledon,Grass,128,G,19990621,4,101591,,Q,Danny Sapsford,R,173,GBR,30.2,103031,,,Julian Alonso,R,185,ESP,21.8,6-2 6-2 7-5,5,R128,90,5,2,84,61,50,12,14,2,2,9,8,110,57,43,20,14,8,13,595,33,176,256
1999-540,Wimbledon,Grass,128,G,19990621,5,102110,,,Daniel Nestor,L,190,CAN,26.7,102905,,,Stefan Koubek,L,175,AUT,22.4,6-2 6-3 6-4,5,R128,79,9,12,101,47,45,22,14,3,4,5,2,79,54,36,10,13,2,7,87,567,55,808
1999-540,Wimbledon,Grass,128,G,19990621,6,102446,,,Andrei Medvedev,R,193,UKR,24.8,101463,,,Bernd Karbacher,R,185,GER,31.2,7-6(1) 7-6(3) 6-4,5,R128,128,14,3,125,78,62,28,17,4,6,4,4,113,73,48,21,17,4,7,31,1209,88,567
1999-540,Wimbledon,Grass,128,G,19990621,7,102834,,,Paul Goldstein,R,178,USA,22.8,101733,,,Jan Siemerink,L,183,NED,29.1,6-4 5-7 4-6 6-2 6-1,5,R128,160,5,3,153,119,83,16,24,7,12,12,8,164,102,74,20,23,6,14,112,435,33,1132
1999-540,Wimbledon,Grass,128,G,19990621,8,102456,16,,Felix Mantilla,R,180,ESP,24.7,102434,,,Vincent Spadea,R,183,USA,24.9,7-6(2) 7-6(4) 4-6 7-6(7),5,R128,188,11,5,178,112,85,28,23,11,17,14,3,163,111,79,28,23,5,10,17,1782,29,1241
1999-540,Wimbledon,Grass,128,G,19990621,9,102257,9,,Greg Rusedski,L,193,GBR,25.7,101727,,,Jason Stoltenberg,R,185,AUS,29.2,6-1 6-4 6-2,5,R128,80,5,3,73,42,38,21,13,1,1,2,2,82,48,31,15,12,5,10,12,2252,42,936
1999-540,Wimbledon,Grass,128,G,19990621,10,103157,,Q,Arvind Parmar,R,193,GBR,21.2,102610,,,Albert Costa,R,180,ESP,23.9,0-6 7-6(5) 6-3 6-3,5,R128,130,4,4,120,72,51,24,18,6,11,14,6,159,105,76,20,18,11,16,455,61,25,1253
1999-540,Wimbledon,Grass,128,G,19990621,11,102796,,,Magnus Norman,R,188,SWE,23.0,103292,,,Gaston Gaudio,R,175,ARG,20.5,6-4 7-5 7-5,5,R128,141,11,8,130,72,62,20,17,5,8,2,8,131,68,44,25,17,7,13,60,766,65,695
1999-540,Wimbledon,Grass,128,G,19990621,12,102148,,,Fabrice Santoro,R,178,FRA,26.5,102835,,WC,Luke Milligan,R,180,GBR,22.8,6-4 7-5 7-6(0),5,R128,109,4,2,105,62,50,26,17,0,1,3,2,109,55,42,26,17,3,6,43,900,272,142
1999-540,Wimbledon,Grass,128,G,19990621,13,102563,,,Thomas Johansson,R,180,SWE,24.2,101191,,Q,Richey Reneberg,R,180,USA,33.7,5-7 7-6(5) 6-3 4-6 6-1,5,R128,210,7,6,198,110,79,40,25,13,18,10,7,185,99,65,42,25,6,13,21,1564,248,158
1999-540,Wimbledon,Grass,128,G,19990621,14,101532,,,Francisco Clavet,L,183,ESP,30.6,102306,,LL,Michael Kohlmann,R,188,GER,25.4,6-2 1-6 3-6 7-5 6-4,5,R128,212,0,2,150,102,63,22,23,10,17,10,11,223,124,86,38,23,24,31,22,1519,115,419
1999-540,Wimbledon,Grass,128,G,19990621,15,101185,,,Mark Woodforde,L,188,AUS,33.7,103103,,,Dominik Hrbaty,R,183,SVK,21.4,6-4 6-2 6-2,5,R128,100,7,5,96,60,49,17,13,4,4,7,5,110,53,36,25,13,7,12,80,611,19,1651
1999-540,Wimbledon,Grass,128,G,19990621,16,102882,7,,Mark Philippoussis,R,196,AUS,22.6,103598,,,Xavier Malisse,R,185,BEL,18.9,6-7(4) 6-4 6-3 6-4,5,R128,144,28,15,183,96,85,38,21,7,8,14,6,148,96,76,22,20,8,12,11,2296,110,437
1999-540,Wimbledon,Grass,128,G,19990621,17,102338,3,,Yevgeny Kafelnikov,R,190,RUS,25.3,101723,,,Magnus Larsson,R,193,SWE,29.2,6-7(4) 7-5 7-6(6) 4-6 7-5,5,R128,201,16,14,225,130,106,36,29,11,17,13,3,232,159,108,34,29,14,21,3,3211,53,813
1999-540,Wimbledon,Grass,128,G,19990621,18,103387,,Q,Paradorn Srichaphan,R,185,THA,20.0,101703,,,Guillaume Raoux,R,180,FRA,29.3,6-2 6-4 7-6(7),5,R128,125,13,2,121,77,62,25,15,4,4,5,6,131,78,54,23,15,7,10,254,156,70,667
1999-540,Wimbledon,Grass,128,G,19990621,19,101611,,,Cedric Pioline,R,188,FRA,30.0,210013,,,Martin Damm Sr,R,188,CZE,26.8,7-6(7) 6-4 6-2,5,R128,125,8,2,99,56,41,29,15,2,5,5,6,121,73,52,14,15,9,15,39,1022,,
1999-540,Wimbledon,Grass,128,G,19990621,20,103096,,,Arnaud Clement,R,173,FRA,21.5,102287,,,Albert Portas,R,188,ESP,25.5,6-3 6-2 6-4,5,R128,95,11,5,123,66,55,25,15,6,7,4,4,89,54,37,11,12,5,9,74,649,84,576
1999-540,Wimbledon,Grass,128,G,19990621,21,101888,,,Daniel Vacek,R,190,CZE,28.2,102539,,,Bohdan Ulihrach,R,188,CZE,24.3,6-1 6-2 6-4,5,R128,80,5,5,82,45,40,21,13,2,2,3,4,75,40,29,13,12,3,8,56,805,40,998
1999-540,Wimbledon,Grass,128,G,19990621,22,101150,,,Gianluca Pozzi,L,180,ITA,34.0,103166,,,Vladimir Voltchkov,R,180,BLR,21.2,7-6(6) 6-2 6-2,5,R128,121,14,7,124,79,70,17,14,7,7,5,1,107,64,42,24,14,4,8,82,582,108,440
1999-540,Wimbledon,Grass,128,G,19990621,23,102987,,Q,Andre Sa,R,185,BRA,22.1,102233,,,Leander Paes,R,178,IND,26.0,6-4 6-4 7-6(4),5,R128,113,3,4,110,60,44,23,16,6,10,3,7,106,65,39,18,16,3,9,171,264,102,472
1999-540,Wimbledon,Grass,128,G,19990621,24,102344,13,,Karol Kucera,R,188,SVK,25.2,103060,,Q,Alejandro Hernandez,R,180,MEX,21.7,6-2 6-1 6-2,5,R128,71,12,3,75,48,40,13,11,0,2,1,1,67,42,18,7,12,0,9,13,2250,158,286
1999-540,Wimbledon,Grass,128,G,19990621,25,102845,12,,Carlos Moya,R,190,ESP,22.8,102466,,,Jan Kroslak,R,188,SVK,24.6,6-4 7-5 6-2,5,R128,94,17,12,131,69,63,21,15,10,11,5,9,108,62,40,20,15,11,16,10,2313,67,683
1999-540,Wimbledon,Grass,128,G,19990621,26,101793,,,Jim Courier,R,185,USA,28.8,102443,,WC,Barry Cowan,L,188,GBR,24.8,6-3 6-4 6-4,5,R128,129,9,3,103,68,53,20,15,5,6,5,9,120,60,43,22,14,9,13,61,748,276,141
1999-540,Wimbledon,Grass,128,G,19990621,27,102776,,,Andrew Ilie,R,180,AUS,23.1,101965,,,Wayne Ferreira,R,185,RSA,27.7,7-6(13) 7-5 6-7(10) 6-1,5,R128,176,11,8,193,97,74,47,22,7,10,14,11,163,87,70,33,21,5,11,62,746,26,1253
1999-540,Wimbledon,Grass,128,G,19990621,28,102854,,,Sjeng Schalken,R,193,NED,22.7,102106,,,Davide Sanguinetti,R,188,ITA,26.8,5-7 6-4 6-7(5) 7-5 6-3,5,R128,205,7,7,187,115,86,31,28,12,19,21,8,231,116,93,43,27,9,18,50,833,76,637
1999-540,Wimbledon,Grass,128,G,19990621,29,103206,,,Sebastien Grosjean,R,175,FRA,21.0,101647,,,Byron Black,R,175,ZIM,29.7,5-7 6-0 7-5 7-5,5,R128,147,16,4,157,97,75,24,21,6,10,3,3,125,77,49,21,21,6,14,30,1214,47,852
1999-540,Wimbledon,Grass,128,G,19990621,30,102965,,Q,Jamie Delgado,R,178,GBR,22.2,102887,,,Ramon Delgado,R,185,PAR,22.5,6-2 6-1 7-5,5,R128,95,7,2,92,61,48,16,14,6,8,9,1,106,75,48,9,13,10,17,376,85,85,572
1999-540,Wimbledon,Grass,128,G,19990621,31,102162,,,Chris Woodruff,R,188,USA,26.4,102227,,,Sargis Sargsian,R,180,ARM,26.0,6-3 3-6 6-3 6-7(7) 6-2,5,R128,200,8,3,162,104,80,32,24,9,11,12,7,163,101,78,25,23,6,11,126,372,64,727
1999-540,Wimbledon,Grass,128,G,19990621,32,102450,6,,Tim Henman,R,185,GBR,24.7,103324,,,Arnaud Di Pasquale,R,185,FRA,20.3,6-4 6-0 3-6 7-6(1),5,R128,142,4,9,115,59,47,23,18,1,5,4,7,139,68,43,28,19,8,15,6,2790,54,813
1999-540,Wimbledon,Grass,128,G,19990621,33,101990,5,,Richard Krajicek,R,196,NED,27.5,102104,,,Christian Ruud,R,188,NOR,26.8,6-2 6-3 6-1,5,R128,90,19,1,84,57,53,16,12,2,2,4,5,92,45,26,21,12,9,15,5,2812,51,829
1999-540,Wimbledon,Grass,128,G,19990621,34,101889,,,Todd Woodbridge,R,178,AUS,28.2,101969,,,Orlin Stanoytchev,R,185,BUL,27.7,6-3 6-7(4) 6-4 6-7(5) 10-8,5,R128,260,6,11,153,89,69,23,21,5,9,2,10,178,99,68,31,22,9,16,137,328,118,394
1999-540,Wimbledon,Grass,128,G,19990621,35,102455,,Q,Lorenzo Manta,R,190,SUI,24.7,102883,,WC,Tom Spinks,R,,GBR,22.6,6-7(5) 7-6(3) 7-6(2) 6-2,5,R128,162,18,12,188,114,89,33,22,8,11,13,14,184,101,79,31,22,11,16,196,219,597,33
1999-540,Wimbledon,Grass,128,G,19990621,36,102998,,,Jan Michael Gambill,R,190,USA,22.0,102644,,,Franco Squillari,L,183,ARG,23.8,6-1 6-3 7-6(5),5,R128,120,10,3,102,59,51,22,14,5,6,5,4,126,72,47,20,14,6,11,49,840,41,992
1999-540,Wimbledon,Grass,128,G,19990621,37,102800,,Q,Nenad Zimonjic,R,190,SRB,23.0,102375,,,Dinu Pescariu,R,185,ROU,25.1,7-6(4) 7-6(3) 6-7(6) 6-4,5,R128,177,16,6,172,111,90,34,23,2,4,3,9,162,97,74,31,23,6,9,266,147,114,419
1999-540,Wimbledon,Grass,128,G,19990621,38,101543,,,Jeff Tarango,L,180,USA,30.5,102548,,,Juan Antonio Marin,R,175,CRC,24.3,6-4 6-1 7-5,5,R128,88,3,2,91,62,49,14,15,6,8,3,2,89,57,35,11,14,0,6,95,519,97,512
1999-540,Wimbledon,Grass,128,G,19990621,39,102184,,,David Prinosil,R,185,GER,26.2,101675,,,Martin Rodriguez,R,178,ARG,29.5,7-5 6-4 7-6(5),5,R128,125,7,11,137,82,59,20,17,10,14,8,1,134,86,57,21,17,9,15,57,782,72,666
1999-540,Wimbledon,Grass,128,G,19990621,40,102856,11,,Gustavo Kuerten,R,190,BRA,22.7,101681,,WC,Chris Wilkinson,R,180,GBR,29.4,6-4 6-4 6-4,5,R128,85,16,3,109,64,60,21,15,4,4,4,3,85,53,37,17,15,1,4,7,2655,198,208
1999-540,Wimbledon,Grass,128,G,19990621,41,103163,14,,Tommy Haas,R,188,GER,21.2,103193,,,Peter Wessels,R,196,NED,21.1,3-6 6-4 4-6 6-3 6-4,5,R128,132,20,8,158,101,88,28,24,1,4,25,2,157,109,90,27,24,4,8,16,1822,111,435
1999-540,Wimbledon,Grass,128,G,19990621,42,101735,,,Richard Fromberg,R,196,AUS,29.1,101320,,,Magnus Gustafsson,R,185,SWE,32.4,6-4 7-6(1) 6-3,5,R128,110,20,6,128,78,69,25,16,5,6,1,7,106,69,49,13,15,9,12,73,649,45,857
1999-540,Wimbledon,Grass,128,G,19990621,43,101885,,Q,Wayne Arthurs,L,190,AUS,28.2,101947,,,Vincenzo Santopadre,L,183,ITA,27.8,7-6(7) 6-7(5) 7-6(10) 7-6(4),5,R128,180,24,2,176,121,112,35,24,2,2,13,3,191,127,112,30,24,10,10,163,277,117,402
1999-540,Wimbledon,Grass,128,G,19990621,44,102839,,,Nicolas Lapentti,R,188,ECU,22.8,102437,,,Adrian Voinea,R,185,ROU,24.8,7-6(8) 6-3 4-6 2-6 8-6,5,R128,203,16,2,183,119,96,31,26,6,11,16,8,211,119,87,48,27,16,21,28,1249,92,536
1999-540,Wimbledon,Grass,128,G,19990621,45,103252,,,Alberto Martin,R,175,ESP,20.8,101792,,,Slava Dosedel,R,183,CZE,28.8,7-6(8) 6-4 2-6 6-7(3) 10-8,5,R128,215,5,6,153,104,72,18,21,8,14,4,3,141,94,64,23,21,3,8,63,733,89,558
1999-540,Wimbledon,Grass,128,G,19990621,46,101962,,,Younes El Aynaoui,R,193,MAR,27.7,102234,,,Oliver Gross,R,185,GER,26.0,6-1 4-6 7-6(3) 6-4,5,R128,128,13,6,134,87,75,24,19,4,5,3,6,143,84,63,25,20,13,17,34,1131,105,450
1999-540,Wimbledon,Grass,128,G,19990621,47,103084,,,Guillermo Canas,R,185,ARG,21.5,103114,,WC,Martin Lee,L,180,GBR,21.4,4-6 6-3 6-2 1-6 9-7,5,R128,205,7,2,106,68,50,19,17,7,11,5,1,113,65,46,25,17,8,12,71,666,329,105
1999-540,Wimbledon,Grass,128,G,19990621,48,101736,4,,Andre Agassi,R,180,USA,29.1,102318,,,Andrei Pavel,R,183,ROU,25.3,6-1 6-2 6-3,5,R128,81,3,4,73,41,36,15,12,3,4,8,3,101,68,44,6,12,3,10,4,2993,52,814
1999-540,Wimbledon,Grass,128,G,19990621,49,101774,8,,Todd Martin,R,198,USA,28.9,102521,,,Hendrik Dreekmann,R,188,GER,24.3,6-7(6) 6-7(5) 6-3 6-2 6-4,5,R128,205,28,13,202,128,111,27,25,7,9,18,13,212,98,80,49,26,12,19,14,2216,90,550
1999-540,Wimbledon,Grass,128,G,19990621,50,102562,,,Jiri Novak,R,190,CZE,24.2,103819,,WC,Roger Federer,R,185,SUI,17.8,6-3 3-6 4-6 6-3 6-4,5,R128,138,1,5,171,130,85,16,24,17,21,8,6,160,108,77,22,23,10,15,59,779,103,457
1999-540,Wimbledon,Grass,128,G,19990621,51,101820,,,Marc Rosset,R,201,SUI,28.6,103182,,,Markus Hipfl,R,178,AUT,21.1,6-4 5-7 3-6 6-3 6-2,5,R128,147,25,10,163,111,103,18,24,4,6,5,7,167,95,69,37,24,13,17,32,1176,79,617
1999-540,Wimbledon,Grass,128,G,19990621,52,102533,,,Jens Knippschild,R,190,GER,24.3,102925,,,Justin Gimelstob,R,196,USA,22.3,6-3 2-6 5-7 6-2 9-7,5,R128,210,12,10,148,80,66,29,19,5,8,5,8,123,73,59,19,18,6,9,104,453,66,688
1999-540,Wimbledon,Grass,128,G,19990621,53,101235,,,Paul Haarhuis,R,188,NED,33.3,102271,,,Hicham Arazi,L,175,MAR,25.6,7-6(4) 6-3 6-2,5,R128,101,4,1,95,63,51,19,15,0,0,2,1,106,71,48,15,14,5,8,93,530,37,1059
1999-540,Wimbledon,Grass,128,G,19990621,54,102950,,,Fernando Vicente,R,180,ESP,22.2,102821,,,Cecil Mamiit,R,173,PHI,22.9,3-6 6-2 2-6 7-5 6-3,5,R128,177,2,7,177,118,73,25,23,7,14,2,4,166,98,68,25,23,10,18,46,854,78,623
1999-540,Wimbledon,Grass,128,G,19990621,55,101776,,Q,Sandon Stolle,R,193,AUS,28.9,102770,,,John Van Lottum,R,185,NED,23.1,7-6(8) 6-3 6-1,5,R128,100,10,7,107,65,54,16,14,1,4,3,8,105,53,33,18,14,3,10,321,112,69,670
1999-540,Wimbledon,Grass,128,G,19990621,56,101964,10,,Goran Ivanisevic,L,193,CRO,27.7,102025,,Q,Mikael Tillstrom,R,185,SWE,27.2,6-4 6-3 6-4,5,R128,84,22,5,111,80,70,14,15,1,2,7,5,109,62,44,21,14,7,11,15,1836,130,345
1999-540,Wimbledon,Grass,128,G,19990621,57,103017,15,,Nicolas Kiefer,R,183,GER,21.9,102652,,Q,Christian Vinck,L,183,GER,23.7,2-6 6-4 6-3 7-6(4),5,R128,173,10,4,157,94,67,35,20,6,10,1,6,131,77,55,23,19,10,14,18,1722,146,310
1999-540,Wimbledon,Grass,128,G,19990621,58,101414,,,Boris Becker,R,190,GER,31.5,102457,,WC,Miles Maclagan,R,180,GBR,24.7,5-7 6-7(7) 6-4 7-5 6-2,5,R128,230,31,8,211,131,109,39,27,9,12,25,6,215,142,105,38,27,14,20,77,635,298,125
1999-540,Wimbledon,Grass,128,G,19990621,59,103720,,,Lleyton Hewitt,R,180,AUS,18.3,101382,,WC,Marcelo Filippini,R,178,URU,31.8,6-2 6-2 6-1,5,R128,110,4,1,69,36,27,23,11,4,5,0,4,99,50,24,20,12,10,18,35,1106,81,589
1999-540,Wimbledon,Grass,128,G,19990621,60,102223,,,Karim Alami,R,185,MAR,26.0,102133,,,Laurence Tieleman,R,180,ITA,26.5,6-4 6-2 6-4,5,R128,83,12,4,100,76,61,10,14,0,0,8,10,99,44,35,21,14,2,6,68,671,116,414
1999-540,Wimbledon,Grass,128,G,19990621,61,102783,,,Rainer Schuettler,R,180,GER,23.1,101731,,Q,Nuno Marques,L,190,POR,29.1,6-1 6-4 6-4,5,R128,105,9,3,100,71,58,12,14,12,13,6,1,104,74,41,16,13,8,13,48,847,292,128
1999-540,Wimbledon,Grass,128,G,19990621,62,102358,,,Thomas Enqvist,R,190,SWE,25.2,102024,,,Hernan Gumy,R,188,ARG,27.2,6-1 6-4 7-6(2),5,R128,99,13,2,102,68,56,21,15,1,2,3,1,96,72,49,9,14,5,9,20,1592,99,489
1999-540,Wimbledon,Grass,128,G,19990621,63,102035,,,Jonas Bjorkman,R,183,SWE,27.2,101917,,Q,Grant Stafford,R,188,RSA,28.0,6-4 6-1 6-4,5,R128,102,7,6,104,58,44,21,13,9,10,1,6,92,55,35,12,14,3,9,36,1079,434,67
1999-540,Wimbledon,Grass,128,G,19990621,64,102158,2,,Patrick Rafter,R,185,AUS,26.4,101750,,Q,Cristiano Caratti,R,178,ITA,29.0,6-3 6-2 6-2,5,R128,87,5,3,79,58,43,6,13,3,7,0,3,79,58,26,6,12,4,13,2,3336,180,250
1999-540,Wimbledon,Grass,128,G,19990621,65,101948,1,,Pete Sampras,R,185,USA,27.8,102205,,,Sebastien Lareau,R,183,CAN,26.1,6-4 6-2 6-3,5,R64,85,17,3,89,65,58,10,14,0,2,5,0,84,64,35,10,13,2,8,1,3548,100,481
1999-540,Wimbledon,Grass,128,G,19990621,66,101591,,Q,Danny Sapsford,R,173,GBR,30.2,102869,,,Galo Blanco,R,173,ESP,22.6,6-3 3-6 6-4 6-2,5,R64,160,8,2,117,56,44,31,18,5,9,13,9,178,77,56,41,18,15,22,595,33,101,478
1999-540,Wimbledon,Grass,128,G,19990621,67,102110,,,Daniel Nestor,L,190,CAN,26.7,102446,,,Andrei Medvedev,R,193,UKR,24.8,6-1 7-5 6-3,5,R64,99,14,4,98,62,53,17,14,4,5,12,9,128,67,44,25,14,9,15,87,567,31,1209
1999-540,Wimbledon,Grass,128,G,19990621,68,102834,,,Paul Goldstein,R,178,USA,22.8,102456,16,,Felix Mantilla,R,180,ESP,24.7,6-2 6-4 6-7(5) 6-2,5,R64,170,8,0,134,76,55,28,19,6,10,5,6,140,77,47,25,19,6,15,112,435,17,1782
1999-540,Wimbledon,Grass,128,G,19990621,69,102257,9,,Greg Rusedski,L,193,GBR,25.7,103157,,Q,Arvind Parmar,R,193,GBR,21.2,6-3 6-4 7-6(3),5,R64,92,17,2,99,77,72,14,16,0,0,1,4,103,67,45,18,15,1,3,12,2252,455,61
1999-540,Wimbledon,Grass,128,G,19990621,70,102796,,,Magnus Norman,R,188,SWE,23.0,102148,,,Fabrice Santoro,R,178,FRA,26.5,6-2 6-3 7-6(5),5,R64,131,7,3,110,68,54,18,14,8,10,4,3,114,70,48,15,15,6,12,60,766,43,900
1999-540,Wimbledon,Grass,128,G,19990621,71,101532,,,Francisco Clavet,L,183,ESP,30.6,102563,,,Thomas Johansson,R,180,SWE,24.2,4-6 1-6 6-1 6-3 6-4,5,R64,172,4,6,163,105,70,20,21,7,14,17,9,165,93,70,25,22,13,22,22,1519,21,1564
1999-540,Wimbledon,Grass,128,G,19990621,72,102882,7,,Mark Philippoussis,R,196,AUS,22.6,101185,,,Mark Woodforde,L,188,AUS,33.7,6-7(4) 7-6(6) 7-6(5) 6-4,5,R64,180,36,9,210,133,117,39,23,13,13,16,4,167,109,93,31,23,2,3,11,2296,80,611
1999-540,Wimbledon,Grass,128,G,19990621,73,102338,3,,Yevgeny Kafelnikov,R,190,RUS,25.3,103387,,Q,Paradorn Srichaphan,R,185,THA,20.0,6-7(4) 6-4 7-6(4) 6-4,5,R64,159,12,7,146,94,80,28,22,1,2,25,5,172,111,97,25,22,8,11,3,3211,254,156
1999-540,Wimbledon,Grass,128,G,19990621,74,101611,,,Cedric Pioline,R,188,FRA,30.0,103096,,,Arnaud Clement,R,173,FRA,21.5,6-3 6-1 6-3,5,R64,113,7,6,91,47,39,19,12,4,5,9,9,117,58,38,19,13,8,15,39,1022,74,649
1999-540,Wimbledon,Grass,128,G,19990621,75,101888,,,Daniel Vacek,R,190,CZE,28.2,101150,,,Gianluca Pozzi,L,180,ITA,34.0,4-6 6-3 7-6(6) 5-7 6-3,5,R64,189,12,6,177,120,94,26,27,6,10,14,5,172,119,92,26,25,3,7,56,805,82,582
1999-540,Wimbledon,Grass,128,G,19990621,76,102344,13,,Karol Kucera,R,188,SVK,25.2,102987,,Q,Andre Sa,R,185,BRA,22.1,7-6(4) 6-3 6-2,5,R64,135,9,3,118,73,57,22,15,3,5,2,6,134,76,45,25,14,14,19,13,2250,171,264
1999-540,Wimbledon,Grass,128,G,19990621,77,101793,,,Jim Courier,R,185,USA,28.8,102845,12,,Carlos Moya,R,190,ESP,22.8,6-3 3-6 7-6(1) 3-6 6-2,5,R64,182,8,4,142,104,83,19,23,3,6,10,9,173,86,67,38,24,7,11,61,748,10,2313
1999-540,Wimbledon,Grass,128,G,19990621,78,102854,,,Sjeng Schalken,R,193,NED,22.7,102776,,,Andrew Ilie,R,180,AUS,23.1,6-4 6-1 2-6 6-3,5,R64,116,11,7,125,79,59,20,17,6,9,6,4,117,83,51,15,17,5,11,50,833,62,746
1999-540,Wimbledon,Grass,128,G,19990621,79,103206,,,Sebastien Grosjean,R,175,FRA,21.0,102965,,Q,Jamie Delgado,R,178,GBR,22.2,6-2 6-2 7-6(2),5,R64,121,7,1,102,54,42,28,14,6,8,4,5,124,60,44,19,14,7,13,30,1214,376,85
1999-540,Wimbledon,Grass,128,G,19990621,80,102450,6,,Tim Henman,R,185,GBR,24.7,102162,,,Chris Woodruff,R,188,USA,26.4,6-4 6-3 7-6(4),5,R64,145,11,5,119,72,56,23,15,10,12,1,6,130,79,51,18,16,8,13,6,2790,126,372
1999-540,Wimbledon,Grass,128,G,19990621,81,101990,5,,Richard Krajicek,R,196,NED,27.5,101889,,,Todd Woodbridge,R,178,AUS,28.2,7-5 6-4 6-4,5,R64,100,18,4,106,77,66,14,16,0,1,8,6,112,74,54,13,16,2,6,5,2812,137,328
1999-540,Wimbledon,Grass,128,G,19990621,82,102455,,Q,Lorenzo Manta,R,190,SUI,24.7,102998,,,Jan Michael Gambill,R,190,USA,22.0,6-4 6-4 3-6 6-7(4) 6-3,5,R64,178,19,9,187,108,91,41,24,10,11,22,9,206,121,94,45,26,10,14,196,219,49,840
1999-540,Wimbledon,Grass,128,G,19990621,83,102800,,Q,Nenad Zimonjic,R,190,SRB,23.0,101543,,,Jeff Tarango,L,180,USA,30.5,7-6(5) 1-6 6-3 7-6(6),5,R64,152,16,7,165,118,86,19,20,6,10,15,2,140,109,87,14,20,5,8,266,147,95,519
1999-540,Wimbledon,Grass,128,G,19990621,84,102856,11,,Gustavo Kuerten,R,190,BRA,22.7,102184,,,David Prinosil,R,185,GER,26.2,6-3 6-3 6-2,5,R64,72,17,2,91,67,61,12,13,2,2,6,5,81,48,36,11,13,3,8,7,2655,57,782
1999-540,Wimbledon,Grass,128,G,19990621,85,103163,14,,Tommy Haas,R,188,GER,21.2,101735,,,Richard Fromberg,R,196,AUS,29.1,6-7(4) 4-6 6-4 6-3 6-2,5,R64,190,7,13,162,89,71,34,25,3,6,28,14,212,111,88,41,24,12,18,16,1822,73,649
1999-540,Wimbledon,Grass,128,G,19990621,86,101885,,Q,Wayne Arthurs,L,190,AUS,28.2,102839,,,Nicolas Lapentti,R,188,ECU,22.8,7-5 7-6(7) 7-5,5,R64,126,17,2,121,79,74,25,18,3,3,14,4,142,98,74,20,18,8,10,163,277,28,1249
1999-540,Wimbledon,Grass,128,G,19990621,87,103252,,,Alberto Martin,R,175,ESP,20.8,101962,,,Younes El Aynaoui,R,193,MAR,27.7,6-2 3-6 7-5 6-3,5,R64,147,1,2,133,98,60,19,19,4,8,8,3,124,76,54,21,19,5,12,63,733,34,1131
1999-540,Wimbledon,Grass,128,G,19990621,88,101736,4,,Andre Agassi,R,180,USA,29.1,103084,,,Guillermo Canas,R,185,ARG,21.5,6-3 6-4 6-3,5,R64,103,4,2,89,56,41,19,14,2,3,3,4,99,54,40,17,14,10,15,4,2993,71,666
1999-540,Wimbledon,Grass,128,G,19990621,89,101774,8,,Todd Martin,R,198,USA,28.9,102562,,,Jiri Novak,R,190,CZE,24.2,7-6(5) 6-4 6-4,5,R64,99,15,6,115,76,65,18,16,1,2,6,2,110,86,56,14,16,5,8,14,2216,59,779
1999-540,Wimbledon,Grass,128,G,19990621,90,102533,,,Jens Knippschild,R,190,GER,24.3,101820,,,Marc Rosset,R,201,SUI,28.6,6-3 6-4 6-4,5,R64,90,6,5,98,54,45,23,15,1,1,12,5,106,71,57,11,14,3,6,104,453,32,1176
1999-540,Wimbledon,Grass,128,G,19990621,91,101235,,,Paul Haarhuis,R,188,NED,33.3,102950,,,Fernando Vicente,R,180,ESP,22.2,6-2 6-2 6-2,5,R64,68,4,0,74,54,44,12,12,3,3,0,4,73,51,26,9,12,3,9,93,530,46,854
1999-540,Wimbledon,Grass,128,G,19990621,92,101964,10,,Goran Ivanisevic,L,193,CRO,27.7,101776,,Q,Sandon Stolle,R,193,AUS,28.9,7-6(8) 6-4 4-6 6-4,5,R64,130,30,5,153,102,94,29,21,1,2,20,10,166,104,88,26,21,4,6,15,1836,321,112
1999-540,Wimbledon,Grass,128,G,19990621,93,101414,,,Boris Becker,R,190,GER,31.5,103017,15,,Nicolas Kiefer,R,183,GER,21.9,6-4 6-2 6-4,5,R64,116,17,8,108,66,58,21,14,3,3,4,8,111,61,44,19,14,7,11,77,635,18,1722
1999-540,Wimbledon,Grass,128,G,19990621,94,103720,,,Lleyton Hewitt,R,180,AUS,18.3,102223,,,Karim Alami,R,185,MAR,26.0,6-1 6-4 4-6 6-4,5,R64,138,6,3,109,68,56,21,19,1,4,8,4,152,97,69,17,18,15,21,35,1106,68,671
1999-540,Wimbledon,Grass,128,G,19990621,95,102358,,,Thomas Enqvist,R,190,SWE,25.2,102783,,,Rainer Schuettler,R,180,GER,23.1,6-2 6-4 7-5,5,R64,106,12,7,110,58,52,23,15,5,6,8,5,112,57,38,28,15,5,10,20,1592,48,847
1999-540,Wimbledon,Grass,128,G,19990621,96,102158,2,,Patrick Rafter,R,185,AUS,26.4,102035,,,Jonas Bjorkman,R,183,SWE,27.2,6-2 7-6(3) 6-7(7) 6-2,5,R64,177,9,4,140,86,71,29,20,4,5,2,7,147,91,62,24,20,4,9,2,3336,36,1079
1999-540,Wimbledon,Grass,128,G,19990621,97,101948,1,,Pete Sampras,R,185,USA,27.8,101591,,Q,Danny Sapsford,R,173,GBR,30.2,6-3 6-4 7-5,5,R32,103,23,2,105,78,74,13,16,0,0,1,3,99,46,31,27,15,6,9,1,3548,595,33
1999-540,Wimbledon,Grass,128,G,19990621,98,102110,,,Daniel Nestor,L,190,CAN,26.7,102834,,,Paul Goldstein,R,178,USA,22.8,6-3 6-7(3) 6-0 6-7(4) 6-4,5,R32,186,18,22,198,106,87,24,25,7,14,8,7,180,109,68,23,24,14,26,87,567,112,435
1999-540,Wimbledon,Grass,128,G,19990621,99,102257,9,,Greg Rusedski,L,193,GBR,25.7,102796,,,Magnus Norman,R,188,SWE,23.0,6-3 6-4 7-5,5,R32,109,20,6,121,74,67,22,16,5,5,3,2,95,50,37,20,15,3,6,12,2252,60,766
1999-540,Wimbledon,Grass,128,G,19990621,100,102882,7,,Mark Philippoussis,R,196,AUS,22.6,101532,,,Francisco Clavet,L,183,ESP,30.6,7-5 6-4 6-4,5,R32,110,14,7,105,59,54,22,16,1,2,2,1,100,64,41,22,16,6,10,11,2296,22,1519
1999-540,Wimbledon,Grass,128,G,19990621,101,101611,,,Cedric Pioline,R,188,FRA,30.0,102338,3,,Yevgeny Kafelnikov,R,190,RUS,25.3,3-6 6-4 1-0 RET,5,R32,85,17,6,86,46,39,21,10,6,7,9,2,68,49,38,10,11,3,4,39,1022,3,3211
1999-540,Wimbledon,Grass,128,G,19990621,102,102344,13,,Karol Kucera,R,188,SVK,25.2,101888,,,Daniel Vacek,R,190,CZE,28.2,6-1 6-3 3-6 7-6(4),5,R32,165,9,10,140,63,51,40,18,6,8,7,7,154,98,69,22,19,16,21,13,2250,56,805
1999-540,Wimbledon,Grass,128,G,19990621,103,101793,,,Jim Courier,R,185,USA,28.8,102854,,,Sjeng Schalken,R,193,NED,22.7,7-6(2) 3-6 3-6 7-5 13-11,5,R32,265,10,8,152,95,78,17,21,8,13,8,7,148,88,71,23,21,1,4,61,748,50,833
1999-540,Wimbledon,Grass,128,G,19990621,104,102450,6,,Tim Henman,R,185,GBR,24.7,103206,,,Sebastien Grosjean,R,175,FRA,21.0,6-1 6-7(8) 6-3 6-2,5,R32,168,8,3,134,88,74,20,19,6,8,4,3,145,97,64,14,17,10,17,6,2790,30,1214
1999-540,Wimbledon,Grass,128,G,19990621,105,102455,,Q,Lorenzo Manta,R,190,SUI,24.7,101990,5,,Richard Krajicek,R,196,NED,27.5,6-3 7-6(5) 4-6 4-6 6-4,5,R32,169,24,14,209,106,86,53,26,6,9,24,5,169,117,99,28,25,5,8,196,219,5,2812
1999-540,Wimbledon,Grass,128,G,19990621,106,102856,11,,Gustavo Kuerten,R,190,BRA,22.7,102800,,Q,Nenad Zimonjic,R,190,SRB,23.0,6-4 6-4 6-2,5,R32,85,14,0,83,56,50,20,14,0,0,9,7,107,70,55,11,14,5,9,7,2655,266,147
1999-540,Wimbledon,Grass,128,G,19990621,107,101885,,Q,Wayne Arthurs,L,190,AUS,28.2,103163,14,,Tommy Haas,R,188,GER,21.2,7-6(6) 7-6(3) 7-6(2),5,R32,126,29,3,137,79,76,41,18,1,1,13,8,135,73,64,34,18,6,6,163,277,16,1822
1999-540,Wimbledon,Grass,128,G,19990621,108,101736,4,,Andre Agassi,R,180,USA,29.1,103252,,,Alberto Martin,R,175,ESP,20.8,6-2 6-0 2-6 6-3,5,R32,102,9,6,111,63,51,21,16,4,6,5,6,94,58,39,11,15,6,12,4,2993,63,733
1999-540,Wimbledon,Grass,128,G,19990621,109,101774,8,,Todd Martin,R,198,USA,28.9,102533,,,Jens Knippschild,R,190,GER,24.3,6-7(5) 6-1 7-6(6) 7-5,5,R32,156,9,8,133,75,63,29,21,1,4,13,13,184,91,72,33,22,15,22,14,2216,104,453
1999-540,Wimbledon,Grass,128,G,19990621,110,101964,10,,Goran Ivanisevic,L,193,CRO,27.7,101235,,,Paul Haarhuis,R,188,NED,33.3,7-6(2) 6-4 7-6(3),5,R32,126,21,12,147,77,68,35,17,7,8,11,4,124,74,60,23,17,2,4,15,1836,93,530
1999-540,Wimbledon,Grass,128,G,19990621,111,101414,,,Boris Becker,R,190,GER,31.5,103720,,,Lleyton Hewitt,R,180,AUS,18.3,6-1 6-4 7-6(5),5,R32,121,13,8,122,64,56,25,15,6,7,7,6,102,55,40,20,14,6,10,77,635,35,1106
1999-540,Wimbledon,Grass,128,G,19990621,112,102158,2,,Patrick Rafter,R,185,AUS,26.4,102358,,,Thomas Enqvist,R,190,SWE,25.2,7-6(5) 6-2 6-2,5,R32,98,15,6,102,69,59,14,14,0,1,8,8,98,47,39,18,14,1,6,2,3336,20,1592
1999-540,Wimbledon,Grass,128,G,19990621,113,101948,1,,Pete Sampras,R,185,USA,27.8,102110,,,Daniel Nestor,L,190,CAN,26.7,6-3 6-4 6-2,5,R16,80,20,3,95,62,56,21,14,1,1,4,9,87,44,35,13,13,1,5,1,3548,87,567
1999-540,Wimbledon,Grass,128,G,19990621,114,102882,7,,Mark Philippoussis,R,196,AUS,22.6,102257,9,,Greg Rusedski,L,193,GBR,25.7,2-6 7-6(4) 6-3 6-1,5,R16,139,25,11,151,85,72,32,18,4,6,10,13,138,61,54,29,18,4,8,11,2296,12,2252
1999-540,Wimbledon,Grass,128,G,19990621,115,101611,,,Cedric Pioline,R,188,FRA,30.0,102344,13,,Karol Kucera,R,188,SVK,25.2,6-4 5-7 7-6(5) 4-6 6-3,5,R16,237,9,21,233,113,92,41,27,12,17,19,8,178,97,76,43,26,6,11,39,1022,13,2250
1999-540,Wimbledon,Grass,128,G,19990621,116,102450,6,,Tim Henman,R,185,GBR,24.7,101793,,,Jim Courier,R,185,USA,28.8,4-6 7-5 7-5 6-7(5) 9-7,5,R16,270,12,10,166,93,77,30,23,6,9,8,8,162,97,69,33,23,9,13,6,2790,61,748
1999-540,Wimbledon,Grass,128,G,19990621,117,102856,11,,Gustavo Kuerten,R,190,BRA,22.7,102455,,Q,Lorenzo Manta,R,190,SUI,24.7,7-5 6-4 5-7 6-3,5,R16,125,15,13,156,83,69,28,21,8,12,16,17,164,83,68,25,22,2,9,7,2655,196,219
1999-540,Wimbledon,Grass,128,G,19990621,118,101736,4,,Andre Agassi,R,180,USA,29.1,101885,,Q,Wayne Arthurs,L,190,AUS,28.2,6-7(5) 7-6(5) 6-1 6-4,5,R16,141,2,3,126,68,56,37,20,2,2,25,4,167,93,82,35,21,5,9,4,2993,163,277
1999-540,Wimbledon,Grass,128,G,19990621,119,101774,8,,Todd Martin,R,198,USA,28.9,101964,10,,Goran Ivanisevic,L,193,CRO,27.7,7-6(3) 6-3 6-4,5,R16,85,24,3,114,78,71,22,16,1,1,25,12,125,74,66,17,15,4,6,14,2216,15,1836
1999-540,Wimbledon,Grass,128,G,19990621,120,102158,2,,Patrick Rafter,R,185,AUS,26.4,101414,,,Boris Becker,R,190,GER,31.5,6-3 6-2 6-3,5,R16,104,3,3,75,52,40,10,13,0,3,9,13,117,55,37,16,13,9,17,2,3336,77,635
1999-540,Wimbledon,Grass,128,G,19990621,121,101948,1,,Pete Sampras,R,185,USA,27.8,102882,7,,Mark Philippoussis,R,196,AUS,22.6,4-6 2-1 RET,5,QF,52,7,3,51,26,24,10,7,3,4,7,2,47,31,26,8,7,4,4,1,3548,11,2296
1999-540,Wimbledon,Grass,128,G,19990621,122,102450,6,,Tim Henman,R,185,GBR,24.7,101611,,,Cedric Pioline,R,188,FRA,30.0,6-4 6-2 4-6 6-3,5,QF,153,19,6,128,77,69,27,19,3,4,10,17,167,77,63,27,18,14,18,6,2790,39,1022
1999-540,Wimbledon,Grass,128,G,19990621,123,101736,4,,Andre Agassi,R,180,USA,29.1,102856,11,,Gustavo Kuerten,R,190,BRA,22.7,6-3 6-4 6-4,5,QF,95,6,6,98,62,52,18,15,2,2,14,5,110,77,59,10,14,6,9,4,2993,7,2655
1999-540,Wimbledon,Grass,128,G,19990621,124,102158,2,,Patrick Rafter,R,185,AUS,26.4,101774,8,,Todd Martin,R,198,USA,28.9,6-3 6-7(5) 7-6(5) 7-6(3),5,QF,212,10,9,182,103,78,40,23,13,16,13,10,198,115,93,30,22,9,13,2,3336,14,2216
1999-540,Wimbledon,Grass,128,G,19990621,125,101948,1,,Pete Sampras,R,185,USA,27.8,102450,6,,Tim Henman,R,185,GBR,24.7,3-6 6-4 6-3 6-4,5,SF,168,13,10,141,74,61,32,19,5,7,2,11,148,72,52,30,19,7,11,1,3548,6,2790
1999-540,Wimbledon,Grass,128,G,19990621,126,101736,4,,Andre Agassi,R,180,USA,29.1,102158,2,,Patrick Rafter,R,185,AUS,26.4,7-5 7-6(5) 6-2,5,SF,124,7,3,99,61,53,23,16,2,2,9,2,125,84,56,24,16,8,11,4,2993,2,3336
1999-540,Wimbledon,Grass,128,G,19990621,127,101948,1,,Pete Sampras,R,185,USA,27.8,101736,4,,Andre Agassi,R,180,USA,29.1,6-3 6-4 7-5,5,F,115,16,5,114,76,68,15,16,4,4,5,6,109,49,37,27,15,6,9,1,3548,4,2993
1999-316,Bastad,Clay,32,A,19990705,1,101543,,,Jeff Tarango,L,180,USA,30.6,103103,1,,Dominik Hrbaty,R,183,SVK,21.4,6-1 6-2,3,R32,58,7,2,44,27,19,10,7,3,4,1,3,51,30,14,7,8,3,9,95,520,18,1651
1999-316,Bastad,Clay,32,A,19990705,2,102869,,,Galo Blanco,R,173,ESP,22.7,102961,,Q,Nicklas Timfjord,R,180,SWE,22.2,6-1 7-6(1),3,R32,75,4,1,54,32,26,13,9,3,4,0,5,68,37,19,16,10,7,11,98,498,435,66
1999-316,Bastad,Clay,32,A,19990705,3,103714,,WC,Andreas Vinciguerra,L,180,SWE,18.3,101735,,,Richard Fromberg,R,196,AUS,29.1,7-5 6-4,3,R32,92,1,0,68,48,35,12,11,5,6,13,6,79,44,32,13,11,4,7,390,83,70,677
1999-316,Bastad,Clay,32,A,19990705,4,103182,,Q,Markus Hipfl,R,178,AUT,21.1,103292,7,,Gaston Gaudio,R,175,ARG,20.5,6-3 6-1,3,R32,55,0,2,41,26,17,10,8,1,3,1,4,48,22,10,9,8,5,11,81,615,67,695
1999-316,Bastad,Clay,32,A,19990705,5,101320,3,,Magnus Gustafsson,R,185,SWE,32.5,101947,,,Vincenzo Santopadre,L,183,ITA,27.8,6-2 6-4,3,R32,65,0,10,56,35,30,9,9,2,2,2,0,55,31,17,13,9,6,9,62,767,117,396
1999-316,Bastad,Clay,32,A,19990705,6,101675,,,Martin Rodriguez,R,178,ARG,29.5,101463,,,Bernd Karbacher,R,185,GER,31.2,1-6 6-3 7-5,3,R32,123,5,3,112,53,33,28,14,10,15,7,8,95,45,31,24,14,7,12,73,658,88,567
1999-316,Bastad,Clay,32,A,19990705,7,102024,,,Hernan Gumy,R,188,ARG,27.3,102106,,,Davide Sanguinetti,R,188,ITA,26.8,6-2 6-1,3,R32,72,4,5,57,29,19,14,7,7,8,3,2,56,26,13,10,8,8,14,99,489,105,462
1999-316,Bastad,Clay,32,A,19990705,8,102104,5,,Christian Ruud,R,188,NOR,26.8,103158,,Q,Johan Ortegren,R,,SWE,21.2,6-3 6-2,3,R32,61,0,2,48,28,25,12,9,0,0,1,0,46,31,16,10,8,2,5,52,814,448,62
1999-316,Bastad,Clay,32,A,19990705,9,102796,6,,Magnus Norman,R,188,SWE,23.0,102025,,WC,Mikael Tillstrom,R,185,SWE,27.3,6-2 6-0,3,R32,53,2,2,52,26,20,15,7,4,4,1,2,39,19,7,7,7,2,7,50,831,142,336
1999-316,Bastad,Clay,32,A,19990705,10,102117,,Q,Eduardo Nicolas,R,173,ESP,26.7,102521,,,Hendrik Dreekmann,R,188,GER,24.4,6-2 6-3,3,R32,75,0,2,60,29,20,18,9,1,2,2,3,58,24,18,11,8,6,10,164,276,92,531
1999-316,Bastad,Clay,32,A,19990705,11,102548,,,Juan Antonio Marin,R,175,CRC,24.3,102375,,,Dinu Pescariu,R,185,ROU,25.2,6-3 6-0,3,R32,47,1,1,43,18,15,19,8,1,1,0,3,42,22,13,8,7,0,4,97,512,133,355
1999-316,Bastad,Clay,32,A,19990705,12,101792,,,Slava Dosedel,R,183,CZE,28.8,102950,4,,Fernando Vicente,R,180,ESP,22.3,5-7 7-5 6-2,3,R32,124,1,4,117,77,48,16,16,10,16,2,4,101,57,35,17,16,9,17,76,629,48,853
1999-316,Bastad,Clay,32,A,19990705,13,102153,,,German Puentes,R,173,ESP,26.5,102466,8,,Jan Kroslak,R,188,SVK,24.7,4-6 6-1 6-3,3,R32,85,0,4,87,63,43,10,13,5,8,3,7,80,46,29,12,13,7,13,113,422,69,683
1999-316,Bastad,Clay,32,A,19990705,14,103031,,,Julian Alonso,R,185,ESP,21.9,102831,,,Jacobo Diaz,R,173,ESP,22.9,3-6 7-5 6-4,3,R32,130,0,6,100,61,39,14,16,14,21,2,4,104,68,41,13,15,9,16,167,267,104,470
1999-316,Bastad,Clay,32,A,19990705,15,101900,,WC,Nicklas Kulti,R,190,SWE,28.2,102306,,,Michael Kohlmann,R,188,GER,25.4,1-6 6-4 6-3,3,R32,89,4,2,71,34,29,21,13,1,3,7,1,78,44,35,15,13,3,5,124,379,114,419
1999-316,Bastad,Clay,32,A,19990705,16,102563,2,,Thomas Johansson,R,180,SWE,24.2,102238,,,Alberto Berasategui,R,173,ESP,26.0,6-3 1-6 6-4,3,R32,,,,,,,,,,,,,,,,,,,,20,1496,87,568
1999-316,Bastad,Clay,32,A,19990705,17,102869,,,Galo Blanco,R,173,ESP,22.7,101543,,,Jeff Tarango,L,180,USA,30.6,6-2 7-5,3,R16,90,9,2,63,34,26,15,10,2,4,2,3,68,46,26,7,10,6,11,98,498,95,520
1999-316,Bastad,Clay,32,A,19990705,18,103714,,WC,Andreas Vinciguerra,L,180,SWE,18.3,103182,,Q,Markus Hipfl,R,178,AUT,21.1,7-6(7) 6-1,3,R16,90,1,2,63,41,28,11,9,1,3,2,1,72,35,18,18,10,1,6,390,83,81,615
1999-316,Bastad,Clay,32,A,19990705,19,101675,,,Martin Rodriguez,R,178,ARG,29.5,101320,3,,Magnus Gustafsson,R,185,SWE,32.5,7-6(5) 4-6 6-1,3,R16,131,11,9,141,70,49,28,15,20,25,0,8,85,51,30,16,14,2,8,73,658,62,767
1999-316,Bastad,Clay,32,A,19990705,20,102104,5,,Christian Ruud,R,188,NOR,26.8,102024,,,Hernan Gumy,R,188,ARG,27.3,6-2 6-2,3,R16,66,1,1,40,23,21,9,8,1,2,1,4,46,26,14,5,8,3,8,52,814,99,489
1999-316,Bastad,Clay,32,A,19990705,21,102796,6,,Magnus Norman,R,188,SWE,23.0,102117,,Q,Eduardo Nicolas,R,173,ESP,26.7,6-3 6-3,3,R16,79,3,1,57,31,24,17,9,7,7,2,3,58,34,25,9,9,3,6,50,831,164,276
1999-316,Bastad,Clay,32,A,19990705,22,102548,,,Juan Antonio Marin,R,175,CRC,24.3,101792,,,Slava Dosedel,R,183,CZE,28.8,6-3 4-6 7-5,3,R16,151,1,5,116,68,45,21,16,14,20,0,3,122,73,42,20,15,11,18,97,512,76,629
1999-316,Bastad,Clay,32,A,19990705,23,102153,,,German Puentes,R,173,ESP,26.5,103031,,,Julian Alonso,R,185,ESP,21.9,3-6 6-4 6-4,3,R16,125,1,3,107,77,51,13,15,6,10,2,3,86,54,37,14,14,4,8,113,422,167,267
1999-316,Bastad,Clay,32,A,19990705,24,101900,,WC,Nicklas Kulti,R,190,SWE,28.2,102563,2,,Thomas Johansson,R,180,SWE,24.2,6-3 7-5,3,R16,102,5,2,59,33,27,14,10,3,3,0,4,82,41,27,22,11,6,9,124,379,20,1496
1999-316,Bastad,Clay,32,A,19990705,25,103714,,WC,Andreas Vinciguerra,L,180,SWE,18.3,102869,,,Galo Blanco,R,173,ESP,22.7,6-1 RET,3,QF,33,0,0,12,8,8,4,4,0,0,1,1,33,21,8,6,4,3,6,390,83,98,498
1999-316,Bastad,Clay,32,A,19990705,26,102104,5,,Christian Ruud,R,188,NOR,26.8,101675,,,Martin Rodriguez,R,178,ARG,29.5,7-6(3) 6-2,3,QF,98,3,5,92,53,36,20,10,7,8,4,4,62,25,20,15,10,2,5,52,814,73,658
1999-316,Bastad,Clay,32,A,19990705,27,102548,,,Juan Antonio Marin,R,175,CRC,24.3,102796,6,,Magnus Norman,R,188,SWE,23.0,6-2 1-6 7-6(4),3,QF,135,3,3,96,61,40,21,14,7,11,3,3,79,41,28,19,13,6,10,97,512,50,831
1999-316,Bastad,Clay,32,A,19990705,28,101900,,WC,Nicklas Kulti,R,190,SWE,28.2,102153,,,German Puentes,R,173,ESP,26.5,2-6 7-5 6-4,3,QF,117,7,6,99,52,37,21,15,3,8,2,3,86,55,34,17,15,2,7,124,379,113,422
1999-316,Bastad,Clay,32,A,19990705,29,103714,,WC,Andreas Vinciguerra,L,180,SWE,18.3,102104,5,,Christian Ruud,R,188,NOR,26.8,6-3 6-3,3,SF,87,2,3,84,43,29,18,9,14,16,1,3,54,32,16,7,9,2,7,390,83,52,814
1999-316,Bastad,Clay,32,A,19990705,30,102548,,,Juan Antonio Marin,R,175,CRC,24.3,101900,,WC,Nicklas Kulti,R,190,SWE,28.2,2-6 7-6(9) 6-4,3,SF,135,2,6,95,46,32,27,15,6,11,2,9,109,58,41,23,15,7,11,97,512,124,379
1999-316,Bastad,Clay,32,A,19990705,31,102548,,,Juan Antonio Marin,R,175,CRC,24.3,103714,,WC,Andreas Vinciguerra,L,180,SWE,18.3,6-4 7-6(4),3,F,119,3,2,100,53,33,25,11,13,16,2,2,78,50,30,13,10,8,12,97,512,390,83
1999-314,Gstaad,Clay,32,A,19990705,1,102856,1,,Gustavo Kuerten,R,190,BRA,22.8,103264,,,Mariano Puerta,L,180,ARG,20.7,6-4 6-4,3,R32,74,12,2,62,41,34,11,10,4,4,2,3,68,37,27,14,10,6,8,5,2810,46,856
1999-314,Gstaad,Clay,32,A,19990705,2,102434,,,Vincent Spadea,R,183,USA,24.9,101746,,LL,Renzo Furlan,R,175,ITA,29.1,6-3 6-2,3,R32,70,6,1,58,29,23,15,9,3,4,1,3,56,24,13,15,8,4,8,29,1210,144,322
1999-314,Gstaad,Clay,32,A,19990705,3,102905,,,Stefan Koubek,L,175,AUT,22.5,102223,,,Karim Alami,R,185,MAR,26.1,4-6 6-4 6-1,3,R32,99,2,1,85,49,36,21,14,5,7,3,6,90,41,29,24,13,12,16,60,770,66,695
1999-314,Gstaad,Clay,32,A,19990705,4,102610,8,,Albert Costa,R,180,ESP,24.0,102455,,WC,Lorenzo Manta,R,190,SUI,24.7,6-1 6-1,3,R32,42,5,0,33,18,17,11,7,0,0,3,17,48,17,12,9,7,4,9,28,1220,112,426
1999-314,Gstaad,Clay,32,A,19990705,5,102701,3,,Marcelo Rios,L,175,CHI,23.5,102539,,,Bohdan Ulihrach,R,188,CZE,24.3,6-2 6-7(7) 7-6(1),3,R32,129,7,15,99,41,32,26,16,2,6,6,8,109,52,35,30,16,3,9,9,2370,38,973
1999-314,Gstaad,Clay,32,A,19990705,6,101962,,,Younes El Aynaoui,R,193,MAR,27.8,103819,,WC,Roger Federer,R,185,SUI,17.9,6-2 6-3,3,R32,57,3,3,46,22,20,17,9,1,1,0,4,60,33,20,12,8,4,7,33,1130,107,457
1999-314,Gstaad,Clay,32,A,19990705,7,101515,,Q,Donald Johnson,L,190,USA,30.8,102567,,,George Bastl,R,183,SUI,24.2,7-6(8) 6-4,3,R32,93,1,3,64,41,31,13,11,1,3,4,7,81,58,37,11,11,7,10,522,45,184,232
1999-314,Gstaad,Clay,32,A,19990705,8,101532,6,,Francisco Clavet,L,183,ESP,30.6,102607,,Q,Juan Balcells,R,190,ESP,24.0,5-7 6-1 7-6(4),3,R32,109,2,2,106,66,48,21,16,2,4,3,4,91,68,48,10,15,4,7,21,1399,341,102
1999-314,Gstaad,Clay,32,A,19990705,9,102456,5,,Felix Mantilla,R,180,ESP,24.7,102644,,,Franco Squillari,L,183,ARG,23.8,6-3 6-2,3,R32,56,2,2,45,27,21,9,8,2,4,1,7,52,26,15,7,9,1,7,15,1790,40,932
1999-314,Gstaad,Clay,32,A,19990705,10,102271,,,Hicham Arazi,L,175,MAR,25.7,102562,,,Jiri Novak,R,190,CZE,24.2,6-3 7-6(3),3,R32,72,8,5,85,49,36,17,11,9,11,5,8,63,30,23,12,10,2,5,39,955,58,781
1999-314,Gstaad,Clay,32,A,19990705,11,103324,,,Arnaud Di Pasquale,R,185,FRA,20.3,101897,,,Fernando Meligeni,L,180,BRA,28.2,6-3 5-7 6-0,3,R32,105,7,13,99,60,43,17,14,10,13,2,7,86,39,27,17,13,5,11,61,769,27,1252
1999-314,Gstaad,Clay,32,A,19990705,12,101820,,,Marc Rosset,R,201,SUI,28.6,102257,4,,Greg Rusedski,L,193,GBR,25.8,7-6(2) 6-7(4) 6-2,3,R32,123,12,8,100,47,39,36,16,2,2,19,8,107,56,46,27,16,5,7,35,1111,12,2307
1999-314,Gstaad,Clay,32,A,19990705,13,103151,7,,Mariano Zabaleta,R,183,ARG,21.3,101611,,,Cedric Pioline,R,188,FRA,30.0,4-6 6-3 7-6(4),3,R32,124,3,11,94,39,33,26,16,5,9,4,2,77,30,24,30,15,3,7,25,1268,23,1321
1999-314,Gstaad,Clay,32,A,19990705,14,102247,,Q,Andrea Gaudenzi,R,183,ITA,25.9,102783,,,Rainer Schuettler,R,180,GER,23.1,6-2 6-1,3,R32,52,0,3,37,24,22,6,7,0,0,1,6,53,27,13,12,8,4,9,89,552,45,857
1999-314,Gstaad,Clay,32,A,19990705,15,103344,,Q,Ivan Ljubicic,R,193,CRO,20.2,101888,,,Daniel Vacek,R,190,CZE,28.2,6-7(5) 6-4 6-4,3,R32,113,7,1,91,60,50,20,16,2,2,3,7,105,49,37,35,16,8,10,152,295,51,818
1999-314,Gstaad,Clay,32,A,19990705,16,102839,,,Nicolas Lapentti,R,188,ECU,22.8,102374,2,,Alex Corretja,R,180,ESP,25.2,4-3 RET,3,R32,33,3,2,22,14,11,3,4,1,2,2,1,26,15,8,5,4,2,3,26,1255,8,2408
1999-314,Gstaad,Clay,32,A,19990705,17,102434,,,Vincent Spadea,R,183,USA,24.9,102856,1,,Gustavo Kuerten,R,190,BRA,22.8,6-2 2-6 7-6(6),3,R16,108,7,5,108,54,39,27,14,11,14,10,4,94,43,32,26,14,1,4,29,1210,5,2810
1999-314,Gstaad,Clay,32,A,19990705,18,102610,8,,Albert Costa,R,180,ESP,24.0,102905,,,Stefan Koubek,L,175,AUT,22.5,6-7(3) 6-1 7-5,3,R16,130,2,6,96,55,38,24,16,1,4,3,6,112,63,36,25,15,12,18,28,1220,60,770
1999-314,Gstaad,Clay,32,A,19990705,19,101962,,,Younes El Aynaoui,R,193,MAR,27.8,102701,3,,Marcelo Rios,L,175,CHI,23.5,7-6(5) 7-6(5),3,R16,97,2,4,75,38,33,18,12,3,5,3,1,87,57,39,15,12,5,7,33,1130,9,2370
1999-314,Gstaad,Clay,32,A,19990705,20,101532,6,,Francisco Clavet,L,183,ESP,30.6,101515,,Q,Donald Johnson,L,190,USA,30.8,6-4 6-4,3,R16,85,0,1,59,39,28,14,10,0,0,3,6,70,40,25,18,10,1,3,21,1399,522,45
1999-314,Gstaad,Clay,32,A,19990705,21,102456,5,,Felix Mantilla,R,180,ESP,24.7,102271,,,Hicham Arazi,L,175,MAR,25.7,6-2 6-0,3,R16,50,1,2,42,24,19,9,7,2,3,1,0,38,17,7,5,7,3,9,15,1790,39,955
1999-314,Gstaad,Clay,32,A,19990705,22,103324,,,Arnaud Di Pasquale,R,185,FRA,20.3,101820,,,Marc Rosset,R,201,SUI,28.6,7-5 7-6(3),3,R16,112,4,6,99,59,45,18,12,11,13,5,10,98,55,35,21,12,7,10,61,769,35,1111
1999-314,Gstaad,Clay,32,A,19990705,23,102247,,Q,Andrea Gaudenzi,R,183,ITA,25.9,103151,7,,Mariano Zabaleta,R,183,ARG,21.3,6-7(5) 7-6(4) 6-3,3,R16,157,5,2,113,76,56,19,17,7,10,9,12,118,58,44,27,16,6,10,89,552,25,1268
1999-314,Gstaad,Clay,32,A,19990705,24,102839,,,Nicolas Lapentti,R,188,ECU,22.8,103344,,Q,Ivan Ljubicic,R,193,CRO,20.2,6-4 2-6 6-3,3,R16,111,6,6,86,51,36,15,14,6,11,5,3,91,49,28,23,13,7,12,26,1255,152,295
1999-314,Gstaad,Clay,32,A,19990705,25,102610,8,,Albert Costa,R,180,ESP,24.0,102434,,,Vincent Spadea,R,183,USA,24.9,6-3 6-2,3,QF,66,2,1,43,31,22,7,8,0,1,3,8,70,34,20,16,9,10,15,28,1220,29,1210
1999-314,Gstaad,Clay,32,A,19990705,26,101962,,,Younes El Aynaoui,R,193,MAR,27.8,101532,6,,Francisco Clavet,L,183,ESP,30.6,7-6(5) 7-5,3,QF,99,5,2,85,52,38,18,12,5,6,2,1,73,40,26,19,12,0,2,33,1130,21,1399
1999-314,Gstaad,Clay,32,A,19990705,27,102456,5,,Felix Mantilla,R,180,ESP,24.7,103324,,,Arnaud Di Pasquale,R,185,FRA,20.3,3-6 6-3 6-4,3,QF,105,2,2,84,50,34,25,14,4,6,3,2,78,55,41,14,14,1,4,15,1790,61,769
1999-314,Gstaad,Clay,32,A,19990705,28,102839,,,Nicolas Lapentti,R,188,ECU,22.8,102247,,Q,Andrea Gaudenzi,R,183,ITA,25.9,7-5 6-3,3,QF,91,3,1,65,35,27,16,11,3,4,2,3,70,47,31,10,10,8,11,26,1255,89,552
1999-314,Gstaad,Clay,32,A,19990705,29,102610,8,,Albert Costa,R,180,ESP,24.0,101962,,,Younes El Aynaoui,R,193,MAR,27.8,4-6 7-6(5) 6-3,3,SF,110,4,1,90,61,49,18,16,2,4,9,2,84,53,46,17,15,0,2,28,1220,33,1130
1999-314,Gstaad,Clay,32,A,19990705,30,102839,,,Nicolas Lapentti,R,188,ECU,22.8,102456,5,,Felix Mantilla,R,180,ESP,24.7,6-4 4-6 7-5,3,SF,141,6,1,94,53,37,21,16,8,12,2,4,102,57,39,20,16,9,14,26,1255,15,1790
1999-314,Gstaad,Clay,32,A,19990705,31,102610,8,,Albert Costa,R,180,ESP,24.0,102839,,,Nicolas Lapentti,R,188,ECU,22.8,7-6(4) 6-3 6-4,5,F,136,3,4,107,79,55,18,16,5,7,2,2,95,59,45,14,15,7,11,28,1220,26,1255
1999-315,Newport,Grass,32,A,19990705,1,101965,1,,Wayne Ferreira,R,185,RSA,27.8,102433,,,Mose Navarra,L,180,ITA,24.9,6-3 6-3,3,R32,69,6,5,51,26,22,16,9,2,2,2,4,58,28,20,13,9,3,6,32,1140,123,381
1999-315,Newport,Grass,32,A,19990705,2,102233,,,Leander Paes,R,178,IND,26.0,102800,,,Nenad Zimonjic,R,190,SRB,23.0,6-1 6-3,3,R32,63,7,2,40,22,20,12,8,0,0,3,10,62,25,17,14,8,9,13,102,472,197,208
1999-315,Newport,Grass,32,A,19990705,3,101885,,,Wayne Arthurs,L,190,AUS,28.2,102735,,Q,Cedric Kauffmann,R,,FRA,23.3,6-4 6-3,3,R32,56,7,2,44,24,22,14,9,0,0,5,3,58,37,24,12,10,5,8,106,458,313,119
1999-315,Newport,Grass,32,A,19990705,4,102110,7,,Daniel Nestor,L,190,CAN,26.8,102422,,,Michael Hill,R,188,AUS,25.0,6-4 3-6 7-5,3,R32,117,6,6,100,56,40,22,15,4,7,16,14,93,47,38,19,16,4,8,68,690,209,192
1999-315,Newport,Grass,32,A,19990705,5,102184,3,,David Prinosil,R,185,GER,26.3,102795,,Q,Scott Humphries,R,185,USA,23.1,6-4 6-4,3,R32,77,11,6,71,35,29,21,10,4,4,3,4,62,27,19,20,10,2,4,57,783,349,99
1999-315,Newport,Grass,32,A,19990705,6,102162,,,Chris Woodruff,R,188,USA,26.5,102836,,,Rogier Wassen,R,190,NED,22.9,6-3 6-2,3,R32,70,5,3,55,32,29,9,9,6,7,1,13,57,23,14,15,8,7,11,116,405,170,261
1999-315,Newport,Grass,32,A,19990705,7,101924,,,Stefano Pescosolido,R,185,ITA,28.0,102524,,,Neville Godwin,R,173,RSA,24.4,6-3 6-1,3,R32,57,0,2,46,23,16,16,8,1,2,4,12,51,26,16,8,8,4,9,207,197,179,243
1999-315,Newport,Grass,32,A,19990705,8,103018,,,Max Mirnyi,R,196,BLR,21.9,102925,6,,Justin Gimelstob,R,196,USA,22.4,6-3 7-6(2),3,R32,88,3,5,73,41,33,19,11,3,3,4,4,64,37,28,14,10,1,2,136,346,80,617
1999-315,Newport,Grass,32,A,19990705,9,102227,5,,Sargis Sargsian,R,180,ARM,26.0,102809,,,Axel Pretzsch,R,185,GER,23.0,7-6(5) 2-6 6-4,3,R32,116,7,6,90,46,37,25,15,1,3,8,6,102,63,48,23,15,6,7,64,724,126,373
1999-315,Newport,Grass,32,A,19990705,10,102133,,,Laurence Tieleman,R,180,ITA,26.6,102538,,,Tuomas Ketola,R,185,FIN,24.3,6-3 6-4,3,R32,56,6,1,51,33,23,13,10,2,4,4,2,55,32,22,8,9,4,8,115,414,165,276
1999-315,Newport,Grass,32,A,19990705,11,102652,,,Christian Vinck,L,183,GER,23.8,102902,,Q,Thomas Blake,R,,USA,22.5,6-4 6-0,3,R32,58,1,2,53,37,26,8,8,1,2,3,1,51,36,16,6,8,7,12,147,308,440,65
1999-315,Newport,Grass,32,A,19990705,12,102776,4,,Andrew Ilie,R,180,AUS,23.2,101750,,,Cristiano Caratti,R,178,ITA,29.1,5-7 6-4 7-5,3,R32,127,4,5,119,55,37,35,17,13,18,3,7,107,70,49,12,17,8,14,59,777,183,236
1999-315,Newport,Grass,32,A,19990705,13,102202,,,Kenneth Carlsen,L,190,DEN,26.2,102205,8,,Sebastien Lareau,R,183,CAN,26.1,6-4 6-2,3,R32,76,6,2,59,38,28,13,9,4,4,5,6,64,24,17,19,9,5,8,109,448,100,484
1999-315,Newport,Grass,32,A,19990705,14,103484,,WC,James Blake,R,185,USA,19.5,101613,,WC,Malivai Washington,R,180,USA,30.0,1-6 6-3 6-4,3,R32,83,5,6,72,43,27,17,13,2,5,3,6,70,37,27,19,13,1,4,448,62,401,79
1999-315,Newport,Grass,32,A,19990705,15,103193,,,Peter Wessels,R,196,NED,21.1,102139,,,Eyal Ran,R,183,ISR,26.6,6-3 6-3,3,R32,56,13,9,55,28,28,13,9,4,4,1,3,60,35,25,10,9,3,6,111,435,203,202
1999-315,Newport,Grass,32,A,19990705,16,101890,,Q,Jonathan Stark,R,188,USA,28.2,101727,2,,Jason Stoltenberg,R,185,AUS,29.2,6-4 3-6 6-4,3,R32,128,5,12,104,51,35,29,14,5,7,7,8,78,37,29,25,15,0,3,304,124,55,791
1999-315,Newport,Grass,32,A,19990705,17,102233,,,Leander Paes,R,178,IND,26.0,101965,1,,Wayne Ferreira,R,185,RSA,27.8,6-2 6-2,3,R16,53,3,3,45,21,19,15,8,2,2,0,5,46,24,14,9,8,1,5,102,472,32,1140
1999-315,Newport,Grass,32,A,19990705,18,101885,,,Wayne Arthurs,L,190,AUS,28.2,102110,7,,Daniel Nestor,L,190,CAN,26.8,6-7(6) 6-4 7-6(5),3,R16,130,21,6,112,54,46,34,17,0,0,8,10,109,64,53,25,17,3,4,106,458,68,690
1999-315,Newport,Grass,32,A,19990705,19,102162,,,Chris Woodruff,R,188,USA,26.5,102184,3,,David Prinosil,R,185,GER,26.3,6-2 6-4,3,R16,63,2,3,55,30,23,17,9,4,4,8,4,45,20,18,10,9,1,4,116,405,57,783
1999-315,Newport,Grass,32,A,19990705,20,101924,,,Stefano Pescosolido,R,185,ITA,28.0,103018,,,Max Mirnyi,R,196,BLR,21.9,7-6(5) 6-3,3,R16,74,7,5,66,34,30,22,11,2,2,9,4,60,32,28,18,11,2,3,207,197,136,346
1999-315,Newport,Grass,32,A,19990705,21,102133,,,Laurence Tieleman,R,180,ITA,26.6,102227,5,,Sargis Sargsian,R,180,ARM,26.0,6-7(4) 7-6(3) 6-2,3,R16,131,11,6,102,43,37,40,16,2,2,5,8,107,62,51,21,16,3,5,115,414,64,724
1999-315,Newport,Grass,32,A,19990705,22,102776,4,,Andrew Ilie,R,180,AUS,23.2,102652,,,Christian Vinck,L,183,GER,23.8,6-4 7-5,3,R16,71,11,3,71,39,31,16,11,3,4,7,8,60,42,28,6,11,2,5,59,777,147,308
1999-315,Newport,Grass,32,A,19990705,23,102202,,,Kenneth Carlsen,L,190,DEN,26.2,103484,,WC,James Blake,R,185,USA,19.5,6-3 6-4,3,R16,80,7,4,57,35,29,10,10,1,2,1,8,88,50,32,16,9,11,14,109,448,448,62
1999-315,Newport,Grass,32,A,19990705,24,103193,,,Peter Wessels,R,196,NED,21.1,101890,,Q,Jonathan Stark,R,188,USA,28.2,6-3 6-4,3,R16,63,7,3,57,37,28,14,10,1,1,3,1,48,27,18,15,9,5,7,111,435,304,124
1999-315,Newport,Grass,32,A,19990705,25,101885,,,Wayne Arthurs,L,190,AUS,28.2,102233,,,Leander Paes,R,178,IND,26.0,6-7(7) 7-6(3) 6-3,3,QF,125,20,5,106,53,43,38,17,1,1,7,5,107,64,52,25,16,3,4,106,458,102,472
1999-315,Newport,Grass,32,A,19990705,26,102162,,,Chris Woodruff,R,188,USA,26.5,101924,,,Stefano Pescosolido,R,185,ITA,28.0,6-2 6-4,3,QF,62,3,2,49,32,25,13,9,0,0,8,7,52,27,21,9,9,2,5,116,405,207,197
1999-315,Newport,Grass,32,A,19990705,27,102133,,,Laurence Tieleman,R,180,ITA,26.6,102776,4,,Andrew Ilie,R,180,AUS,23.2,7-6(4) 6-4,3,QF,75,15,2,58,34,30,18,11,0,0,2,4,76,40,27,22,11,4,5,115,414,59,777
1999-315,Newport,Grass,32,A,19990705,28,102202,,,Kenneth Carlsen,L,190,DEN,26.2,103193,,,Peter Wessels,R,196,NED,21.1,7-6(4) 7-6(5),3,QF,102,16,6,79,51,44,13,12,6,7,6,5,88,63,46,11,12,3,4,109,448,111,435
1999-315,Newport,Grass,32,A,19990705,29,102162,,,Chris Woodruff,R,188,USA,26.5,101885,,,Wayne Arthurs,L,190,AUS,28.2,7-6(4) 6-7(5) 6-4,3,SF,127,9,4,104,66,51,27,17,0,0,24,3,107,58,50,29,17,5,6,116,405,106,458
1999-315,Newport,Grass,32,A,19990705,30,102202,,,Kenneth Carlsen,L,190,DEN,26.2,102133,,,Laurence Tieleman,R,180,ITA,26.6,7-6(6) 6-1,3,SF,74,8,7,66,40,32,15,10,2,3,4,8,61,33,26,10,9,2,5,109,448,115,414
1999-315,Newport,Grass,32,A,19990705,31,102162,,,Chris Woodruff,R,188,USA,26.5,102202,,,Kenneth Carlsen,L,190,DEN,26.2,6-7(5) 6-4 6-4,3,F,138,6,5,108,71,53,19,16,9,11,6,6,106,68,48,17,16,12,16,116,405,109,448
1999-D011,Davis Cup G1 PO: BAH vs CAN,Hard,4,D,19990716,1,103225,,,Simon Larose,R,190,CAN,21.0,101956,,,Mark Knowles,R,190,BAH,27.8,7-5 6-3 1-6 6-2,5,RR,,,,,,,,,,,,,,,,,,,,499,52,279,141
1999-D011,Davis Cup G1 PO: BAH vs CAN,Hard,4,D,19990716,2,102205,,,Sebastien Lareau,R,183,CAN,26.2,102076,,,Mark Merklein,R,188,BAH,27.0,6-1 6-2 6-1,5,RR,,,,,,,,,,,,,,,,,,,,106,464,534,44
1999-D011,Davis Cup G1 PO: BAH vs CAN,Hard,4,D,19990716,4,102780,,,Frederic Niemeyer,R,190,CAN,23.2,108662,,,Lavaughn Munroe,U,,BAH,17.6,6-1 6-3,3,RR,,,,,,,,,,,,,,,,,,,,322,116,,
1999-D011,Davis Cup G1 PO: BAH vs CAN,Hard,4,D,19990716,5,102076,,,Mark Merklein,R,188,BAH,27.0,103225,,,Simon Larose,R,190,CAN,21.0,6-1 3-6 6-2,3,RR,,,,,,,,,,,,,,,,,,,,534,44,499,52
1999-D004,Davis Cup G1 PO: VEN vs ARG,Hard,4,D,19990716,1,103264,,,Mariano Puerta,L,180,ARG,20.8,102655,,,Jimy Szymanski,R,175,VEN,23.8,7-6(5) 6-4 6-7(2) 6-7(6) 6-4,5,RR,,,,,,,,,,,,,,,,,,,,46,856,215,191
1999-D004,Davis Cup G1 PO: VEN vs ARG,Hard,4,D,19990716,2,101862,,,Maurice Ruah,R,178,VEN,28.3,103084,,,Guillermo Canas,R,185,ARG,21.6,3-6 3-6 7-6(3) 6-3 6-3,5,RR,,,,,,,,,,,,,,,,,,,,166,261,70,663
1999-D004,Davis Cup G1 PO: VEN vs ARG,Hard,4,D,19990716,4,103264,,,Mariano Puerta,L,180,ARG,20.8,101862,,,Maurice Ruah,R,178,VEN,28.3,7-6(7) 7-5 4-6 6-3,5,RR,,,,,,,,,,,,,,,,,,,,46,856,166,261
1999-D004,Davis Cup G1 PO: VEN vs ARG,Hard,4,D,19990716,5,103084,,,Guillermo Canas,R,185,ARG,21.6,103286,,,Yohny Romero,R,,VEN,20.6,7-5 6-4,3,RR,,,,,,,,,,,,,,,,,,,,70,663,487,54
1999-D031,Davis Cup G2 PO: CRC vs DOM,Hard,4,D,19990716,1,100754,,,Rafael Avalos Brenes,R,,CRC,38.0,108634,,,Rodrigo Vallejo,U,,DOM,25.3,6-7(4) 1-6 6-3 6-4 6-2,5,RR,,,,,,,,,,,,,,,,,,,,,,,
1999-D031,Davis Cup G2 PO: CRC vs DOM,Hard,4,D,19990716,2,102548,,,Juan Antonio Marin,R,175,CRC,24.3,108615,,,Genaro Deleon,U,,DOM,28.4,6-7(3) 6-3 6-3 6-2,5,RR,,,,,,,,,,,,,,,,,,,,69,663,,
1999-D031,Davis Cup G2 PO: CRC vs DOM,Hard,4,D,19990716,4,103638,,,Jhonson Garcia,R,,DOM,18.7,102548,,,Juan Antonio Marin,R,175,CRC,24.3,6-4 4-6 7-6(8),3,RR,,,,,,,,,,,,,,,,,,,,,,69,663
1999-D031,Davis Cup G2 PO: CRC vs DOM,Hard,4,D,19990716,5,108615,,,Genaro Deleon,U,,DOM,28.4,108632,,,Federico Camacho,U,,CRC,19.8,6-2 6-1,3,RR,,,,,,,,,,,,,,,,,,,,,,,
1999-D053,Davis Cup G2 PO: HAI vs PAR,Clay,4,D,19990716,1,102830,,,Paulo Carvallo,R,,PAR,23.0,108803,,,Jean Max Mangones,U,,HAI,23.7,6-0 6-0 6-3,5,RR,,,,,,,,,,,,,,,,,,,,366,92,,
1999-D053,Davis Cup G2 PO: HAI vs PAR,Clay,4,D,19990716,2,102740,,,Francisco Rodriguez,R,,PAR,23.3,102055,,,Bertrand Madsen,R,,HAI,27.1,7-6(1) 7-6(5) 4-6 4-6 8-6,5,RR,,,,,,,,,,,,,,,,,,,,,,634,26
1999-D053,Davis Cup G2 PO: HAI vs PAR,Clay,4,D,19990716,4,102830,,,Paulo Carvallo,R,,PAR,23.0,102055,,,Bertrand Madsen,R,,HAI,27.1,6-3 6-4,3,RR,,,,,,,,,,,,,,,,,,,,366,92,634,26
1999-D053,Davis Cup G2 PO: HAI vs PAR,Clay,4,D,19990716,5,102740,,,Francisco Rodriguez,R,,PAR,23.3,108830,,,Philippe Lacombe,U,,HAI,19.8,6-1 6-2,3,RR,,,,,,,,,,,,,,,,,,,,,,,
1999-D066,Davis Cup G2 PO: LAT vs MKD,Clay,4,D,19990716,1,100943,,,Girts Dzelde,R,173,LAT,35.9,108862,,,Kristian Mitrovski,U,,MKD,16.6,6-0 6-2 6-2,5,RR,,,,,,,,,,,,,,,,,,,,1310,1,,
1999-D066,Davis Cup G2 PO: LAT vs MKD,Clay,4,D,19990716,2,106536,,,Andres Filimonov,R,,LAT,31.2,108793,,,Goran Sterijovski,U,,MKD,18.6,6-1 7-6(2) 6-3,5,RR,,,,,,,,,,,,,,,,,,,,,,1310,1
1999-D066,Davis Cup G2 PO: LAT vs MKD,Clay,4,D,19990716,4,108791,,,Oskars Vaskis,R,,LAT,19.5,108793,,,Goran Sterijovski,U,,MKD,18.6,3-6 6-2 6-2,3,RR,,,,,,,,,,,,,,,,,,,,,,1310,1
1999-D066,Davis Cup G2 PO: LAT vs MKD,Clay,4,D,19990716,5,108862,,,Kristian Mitrovski,U,,MKD,16.6,108599,,,Ivo Lagzdins,U,,LAT,18.8,6-2 7-5,3,RR,,,,,,,,,,,,,,,,,,,,,,,
1999-D081,Davis Cup G2 PO: SLO vs SEN,Clay,4,D,19990716,1,102959,,,Marko Tkalec,R,178,SLO,22.3,103101,,,Daouda Ndiaye,R,,SEN,21.5,6-4 6-1 6-4,5,RR,,,,,,,,,,,,,,,,,,,,600,32,,
1999-D081,Davis Cup G2 PO: SLO vs SEN,Clay,4,D,19990716,2,104051,,,Andrej Kracman,R,,SLO,16.8,108373,,,Thierno Ly,R,,SEN,35.9,6-1 6-1 5-7 6-3,5,RR,,,,,,,,,,,,,,,,,,,,929,8,,
1999-D081,Davis Cup G2 PO: SLO vs SEN,Clay,4,D,19990716,4,102959,,,Marko Tkalec,R,178,SLO,22.3,108373,,,Thierno Ly,R,,SEN,35.9,6-2 6-0,3,RR,,,,,,,,,,,,,,,,,,,,600,32,,
1999-D081,Davis Cup G2 PO: SLO vs SEN,Clay,4,D,19990716,5,104051,,,Andrej Kracman,R,,SLO,16.8,108887,,,Wael Zeidan,U,,SEN,17.8,6-2 6-3,3,RR,,,,,,,,,,,,,,,,,,,,929,8,,
1999-D052,Davis Cup G2 PO: TOG vs GRE,Hard,4,D,19990716,1,102469,,,Solon Peppas,R,,GRE,24.7,108757,,,Jean Kome Loglo,U,,TOG,24.0,5-7 6-3 7-6(5) 6-3,5,RR,,,,,,,,,,,,,,,,,,,,506,51,1310,1
1999-D052,Davis Cup G2 PO: TOG vs GRE,Hard,4,D,19990716,2,102335,,,Taso Vasiliadis,R,,GRE,25.3,108758,,,Kossi Loglo,U,,TOG,19.9,4-6 6-1 7-5 6-2,5,RR,,,,,,,,,,,,,,,,,,,,367,91,1310,1
1999-D052,Davis Cup G2 PO: TOG vs GRE,Hard,4,D,19990716,4,103077,,,Konstantinos Economidis,R,188,GRE,21.6,108757,,,Jean Kome Loglo,U,,TOG,24.0,6-2 6-1,3,RR,,,,,,,,,,,,,,,,,,,,564,37,1310,1
1999-D052,Davis Cup G2 PO: TOG vs GRE,Hard,4,D,19990716,5,108758,,,Kossi Loglo,U,,TOG,19.9,102469,,,Solon Peppas,R,,GRE,24.7,7-5 6-1,3,RR,,,,,,,,,,,,,,,,,,,,1310,1,506,51
1999-D083,Davis Cup G2 PO: TUR vs YUG,Hard,4,D,19990716,1,102811,,,Dusan Vemic,R,190,SRB,23.0,102918,,,Efe Ustundag,R,,TUR,22.4,6-3 6-7(3) 6-4 6-3,5,RR,,,,,,,,,,,,,,,,,,,,287,134,1088,4
1999-D083,Davis Cup G2 PO: TUR vs YUG,Hard,4,D,19990716,2,101939,,,Erhan Oral,R,,TUR,27.9,102204,,,Nebojsa Djordjevic,R,190,SRB,26.2,3-6 7-6(2) 6-4 6-2,5,RR,,,,,,,,,,,,,,,,,,,,560,39,,
1999-D083,Davis Cup G2 PO: TUR vs YUG,Hard,4,D,19990716,4,102811,,,Dusan Vemic,R,190,SRB,23.0,101939,,,Erhan Oral,R,,TUR,27.9,6-1 6-1 6-1,5,RR,,,,,,,,,,,,,,,,,,,,287,134,560,39
1999-D083,Davis Cup G2 PO: TUR vs YUG,Hard,4,D,19990716,5,102918,,,Efe Ustundag,R,,TUR,22.4,102204,,,Nebojsa Djordjevic,R,190,SRB,26.2,6-4 6-4 7-6(4),5,RR,,,,,,,,,,,,,,,,,,,,1088,4,,
1999-D030,Davis Cup G2 QF: CIV vs POL,Hard,4,D,19990716,1,102331,,,Ilou Lonfo,R,,CIV,25.4,102993,,,Michal Chmela,R,,POL,22.1,2-6 6-4 7-5 6-4,5,RR,,,,,,,,,,,,,,,,,,,,,,377,88
1999-D030,Davis Cup G2 QF: CIV vs POL,Hard,4,D,19990716,2,102632,,,Michal Gawlowski,R,,POL,23.9,103568,,,Valentin Sanon,R,,CIV,19.1,6-3 6-0 3-6 3-6 6-2,5,RR,,,,,,,,,,,,,,,,,,,,1245,2,747,16
1999-D030,Davis Cup G2 QF: CIV vs POL,Hard,4,D,19990716,4,102993,,,Michal Chmela,R,,POL,22.1,103568,,,Valentin Sanon,R,,CIV,19.1,6-4 6-4 6-7(4) 1-6 6-4,5,RR,,,,,,,,,,,,,,,,,,,,377,88,747,16
1999-D038,Davis Cup G2 QF: DEN vs IRL,Hard,4,D,19990716,1,102202,,,Kenneth Carlsen,L,190,DEN,26.2,101651,,,Owen Casey,R,,IRL,29.7,6-2 4-6 6-1 6-1,5,RR,,,,,,,,,,,,,,,,,,,,94,541,727,17
1999-D038,Davis Cup G2 QF: DEN vs IRL,Hard,4,D,19990716,2,103709,,,Kristian Pless,R,188,DEN,18.4,103197,,,John Doran,R,,IRL,21.1,6-3 6-4 6-4,5,RR,,,,,,,,,,,,,,,,,,,,569,37,716,18
1999-D038,Davis Cup G2 QF: DEN vs IRL,Hard,4,D,19990716,4,102202,,,Kenneth Carlsen,L,190,DEN,26.2,102444,,,Scott Barron,R,,IRL,24.8,6-2 7-5 7-5,5,RR,,,,,,,,,,,,,,,,,,,,94,541,1161,3
1999-D038,Davis Cup G2 QF: DEN vs IRL,Hard,4,D,19990716,5,101651,,,Owen Casey,R,,IRL,29.7,103709,,,Kristian Pless,R,188,DEN,18.4,1-6 6-3 6-4,3,RR,,,,,,,,,,,,,,,,,,,,727,17,569,37
1999-D021,Davis Cup G2 QF: HUN vs BUL,Clay,4,D,19990716,1,102737,,,Gergely Kisgyorgy,R,,HUN,23.3,101969,,,Orlin Stanoytchev,R,185,BUL,27.7,4-6 4-6 6-3 7-5 6-3,5,RR,,,,,,,,,,,,,,,,,,,,434,69,127,367
1999-D021,Davis Cup G2 QF: HUN vs BUL,Clay,4,D,19990716,2,101957,,,Milen Velev,R,,BUL,27.8,102722,,,Attila Savolt,R,183,HUN,23.4,1-6 7-6(2) 6-2 6-0,5,RR,,,,,,,,,,,,,,,,,,,,582,35,275,143
1999-D021,Davis Cup G2 QF: HUN vs BUL,Clay,4,D,19990716,4,102722,,,Attila Savolt,R,183,HUN,23.4,101969,,,Orlin Stanoytchev,R,185,BUL,27.7,6-4 6-1 6-4,5,RR,,,,,,,,,,,,,,,,,,,,275,143,127,367
1999-D021,Davis Cup G2 QF: HUN vs BUL,Clay,4,D,19990716,5,102737,,,Gergely Kisgyorgy,R,,HUN,23.3,103296,,,Ivaylo Traykov,R,188,BUL,20.5,6-2 6-7(4) 7-5,3,RR,,,,,,,,,,,,,,,,,,,,434,69,406,78
1999-D069,Davis Cup G2 QF: NOR vs MAR,Clay,4,D,19990716,1,102271,,,Hicham Arazi,L,175,MAR,25.7,102104,,,Christian Ruud,R,188,NOR,26.8,6-2 6-3 4-6 6-1,5,RR,,,,,,,,,,,,,,,,,,,,39,955,45,872
1999-D069,Davis Cup G2 QF: NOR vs MAR,Clay,4,D,19990716,2,101962,,,Younes El Aynaoui,R,193,MAR,27.8,102107,,,Jan Frode Andersen,L,190,NOR,26.8,6-3 6-2 6-4,5,RR,,,,,,,,,,,,,,,,,,,,29,1238,158,295
1999-D069,Davis Cup G2 QF: NOR vs MAR,Clay,4,D,19990716,4,101962,,,Younes El Aynaoui,R,193,MAR,27.8,102104,,,Christian Ruud,R,188,NOR,26.8,4-6 4-6 7-6(2) 6-2 6-1,5,RR,,,,,,,,,,,,,,,,,,,,29,1238,45,872
1999-D069,Davis Cup G2 QF: NOR vs MAR,Clay,4,D,19990716,5,102223,,,Karim Alami,R,185,MAR,26.1,102107,,,Jan Frode Andersen,L,190,NOR,26.8,6-2 6-4,3,RR,,,,,,,,,,,,,,,,,,,,72,654,158,295
1999-D035,Davis Cup G2 SF: CUB vs MEX,Hard,4,D,19990716,1,102320,,,Lazaro Navarro Batles,R,,CUB,25.4,102036,,,Marco Osorio,R,,MEX,27.2,7-6(4) 4-6 7-6(1) 3-6 7-5,5,RR,,,,,,,,,,,,,,,,,,,,,,533,44
1999-D035,Davis Cup G2 SF: CUB vs MEX,Hard,4,D,19990716,2,103060,,,Alejandro Hernandez,R,180,MEX,21.7,108801,,,Jorge Catala,U,,CUB,21.0,6-3 6-2 6-3,5,RR,,,,,,,,,,,,,,,,,,,,164,267,,
1999-D035,Davis Cup G2 SF: CUB vs MEX,Hard,4,D,19990716,4,102320,,,Lazaro Navarro Batles,R,,CUB,25.4,103060,,,Alejandro Hernandez,R,180,MEX,21.7,6-7(5) 7-6(4) 6-2 6-3,5,RR,,,,,,,,,,,,,,,,,,,,,,164,267
1999-D035,Davis Cup G2 SF: CUB vs MEX,Hard,4,D,19990716,5,102036,,,Marco Osorio,R,,MEX,27.2,108651,,,Sandor Martinez Breijo,R,,CUB,18.3,6-2 6-1 4-6 6-4,5,RR,,,,,,,,,,,,,,,,,,,,533,44,,
1999-D076,Davis Cup G2 SF: PER vs URU,Clay,4,D,19990716,1,101976,,,Federico Dondo,R,,URU,27.7,101574,,,Alejandro Aramburu,R,175,PER,30.4,6-2 6-3 6-2,5,RR,,,,,,,,,,,,,,,,,,,,283,138,466,59
1999-D076,Davis Cup G2 SF: PER vs URU,Clay,4,D,19990716,2,103632,,,Luis Horna,R,180,PER,18.8,102938,,,Alejandro Olivera,R,,URU,22.4,6-3 5-7 6-0 6-2,5,RR,,,,,,,,,,,,,,,,,,,,187,222,921,9
1999-D076,Davis Cup G2 SF: PER vs URU,Clay,4,D,19990716,4,103632,,,Luis Horna,R,180,PER,18.8,101976,,,Federico Dondo,R,,URU,27.7,6-3 6-3 4-6 6-7(6) 6-0,5,RR,,,,,,,,,,,,,,,,,,,,187,222,283,138
1999-D076,Davis Cup G2 SF: PER vs URU,Clay,4,D,19990716,5,103525,,,Ivan Miranda,R,175,PER,19.3,102938,,,Alejandro Olivera,R,,URU,22.4,6-3 7-5,3,RR,,,,,,,,,,,,,,,,,,,,1029,6,921,9
1999-D016,Davis Cup WG QF: BEL vs SUI,Clay,4,D,19990716,1,103598,,,Xavier Malisse,R,185,BEL,18.9,102455,,,Lorenzo Manta,R,190,SUI,24.8,6-4 6-0 7-6(1),5,RR,,,,,,,,,,,,,,,,,,,,111,449,115,419
1999-D016,Davis Cup WG QF: BEL vs SUI,Clay,4,D,19990716,2,102419,,,Christophe Van Garsse,R,185,BEL,25.0,103819,,,Roger Federer,R,185,SUI,17.9,7-6(4) 3-6 1-6 7-5 6-1,5,RR,,,,,,,,,,,,,,,,,,,,146,317,109,457
1999-D016,Davis Cup WG QF: BEL vs SUI,Clay,4,D,19990716,4,103598,,,Xavier Malisse,R,185,BEL,18.9,103819,,,Roger Federer,R,185,SUI,17.9,4-6 6-3 7-5 7-6(5),5,RR,,,,,,,,,,,,,,,,,,,,111,449,109,457
1999-D016,Davis Cup WG QF: BEL vs SUI,Clay,4,D,19990716,5,102567,,,George Bastl,R,183,SUI,24.2,102419,,,Christophe Van Garsse,R,185,BEL,25.0,7-6(4) 1-0 RET,5,RR,,,,,,,,,,,,,,,,,,,,182,232,146,317
1999-D020,Davis Cup WG QF: FRA vs BRA,Carpet,4,D,19990716,1,102856,,,Gustavo Kuerten,R,190,BRA,22.8,103206,,,Sebastien Grosjean,R,175,FRA,21.1,6-2 6-7(4) 7-6(5) 6-7(5) 9-7,5,RR,,,,,,,,,,,,,,,,,,,,5,2810,34,1124
1999-D020,Davis Cup WG QF: FRA vs BRA,Carpet,4,D,19990716,2,101611,,,Cedric Pioline,R,188,FRA,30.0,101897,,,Fernando Meligeni,L,180,BRA,28.2,6-3 6-3 6-3,5,RR,,,,,,,,,,,,,,,,,,,,25,1320,30,1213
1999-D020,Davis Cup WG QF: FRA vs BRA,Carpet,4,D,19990716,4,101611,,,Cedric Pioline,R,188,FRA,30.0,102856,,,Gustavo Kuerten,R,190,BRA,22.8,6-3 6-4 6-4,5,RR,,,,,,,,,,,,,,,,,,,,25,1320,5,2810
1999-D020,Davis Cup WG QF: FRA vs BRA,Carpet,4,D,19990716,5,101897,,,Fernando Meligeni,L,180,BRA,28.2,103206,,,Sebastien Grosjean,R,175,FRA,21.1,6-7(5) 6-4 6-2,3,RR,,,,,,,,,,,,,,,,,,,,30,1213,34,1124
1999-D080,Davis Cup WG QF: RUS vs SVK,Clay,4,D,19990716,1,103498,,,Marat Safin,R,193,RUS,19.4,102344,,,Karol Kucera,R,188,SVK,25.3,2-6 6-4 6-2 6-4,5,RR,,,,,,,,,,,,,,,,,,,,37,1056,13,2292
1999-D080,Davis Cup WG QF: RUS vs SVK,Clay,4,D,19990716,2,102338,,,Yevgeny Kafelnikov,R,190,RUS,25.3,103103,,,Dominik Hrbaty,R,183,SVK,21.5,2-6 6-2 6-7(3) 6-1 7-5,5,RR,,,,,,,,,,,,,,,,,,,,4,3212,19,1600
1999-D080,Davis Cup WG QF: RUS vs SVK,Clay,4,D,19990716,4,102344,,,Karol Kucera,R,188,SVK,25.3,102338,,,Yevgeny Kafelnikov,R,190,RUS,25.3,6-1 6-3 6-4,5,RR,,,,,,,,,,,,,,,,,,,,13,2292,4,3212
1999-D080,Davis Cup WG QF: RUS vs SVK,Clay,4,D,19990716,5,103498,,,Marat Safin,R,193,RUS,19.4,103103,,,Dominik Hrbaty,R,183,SVK,21.5,6-3 4-6 7-5 6-7(3) 6-4,5,RR,,,,,,,,,,,,,,,,,,,,37,1056,19,1600
1999-D007,Davis Cup WG QF: USA vs AUS,Hard,4,D,19990716,1,103720,,,Lleyton Hewitt,R,180,AUS,18.3,101774,,,Todd Martin,R,198,USA,29.0,6-4 6-7(1) 6-3 6-0,5,RR,,,,,,,,,,,,,,,,,,,,32,1149,8,2332
1999-D007,Davis Cup WG QF: USA vs AUS,Hard,4,D,19990716,2,102158,,,Patrick Rafter,R,185,AUS,26.5,101793,,,Jim Courier,R,185,USA,28.9,7-6(5) 6-4 6-4,5,RR,,,,,,,,,,,,,,,,,,,,2,3673,41,927
1999-D007,Davis Cup WG QF: USA vs AUS,Hard,4,D,19990716,4,102158,,,Patrick Rafter,R,185,AUS,26.5,101774,,,Todd Martin,R,198,USA,29.0,4-6 5-7 6-3 6-2 6-4,5,RR,,,,,,,,,,,,,,,,,,,,2,3673,8,2332
1999-D007,Davis Cup WG QF: USA vs AUS,Hard,4,D,19990716,5,103720,,,Lleyton Hewitt,R,180,AUS,18.3,101711,,,Alex Obrien,R,185,USA,29.3,7-5 6-4,3,RR,,,,,,,,,,,,,,,,,,,,32,1149,185,226
1999-321,Stuttgart Outdoor,Clay,48,A,19990719,1,102796,,,Magnus Norman,R,188,SWE,23.1,102644,,,Franco Squillari,L,183,ARG,23.9,6-4 6-0,3,R64,63,4,2,42,19,13,15,8,2,4,4,4,51,29,14,7,8,6,12,49,838,39,962
1999-321,Stuttgart Outdoor,Clay,48,A,19990719,2,101735,,,Richard Fromberg,R,196,AUS,29.2,102234,,WC,Oliver Gross,R,185,GER,26.0,6-3 7-6(3),3,R64,80,2,1,63,41,34,12,11,0,2,3,3,61,40,29,8,10,3,6,67,674,119,409
1999-321,Stuttgart Outdoor,Clay,48,A,19990719,3,102905,,,Stefan Koubek,L,175,AUT,22.5,102776,,,Andrew Ilie,R,180,AUS,23.2,7-5 6-3,3,R64,62,2,0,56,36,28,15,11,1,2,2,0,56,27,17,16,10,0,3,55,787,62,723
1999-321,Stuttgart Outdoor,Clay,48,A,19990719,4,101463,,WC,Bernd Karbacher,R,185,GER,31.2,101382,,Q,Marcelo Filippini,R,178,URU,31.9,3-6 6-2 6-0,3,R64,103,7,6,78,32,30,16,12,8,11,1,3,75,50,28,8,11,7,13,89,566,85,577
1999-321,Stuttgart Outdoor,Clay,48,A,19990719,5,102024,,Q,Hernan Gumy,R,188,ARG,27.3,103206,,,Sebastien Grosjean,R,175,FRA,21.1,6-2 6-1,3,R64,62,1,3,45,29,21,10,8,1,2,4,0,68,39,22,9,7,11,16,103,498,34,1124
1999-321,Stuttgart Outdoor,Clay,48,A,19990719,6,102533,,WC,Jens Knippschild,R,190,GER,24.4,102466,,,Jan Kroslak,R,188,SVK,24.7,6-4 6-3,3,R64,73,6,0,52,25,17,18,9,2,3,5,9,84,47,34,11,10,8,12,91,561,66,683
1999-321,Stuttgart Outdoor,Clay,48,A,19990719,7,103451,,WC,Bjorn Phau,R,175,GER,19.7,102437,,Q,Adrian Voinea,R,185,ROU,24.9,6-1 6-3,3,R64,59,0,3,48,24,16,12,8,0,2,5,3,53,27,18,4,8,6,12,446,67,115,430
1999-321,Stuttgart Outdoor,Clay,48,A,19990719,8,102562,,,Jiri Novak,R,190,CZE,24.3,102148,,,Fabrice Santoro,R,178,FRA,26.6,7-6(7) 6-1,3,R64,75,1,1,66,39,29,14,9,1,2,0,0,72,41,25,12,10,2,6,59,756,42,895
1999-321,Stuttgart Outdoor,Clay,48,A,19990719,9,102783,,,Rainer Schuettler,R,180,GER,23.2,103096,,,Arnaud Clement,R,173,FRA,21.5,6-3 6-4,3,R64,82,3,4,57,28,18,16,10,2,5,4,5,62,26,17,11,9,6,11,50,832,71,656
1999-321,Stuttgart Outdoor,Clay,48,A,19990719,10,102950,,,Fernando Vicente,R,180,ESP,22.3,103252,,,Alberto Martin,R,175,ESP,20.9,7-6(0) 6-3,3,R64,91,5,4,72,45,37,14,11,4,5,1,2,67,47,29,9,10,2,4,48,844,57,785
1999-321,Stuttgart Outdoor,Clay,48,A,19990719,11,102223,,,Karim Alami,R,185,MAR,26.1,102860,,Q,Agustin Calleri,R,183,ARG,22.8,6-4 4-6 7-6(1),3,R64,129,4,4,110,69,53,16,16,4,7,3,2,95,47,38,21,16,3,6,72,654,121,395
1999-321,Stuttgart Outdoor,Clay,48,A,19990719,12,101320,,,Magnus Gustafsson,R,185,SWE,32.5,102271,,,Hicham Arazi,L,175,MAR,25.7,6-2 2-6 6-3,3,R64,77,9,2,64,38,33,15,13,0,2,3,1,68,39,27,16,12,0,3,78,615,40,955
1999-321,Stuttgart Outdoor,Clay,48,A,19990719,13,103264,,,Mariano Puerta,L,180,ARG,20.8,103498,,,Marat Safin,R,193,RUS,19.4,6-3 6-4,3,R64,67,2,0,53,28,23,17,10,0,0,2,1,59,47,28,8,9,1,3,45,856,37,1056
1999-321,Stuttgart Outdoor,Clay,48,A,19990719,14,102104,,,Christian Ruud,R,188,NOR,26.8,102446,,,Andrei Medvedev,R,193,UKR,24.8,7-5 1-0 RET,3,R64,52,1,1,41,24,15,13,7,2,2,4,1,43,29,19,6,7,3,5,54,795,35,1060
1999-321,Stuttgart Outdoor,Clay,48,A,19990719,15,103292,,,Gaston Gaudio,R,175,ARG,20.6,103344,,Q,Ivan Ljubicic,R,193,CRO,20.3,7-6(5) 7-6(5),3,R64,126,3,1,91,59,37,20,12,6,9,14,4,92,51,35,18,12,6,9,65,695,138,341
1999-321,Stuttgart Outdoor,Clay,48,A,19990719,16,102539,,,Bohdan Ulihrach,R,188,CZE,24.3,101373,,Q,Karsten Braasch,L,180,GER,32.0,6-4 6-2,3,R64,71,2,3,57,33,26,10,9,3,5,5,5,63,29,19,12,9,10,15,38,996,200,203
1999-321,Stuttgart Outdoor,Clay,48,A,19990719,17,102796,,,Magnus Norman,R,188,SWE,23.1,102856,1,,Gustavo Kuerten,R,190,BRA,22.8,5-2 RET,3,R32,40,1,0,18,8,8,8,4,0,0,3,0,32,14,7,10,4,4,5,49,838,5,2810
1999-321,Stuttgart Outdoor,Clay,48,A,19990719,18,101735,,,Richard Fromberg,R,196,AUS,29.2,101962,15,,Younes El Aynaoui,R,193,MAR,27.8,7-6(4) 1-6 7-6(0),3,R32,127,10,3,102,65,49,17,16,5,10,12,3,105,65,45,23,15,9,11,67,674,30,1192
1999-321,Stuttgart Outdoor,Clay,48,A,19990719,19,102839,10,,Nicolas Lapentti,R,188,ECU,22.9,102905,,,Stefan Koubek,L,175,AUT,22.5,6-4 6-4,3,R32,83,3,2,63,43,29,11,10,5,7,1,6,75,42,27,11,10,8,12,22,1400,55,787
1999-321,Stuttgart Outdoor,Clay,48,A,19990719,20,103103,8,,Dominik Hrbaty,R,183,SVK,21.5,101463,,WC,Bernd Karbacher,R,185,GER,31.2,1-6 6-3 6-2,3,R32,105,10,7,83,46,32,16,12,6,10,8,2,94,55,35,15,12,6,11,19,1600,89,566
1999-321,Stuttgart Outdoor,Clay,48,A,19990719,21,102701,3,,Marcelo Rios,L,175,CHI,23.5,102024,,Q,Hernan Gumy,R,188,ARG,27.3,6-7(2) 7-6(6) 6-0,3,R32,142,5,5,101,59,38,24,15,4,7,1,8,101,57,36,20,15,4,10,11,2297,103,498
1999-321,Stuttgart Outdoor,Clay,48,A,19990719,22,102533,,WC,Jens Knippschild,R,190,GER,24.4,103151,14,,Mariano Zabaleta,R,183,ARG,21.3,7-6(4) 6-1,3,R32,92,7,2,64,24,22,19,10,2,3,2,6,63,30,21,15,9,6,9,91,561,27,1286
1999-321,Stuttgart Outdoor,Clay,48,A,19990719,23,101532,12,,Francisco Clavet,L,183,ESP,30.7,103451,,WC,Bjorn Phau,R,175,GER,19.7,6-4 6-0,3,R32,60,1,2,51,28,22,9,8,2,4,0,2,43,21,5,10,8,1,7,23,1357,446,67
1999-321,Stuttgart Outdoor,Clay,48,A,19990719,24,102562,,,Jiri Novak,R,190,CZE,24.3,102456,6,,Felix Mantilla,R,180,ESP,24.8,7-5 6-1,3,R32,59,11,0,47,26,24,16,10,0,0,1,1,50,25,16,11,9,1,4,59,756,15,1842
1999-321,Stuttgart Outdoor,Clay,48,A,19990719,25,102374,5,,Alex Corretja,R,180,ESP,25.2,102783,,,Rainer Schuettler,R,180,GER,23.2,6-2 6-2,3,R32,68,1,2,50,17,13,20,8,1,2,2,5,51,23,14,10,8,3,8,14,2183,50,832
1999-321,Stuttgart Outdoor,Clay,48,A,19990719,26,102610,11,,Albert Costa,R,180,ESP,24.0,102950,,,Fernando Vicente,R,180,ESP,22.3,6-4 7-6(3),3,R32,104,2,2,87,66,43,15,11,9,9,3,2,71,39,30,17,11,1,2,21,1410,48,844
1999-321,Stuttgart Outdoor,Clay,48,A,19990719,27,102434,13,,Vincent Spadea,R,183,USA,24.9,102223,,,Karim Alami,R,185,MAR,26.1,6-2 6-2,3,R32,64,0,0,49,30,21,11,8,0,1,0,2,53,31,13,11,8,5,10,26,1296,72,654
1999-321,Stuttgart Outdoor,Clay,48,A,19990719,28,102344,4,,Karol Kucera,R,188,SVK,25.3,101320,,,Magnus Gustafsson,R,185,SWE,32.5,6-2 6-2,3,R32,64,2,0,43,31,25,7,8,0,0,0,6,63,49,30,2,8,7,11,13,2292,78,615
1999-321,Stuttgart Outdoor,Clay,48,A,19990719,29,103163,7,,Tommy Haas,R,188,GER,21.2,103264,,,Mariano Puerta,L,180,ARG,20.8,W/O,3,R32,,,,,,,,,,,,,,,,,,,,16,1779,45,856
1999-321,Stuttgart Outdoor,Clay,48,A,19990719,30,102104,,,Christian Ruud,R,188,NOR,26.8,102563,9,,Thomas Johansson,R,180,SWE,24.3,6-2 6-1,3,R32,64,7,1,46,22,19,14,7,0,0,2,4,56,25,20,6,8,2,7,54,795,20,1437
1999-321,Stuttgart Outdoor,Clay,48,A,19990719,31,101897,16,,Fernando Meligeni,L,180,BRA,28.2,103292,,,Gaston Gaudio,R,175,ARG,20.6,7-6(3) 6-4,3,R32,108,6,3,70,39,27,15,11,5,8,1,4,97,57,29,23,11,7,11,29,1213,65,695
1999-321,Stuttgart Outdoor,Clay,48,A,19990719,32,102845,2,,Carlos Moya,R,190,ESP,22.8,102539,,,Bohdan Ulihrach,R,188,CZE,24.3,6-3 4-6 7-6(3),3,R32,113,11,3,92,51,42,22,15,3,5,5,5,107,66,48,19,16,5,8,9,2313,38,996
1999-321,Stuttgart Outdoor,Clay,48,A,19990719,33,102796,,,Magnus Norman,R,188,SWE,23.1,101735,,,Richard Fromberg,R,196,AUS,29.2,6-2 6-1,3,R16,64,0,0,38,17,12,18,7,1,1,4,2,71,46,26,7,8,9,14,49,838,67,674
1999-321,Stuttgart Outdoor,Clay,48,A,19990719,34,102839,10,,Nicolas Lapentti,R,188,ECU,22.9,103103,8,,Dominik Hrbaty,R,183,SVK,21.5,7-5 6-3,3,R16,86,6,0,59,35,29,12,10,6,8,4,4,70,33,18,18,11,5,10,22,1400,19,1600
1999-321,Stuttgart Outdoor,Clay,48,A,19990719,35,102701,3,,Marcelo Rios,L,175,CHI,23.5,102533,,WC,Jens Knippschild,R,190,GER,24.4,6-4 6-4,3,R16,81,3,0,68,37,27,13,10,2,5,3,4,76,31,24,14,10,7,12,11,2297,91,561
1999-321,Stuttgart Outdoor,Clay,48,A,19990719,36,102562,,,Jiri Novak,R,190,CZE,24.3,101532,12,,Francisco Clavet,L,183,ESP,30.7,2-6 6-3 6-2,3,R16,87,4,3,87,57,38,19,13,4,6,3,2,66,38,24,18,12,2,5,59,756,23,1357
1999-321,Stuttgart Outdoor,Clay,48,A,19990719,37,102374,5,,Alex Corretja,R,180,ESP,25.2,102610,11,,Albert Costa,R,180,ESP,24.0,2-6 6-4 6-1,3,R16,114,5,6,79,37,17,17,13,3,11,2,1,72,45,19,10,12,6,15,14,2183,21,1410
1999-321,Stuttgart Outdoor,Clay,48,A,19990719,38,102434,13,,Vincent Spadea,R,183,USA,24.9,102344,4,,Karol Kucera,R,188,SVK,25.3,6-3 3-6 7-6(1),3,R16,135,4,0,107,63,46,23,15,7,9,1,1,95,47,33,28,15,2,4,26,1296,13,2292
1999-321,Stuttgart Outdoor,Clay,48,A,19990719,39,103163,7,,Tommy Haas,R,188,GER,21.2,102104,,,Christian Ruud,R,188,NOR,26.8,7-5 6-3,3,R16,88,17,4,67,35,29,17,11,1,2,1,2,82,51,30,15,10,13,16,16,1779,54,795
1999-321,Stuttgart Outdoor,Clay,48,A,19990719,40,102845,2,,Carlos Moya,R,190,ESP,22.8,101897,16,,Fernando Meligeni,L,180,BRA,28.2,6-4 6-3,3,R16,58,3,3,48,27,21,12,9,2,4,2,1,52,30,20,9,10,3,8,9,2313,29,1213
1999-321,Stuttgart Outdoor,Clay,48,A,19990719,41,102796,,,Magnus Norman,R,188,SWE,23.1,102839,10,,Nicolas Lapentti,R,188,ECU,22.9,7-6(5) 4-6 6-2,3,QF,140,0,3,98,56,31,32,15,6,10,5,5,93,52,37,17,15,3,8,49,838,22,1400
1999-321,Stuttgart Outdoor,Clay,48,A,19990719,42,102562,,,Jiri Novak,R,190,CZE,24.3,102701,3,,Marcelo Rios,L,175,CHI,23.5,6-2 6-2,3,QF,53,0,0,46,23,15,11,8,2,4,1,3,49,21,10,11,8,4,10,59,756,11,2297
1999-321,Stuttgart Outdoor,Clay,48,A,19990719,43,102374,5,,Alex Corretja,R,180,ESP,25.2,102434,13,,Vincent Spadea,R,183,USA,24.9,1-6 6-3 6-2,3,QF,137,3,1,95,56,31,24,12,4,7,1,2,100,49,30,24,12,11,15,14,2183,26,1296
1999-321,Stuttgart Outdoor,Clay,48,A,19990719,44,103163,7,,Tommy Haas,R,188,GER,21.2,102845,2,,Carlos Moya,R,190,ESP,22.8,7-6(3) 6-2,3,QF,82,11,5,75,44,36,18,12,4,5,11,3,83,49,35,16,12,3,5,16,1779,9,2313
1999-321,Stuttgart Outdoor,Clay,48,A,19990719,45,102796,,,Magnus Norman,R,188,SWE,23.1,102562,,,Jiri Novak,R,190,CZE,24.3,6-1 6-2,3,SF,58,3,2,56,37,26,12,8,4,4,1,0,38,19,9,8,7,2,6,49,838,59,756
1999-321,Stuttgart Outdoor,Clay,48,A,19990719,46,103163,7,,Tommy Haas,R,188,GER,21.2,102374,5,,Alex Corretja,R,180,ESP,25.2,6-4 6-4,3,SF,90,0,2,61,28,20,21,10,1,2,1,1,71,37,23,18,10,2,5,16,1779,14,2183
1999-321,Stuttgart Outdoor,Clay,48,A,19990719,47,102796,,,Magnus Norman,R,188,SWE,23.1,103163,7,,Tommy Haas,R,188,GER,21.2,6-7(6) 4-6 7-6(7) 6-0 6-3,5,F,208,13,3,148,74,54,41,24,3,8,7,13,166,73,52,43,25,7,16,49,838,16,1779
1999-319,Kitzbuhel,Clay,48,A,19990726,1,101792,,,Slava Dosedel,R,183,CZE,28.9,102381,,WC,Werner Eschauer,R,188,AUT,25.2,6-4 7-5,3,R64,83,2,4,68,43,32,15,11,2,3,3,2,75,48,30,13,11,7,10,94,528,373,91
1999-319,Kitzbuhel,Clay,48,A,19990726,2,102687,,Q,Herbert Wiltschnig,R,185,AUT,23.6,102463,,,Lucas Arnold Ker,R,180,ARG,24.7,6-3 6-2,3,R64,70,0,3,42,32,21,4,8,0,2,2,6,70,46,23,8,9,7,13,328,113,176,244
1999-319,Kitzbuhel,Clay,48,A,19990726,3,101735,,,Richard Fromberg,R,196,AUS,29.2,101382,,,Marcelo Filippini,R,178,URU,31.9,6-4 6-2,3,R64,73,7,2,53,35,29,10,9,0,0,1,2,62,33,19,17,9,9,12,62,706,82,586
1999-319,Kitzbuhel,Clay,48,A,19990726,4,103031,,WC,Julian Alonso,R,185,ESP,21.9,103428,,,Juan Ignacio Chela,R,190,ARG,19.9,6-0 6-3,3,R64,52,0,7,52,25,17,16,8,2,3,1,4,45,20,9,11,7,5,10,167,259,124,378
1999-319,Kitzbuhel,Clay,48,A,19990726,5,103507,,,Juan Carlos Ferrero,R,183,ESP,19.4,101320,,,Magnus Gustafsson,R,185,SWE,32.5,6-1 6-2,3,R64,55,2,0,44,32,25,9,8,3,3,1,1,60,41,20,9,7,6,10,76,620,80,601
1999-319,Kitzbuhel,Clay,48,A,19990726,6,101772,,Q,Andrei Cherkasov,R,180,RUS,29.0,102577,,Q,Steven Randjelovic,R,,AUS,24.2,6-2 6-2,3,R64,79,0,0,51,39,26,8,8,1,2,0,2,58,30,18,9,8,4,9,158,285,406,80
1999-319,Kitzbuhel,Clay,48,A,19990726,7,102437,,,Adrian Voinea,R,185,ROU,24.9,102466,,,Jan Kroslak,R,188,SVK,24.7,6-1 7-6(3),3,R64,68,8,0,65,38,31,13,10,1,2,3,9,54,25,20,11,9,0,3,113,434,66,683
1999-319,Kitzbuhel,Clay,48,A,19990726,8,102306,,,Michael Kohlmann,R,188,GER,25.5,102723,,,Eduardo Medica,R,180,ARG,23.4,6-1 4-6 6-4,3,R64,130,8,1,96,57,36,23,14,5,9,0,5,92,45,24,22,13,4,10,119,404,141,329
1999-319,Kitzbuhel,Clay,48,A,19990726,9,103182,,,Markus Hipfl,R,178,AUT,21.2,101675,,,Martin Rodriguez,R,178,ARG,29.6,6-3 6-2,3,R64,68,3,0,48,36,31,8,9,4,4,2,9,58,19,13,20,8,3,6,72,632,74,627
1999-319,Kitzbuhel,Clay,48,A,19990726,10,102753,,WC,Wolfgang Schranz,R,178,AUT,23.3,102024,,,Hernan Gumy,R,188,ARG,27.3,6-4 4-6 7-5,3,R64,128,4,6,89,52,43,19,16,1,3,1,5,103,60,44,22,16,6,9,401,82,95,519
1999-319,Kitzbuhel,Clay,48,A,19990726,11,102247,,,Andrea Gaudenzi,R,183,ITA,25.9,102473,,WC,Thomas Schiessling,R,180,AUT,24.7,7-5 6-2,3,R64,107,0,1,75,58,33,11,10,6,8,1,3,69,29,18,18,10,5,10,75,624,278,143
1999-319,Kitzbuhel,Clay,48,A,19990726,12,101969,,,Orlin Stanoytchev,R,185,BUL,27.8,102231,,Q,Alex Calatrava,R,190,ESP,26.1,6-4 6-1,3,R64,74,2,5,53,25,21,15,8,3,4,4,3,62,33,20,10,9,3,8,127,368,179,240
1999-319,Kitzbuhel,Clay,48,A,19990726,13,102227,,,Sargis Sargsian,R,180,ARM,26.1,103292,,,Gaston Gaudio,R,175,ARG,20.6,7-5 6-1,3,R64,85,1,4,60,36,26,14,9,5,6,0,2,73,44,21,14,10,9,14,60,724,64,696
1999-319,Kitzbuhel,Clay,48,A,19990726,14,101463,,,Bernd Karbacher,R,185,GER,31.3,103598,,,Xavier Malisse,R,185,BEL,19.0,6-2 6-4,3,R64,71,2,3,59,31,23,17,9,4,5,2,1,49,19,13,15,9,2,6,86,576,109,449
1999-319,Kitzbuhel,Clay,48,A,19990726,15,102145,,Q,Francisco Cabello,R,190,ARG,26.6,102433,,,Mose Navarra,L,180,ITA,25.0,6-4 6-4,3,R64,62,3,1,49,26,22,19,10,1,1,2,2,63,38,25,15,10,4,6,255,161,129,360
1999-319,Kitzbuhel,Clay,48,A,19990726,16,101885,,Q,Wayne Arthurs,L,190,AUS,28.3,102869,,,Galo Blanco,R,173,ESP,22.7,7-6(6) 6-4,3,R64,85,17,0,68,42,34,18,11,2,2,1,3,63,27,21,25,11,1,2,96,512,98,498
1999-319,Kitzbuhel,Clay,48,A,19990726,17,102338,1,,Yevgeny Kafelnikov,R,190,RUS,25.4,101792,,,Slava Dosedel,R,183,CZE,28.9,7-6(3) 1-6 6-3,3,R32,109,4,10,88,41,27,21,14,4,10,9,2,101,60,38,18,14,10,15,4,3212,94,528
1999-319,Kitzbuhel,Clay,48,A,19990726,18,103252,16,,Alberto Martin,R,175,ESP,20.9,102687,,Q,Herbert Wiltschnig,R,185,AUT,23.6,6-2 6-2,3,R32,55,3,1,58,42,29,10,8,6,6,0,2,40,31,16,3,8,0,4,56,785,328,113
1999-319,Kitzbuhel,Clay,48,A,19990726,19,101735,,,Richard Fromberg,R,196,AUS,29.2,103498,10,,Marat Safin,R,193,RUS,19.4,6-3 6-2,3,R32,59,4,1,48,34,27,10,9,0,0,0,0,56,45,24,6,8,4,7,62,706,37,1056
1999-319,Kitzbuhel,Clay,48,A,19990726,20,103031,,WC,Julian Alonso,R,185,ESP,21.9,101962,8,,Younes El Aynaoui,R,193,MAR,27.8,6-2 1-6 7-5,3,R32,111,4,5,83,55,39,11,13,6,10,8,7,100,53,36,19,14,4,9,167,259,31,1192
1999-319,Kitzbuhel,Clay,48,A,19990726,21,103507,,,Juan Carlos Ferrero,R,183,ESP,19.4,103163,4,,Tommy Haas,R,188,GER,21.3,3-6 7-6(4) 6-3,3,R32,111,2,4,90,69,44,14,14,6,9,10,16,112,48,38,28,16,7,11,76,620,15,2005
1999-319,Kitzbuhel,Clay,48,A,19990726,22,101888,14,,Daniel Vacek,R,190,CZE,28.3,101772,,Q,Andrei Cherkasov,R,180,RUS,29.0,6-3 0-6 7-5,3,R32,133,4,6,99,54,31,19,14,12,19,4,3,85,48,26,19,13,7,13,52,818,158,285
1999-319,Kitzbuhel,Clay,48,A,19990726,23,102271,12,,Hicham Arazi,L,175,MAR,25.7,102437,,,Adrian Voinea,R,185,ROU,24.9,6-7(2) 7-6(5) 7-5,3,R32,149,4,0,123,71,48,29,18,7,11,4,6,119,62,42,29,18,2,7,39,955,113,434
1999-319,Kitzbuhel,Clay,48,A,19990726,24,102610,5,,Albert Costa,R,180,ESP,24.0,102306,,,Michael Kohlmann,R,188,GER,25.5,6-4 6-4,3,R32,81,9,3,62,35,26,13,10,1,3,5,4,70,35,24,13,10,4,8,22,1385,119,404
1999-319,Kitzbuhel,Clay,48,A,19990726,25,102839,6,,Nicolas Lapentti,R,188,ECU,22.9,103182,,,Markus Hipfl,R,178,AUT,21.2,6-3 6-0,3,R32,66,1,2,50,24,20,15,8,4,4,0,0,49,32,18,6,7,5,9,20,1466,72,632
1999-319,Kitzbuhel,Clay,48,A,19990726,26,102753,,WC,Wolfgang Schranz,R,178,AUT,23.3,102644,11,,Franco Squillari,L,183,ARG,23.9,7-6(4) 6-1,3,R32,81,1,5,87,49,34,18,10,6,8,1,4,53,31,19,9,9,1,5,401,82,40,949
1999-319,Kitzbuhel,Clay,48,A,19990726,27,102950,13,,Fernando Vicente,R,180,ESP,22.3,102247,,,Andrea Gaudenzi,R,183,ITA,25.9,6-2 6-3,3,R32,60,8,4,47,28,25,9,9,1,2,1,1,51,34,18,9,8,5,9,57,766,75,624
1999-319,Kitzbuhel,Clay,48,A,19990726,28,102374,3,,Alex Corretja,R,180,ESP,25.2,101969,,,Orlin Stanoytchev,R,185,BUL,27.8,6-3 6-4,3,R32,72,1,1,60,40,27,14,10,1,2,2,4,52,24,19,13,9,4,7,8,2345,127,368
1999-319,Kitzbuhel,Clay,48,A,19990726,29,101897,7,,Fernando Meligeni,L,180,BRA,28.2,102227,,,Sargis Sargsian,R,180,ARM,26.1,6-4 6-2,3,R32,80,3,1,55,31,24,18,9,2,2,1,4,70,42,25,14,9,7,10,29,1230,60,724
1999-319,Kitzbuhel,Clay,48,A,19990726,30,102446,9,,Andrei Medvedev,R,193,UKR,24.9,101463,,,Bernd Karbacher,R,185,GER,31.3,6-2 6-2,3,R32,68,1,6,57,16,12,26,8,2,2,4,4,53,29,19,8,8,1,5,35,1060,86,576
1999-319,Kitzbuhel,Clay,48,A,19990726,31,102905,15,,Stefan Koubek,L,175,AUT,22.5,102145,,Q,Francisco Cabello,R,190,ARG,26.6,7-6(4) 6-3,3,R32,87,1,4,64,42,32,12,10,4,6,0,0,79,42,24,20,11,7,11,54,796,255,161
1999-319,Kitzbuhel,Clay,48,A,19990726,32,102344,2,,Karol Kucera,R,188,SVK,25.3,101885,,Q,Wayne Arthurs,L,190,AUS,28.3,6-3 6-4,3,R32,72,3,1,47,40,32,5,9,0,0,6,4,69,37,23,16,10,1,4,14,2071,96,512
1999-319,Kitzbuhel,Clay,48,A,19990726,33,102338,1,,Yevgeny Kafelnikov,R,190,RUS,25.4,103252,16,,Alberto Martin,R,175,ESP,20.9,1-6 6-4 6-3,3,R16,99,2,11,82,39,24,15,13,8,15,1,7,97,62,32,15,13,11,18,4,3212,56,785
1999-319,Kitzbuhel,Clay,48,A,19990726,34,101735,,,Richard Fromberg,R,196,AUS,29.2,103031,,WC,Julian Alonso,R,185,ESP,21.9,5-7 6-3 7-5,3,R16,142,4,5,113,67,44,22,17,12,17,3,8,108,68,44,17,16,9,15,62,706,167,259
1999-319,Kitzbuhel,Clay,48,A,19990726,35,103507,,,Juan Carlos Ferrero,R,183,ESP,19.4,101888,14,,Daniel Vacek,R,190,CZE,28.3,7-6(1) 6-0,3,R16,71,3,2,50,35,29,9,9,0,1,4,2,72,51,32,5,9,8,12,76,620,52,818
1999-319,Kitzbuhel,Clay,48,A,19990726,36,102610,5,,Albert Costa,R,180,ESP,24.0,102271,12,,Hicham Arazi,L,175,MAR,25.7,6-2 6-4,3,R16,72,2,1,54,30,24,12,9,3,4,2,2,56,29,20,10,9,6,10,22,1385,39,955
1999-319,Kitzbuhel,Clay,48,A,19990726,37,102839,6,,Nicolas Lapentti,R,188,ECU,22.9,102753,,WC,Wolfgang Schranz,R,178,AUT,23.3,6-4 6-3,3,R16,70,4,3,57,42,30,6,10,4,7,0,5,66,43,26,6,9,9,14,20,1466,401,82
1999-319,Kitzbuhel,Clay,48,A,19990726,38,102950,13,,Fernando Vicente,R,180,ESP,22.3,102374,3,,Alex Corretja,R,180,ESP,25.2,6-4 6-4,3,R16,96,0,3,70,36,23,21,10,4,5,1,1,67,50,28,11,10,6,9,57,766,8,2345
1999-319,Kitzbuhel,Clay,48,A,19990726,39,101897,7,,Fernando Meligeni,L,180,BRA,28.2,102446,9,,Andrei Medvedev,R,193,UKR,24.9,6-1 6-3,3,R16,56,3,0,46,24,21,11,8,1,2,2,1,47,21,13,7,8,2,7,29,1230,35,1060
1999-319,Kitzbuhel,Clay,48,A,19990726,40,102905,15,,Stefan Koubek,L,175,AUT,22.5,102344,2,,Karol Kucera,R,188,SVK,25.3,7-6(3) 6-4,3,R16,106,1,1,73,30,22,22,11,3,6,3,8,74,45,30,12,11,4,8,54,796,14,2071
1999-319,Kitzbuhel,Clay,48,A,19990726,41,102338,1,,Yevgeny Kafelnikov,R,190,RUS,25.4,101735,,,Richard Fromberg,R,196,AUS,29.2,6-3 6-7(6) 6-3,3,QF,137,3,3,114,68,46,26,16,7,10,15,5,101,51,39,19,14,8,13,4,3212,62,706
1999-319,Kitzbuhel,Clay,48,A,19990726,42,102610,5,,Albert Costa,R,180,ESP,24.0,103507,,,Juan Carlos Ferrero,R,183,ESP,19.4,3-6 6-2 6-3,3,QF,98,2,1,71,38,28,19,13,0,3,1,3,79,60,36,7,13,2,7,22,1385,76,620
1999-319,Kitzbuhel,Clay,48,A,19990726,43,102950,13,,Fernando Vicente,R,180,ESP,22.3,102839,6,,Nicolas Lapentti,R,188,ECU,22.9,6-7(4) 6-1 6-3,3,QF,123,3,8,90,58,44,15,14,5,7,3,0,100,67,36,14,14,6,12,57,766,20,1466
1999-319,Kitzbuhel,Clay,48,A,19990726,44,102905,15,,Stefan Koubek,L,175,AUT,22.5,101897,7,,Fernando Meligeni,L,180,BRA,28.2,6-2 6-3,3,QF,70,1,1,49,30,19,13,8,6,7,2,5,61,29,18,12,9,4,9,54,796,29,1230
1999-319,Kitzbuhel,Clay,48,A,19990726,45,102610,5,,Albert Costa,R,180,ESP,24.0,102338,1,,Yevgeny Kafelnikov,R,190,RUS,25.4,7-6(5) 6-2,3,SF,80,5,2,68,41,31,15,10,2,3,1,6,73,47,31,12,10,4,7,22,1385,4,3212
1999-319,Kitzbuhel,Clay,48,A,19990726,46,102950,13,,Fernando Vicente,R,180,ESP,22.3,102905,15,,Stefan Koubek,L,175,AUT,22.5,6-4 6-4,3,SF,83,0,5,68,43,32,14,10,3,3,2,2,71,46,30,15,10,5,7,57,766,54,796
1999-319,Kitzbuhel,Clay,48,A,19990726,47,102610,5,,Albert Costa,R,180,ESP,24.0,102950,13,,Fernando Vicente,R,180,ESP,22.3,7-5 6-2 6-7(5) 7-6(4),5,F,196,6,6,154,92,68,31,22,7,10,8,2,149,95,61,29,22,6,12,22,1385,57,766
1999-423,Los Angeles,Hard,32,A,19990726,1,101736,1,,Andre Agassi,R,180,USA,29.2,102998,,,Jan Michael Gambill,R,190,USA,22.1,6-2 6-2,3,R32,71,5,0,41,25,18,12,8,0,1,6,2,68,34,21,10,8,5,10,3,3467,48,853
1999-423,Los Angeles,Hard,32,A,19990726,2,102558,,Q,Eric Taino,L,175,PHI,24.3,102233,,,Leander Paes,R,178,IND,26.1,7-6(4) 6-1,3,R32,82,2,1,63,35,27,20,10,0,0,6,4,64,35,28,11,9,5,7,644,25,128,364
1999-423,Los Angeles,Hard,32,A,19990726,3,102809,,,Axel Pretzsch,R,185,GER,23.1,102110,,,Daniel Nestor,L,190,CAN,26.8,7-6(5) 6-3,3,R32,76,5,7,73,41,31,16,11,6,8,5,6,65,38,27,10,10,5,8,125,377,65,686
1999-423,Los Angeles,Hard,32,A,19990726,4,103720,7,,Lleyton Hewitt,R,180,AUS,18.4,101711,,WC,Alex Obrien,R,185,USA,29.3,6-3 6-2,3,R32,76,6,2,48,23,20,13,9,0,1,1,2,64,42,28,5,8,8,12,33,1149,156,289
1999-423,Los Angeles,Hard,32,A,19990726,5,101723,,Q,Magnus Larsson,R,193,SWE,29.3,103387,,LL,Paradorn Srichaphan,R,185,THA,20.1,6-2 6-1,3,R32,52,2,2,42,25,20,11,7,1,1,0,3,45,24,14,6,8,3,8,63,702,204,202
1999-423,Los Angeles,Hard,32,A,19990726,6,102179,,,Antony Dupuis,R,185,FRA,26.4,102035,,,Jonas Bjorkman,R,183,SWE,27.3,6-4 6-4,3,R32,72,8,4,60,37,28,15,10,1,1,3,5,56,34,27,11,10,1,3,133,350,36,1057
1999-423,Los Angeles,Hard,32,A,19990726,7,102776,,,Andrew Ilie,R,180,AUS,23.2,101647,,,Byron Black,R,175,ZIM,29.8,6-4 7-6(8),3,R32,97,5,2,72,33,27,21,11,1,3,5,3,81,43,27,19,11,8,11,61,723,55,792
1999-423,Los Angeles,Hard,32,A,19990726,8,101964,6,,Goran Ivanisevic,L,193,CRO,27.8,103018,,,Max Mirnyi,R,196,BLR,22.0,6-3 6-3,3,R32,56,5,3,46,22,20,17,9,1,1,6,4,58,34,24,9,9,2,5,28,1269,120,402
1999-423,Los Angeles,Hard,32,A,19990726,9,102358,5,,Thomas Enqvist,R,190,SWE,25.3,101185,,,Mark Woodforde,L,188,AUS,33.8,6-3 6-4,3,R32,66,10,4,60,30,27,14,10,3,4,8,1,51,38,26,5,9,1,4,18,1607,78,617
1999-423,Los Angeles,Hard,32,A,19990726,10,102872,,Q,James Sekulov,R,180,AUS,22.7,210013,,,Martin Damm Sr,R,188,CZE,26.9,7-5 4-6 7-5,3,R32,142,3,8,117,64,45,25,17,12,16,10,5,117,61,48,20,17,11,16,236,174,,
1999-423,Los Angeles,Hard,32,A,19990726,11,102021,,,Michael Chang,R,175,USA,27.4,102286,,,Wayne Black,R,170,ZIM,25.6,6-3 6-1,3,R32,68,4,2,52,24,16,15,8,1,3,2,0,45,24,10,6,8,0,6,70,660,103,465
1999-423,Los Angeles,Hard,32,A,19990726,12,101703,,,Guillaume Raoux,R,180,FRA,29.4,102450,3,,Tim Henman,R,185,GBR,24.8,6-4 7-6(4),3,R32,82,2,0,66,30,22,27,11,2,3,4,5,57,30,25,11,10,0,2,73,630,5,2690
1999-423,Los Angeles,Hard,32,A,19990726,13,101965,8,,Wayne Ferreira,R,185,RSA,27.8,101688,,,Geoff Grant,R,183,USA,29.5,6-4 7-6(2),3,R32,81,8,3,64,37,29,15,11,0,2,4,6,71,44,30,9,11,6,9,38,1053,136,344
1999-423,Los Angeles,Hard,32,A,19990726,14,102925,,,Justin Gimelstob,R,196,USA,22.4,103758,,WC,Taylor Dent,R,188,USA,18.2,6-2 6-2,3,R32,46,3,1,37,24,22,10,8,0,0,1,3,50,27,14,13,8,0,4,85,577,260,153
1999-423,Los Angeles,Hard,32,A,19990726,15,102205,,,Sebastien Lareau,R,183,CAN,26.2,101609,,Q,David Wheaton,R,193,USA,30.1,6-4 6-2,3,R32,77,4,1,57,33,23,15,9,2,3,7,8,60,34,26,8,9,5,9,116,409,345,105
1999-423,Los Angeles,Hard,32,A,19990726,16,101948,2,,Pete Sampras,R,185,USA,27.9,103894,,WC,Phillip King,R,175,USA,17.5,6-1 6-2,3,R32,54,6,3,45,25,22,13,8,2,2,0,1,42,20,9,10,7,3,7,2,3594,708,20
1999-423,Los Angeles,Hard,32,A,19990726,17,101736,1,,Andre Agassi,R,180,USA,29.2,102558,,Q,Eric Taino,L,175,PHI,24.3,6-2 6-3,3,R16,62,8,0,44,28,26,11,9,0,0,2,3,58,36,18,13,8,4,7,3,3467,644,25
1999-423,Los Angeles,Hard,32,A,19990726,18,103720,7,,Lleyton Hewitt,R,180,AUS,18.4,102809,,,Axel Pretzsch,R,185,GER,23.1,6-3 6-1,3,R16,57,7,1,50,28,19,15,8,2,3,2,3,41,20,12,6,8,2,7,33,1149,125,377
1999-423,Los Angeles,Hard,32,A,19990726,19,102179,,,Antony Dupuis,R,185,FRA,26.4,101723,,Q,Magnus Larsson,R,193,SWE,29.3,W/O,3,R16,,,,,,,,,,,,,,,,,,,,133,350,63,702
1999-423,Los Angeles,Hard,32,A,19990726,20,102776,,,Andrew Ilie,R,180,AUS,23.2,101964,6,,Goran Ivanisevic,L,193,CRO,27.8,6-4 6-4,3,R16,58,3,1,50,29,25,16,10,0,0,10,3,55,34,27,10,10,2,4,61,723,28,1269
1999-423,Los Angeles,Hard,32,A,19990726,21,102872,,Q,James Sekulov,R,180,AUS,22.7,102358,5,,Thomas Enqvist,R,190,SWE,25.3,6-7(1) 6-4 6-3,3,R16,134,4,4,104,61,42,25,16,7,10,6,10,112,52,32,31,15,2,7,236,174,18,1607
1999-423,Los Angeles,Hard,32,A,19990726,22,102021,,,Michael Chang,R,175,USA,27.4,101703,,,Guillaume Raoux,R,180,FRA,29.4,6-4 6-2,3,R16,86,5,3,51,25,23,15,9,2,2,8,6,77,37,26,16,9,7,10,70,660,73,630
1999-423,Los Angeles,Hard,32,A,19990726,23,101965,8,,Wayne Ferreira,R,185,RSA,27.8,102925,,,Justin Gimelstob,R,196,USA,22.4,5-7 7-5 6-2,3,R16,132,7,2,93,44,30,28,16,1,5,7,2,113,74,46,17,16,7,13,38,1053,85,577
1999-423,Los Angeles,Hard,32,A,19990726,24,101948,2,,Pete Sampras,R,185,USA,27.9,102205,,,Sebastien Lareau,R,183,CAN,26.2,7-6(5) 6-3,3,R16,84,10,2,67,45,32,14,10,3,5,5,2,83,59,34,12,11,6,10,2,3594,116,409
1999-423,Los Angeles,Hard,32,A,19990726,25,101736,1,,Andre Agassi,R,180,USA,29.2,103720,7,,Lleyton Hewitt,R,180,AUS,18.4,5-4 RET,3,QF,51,1,1,33,22,17,3,5,6,7,0,0,26,13,8,7,5,0,2,3,3467,33,1149
1999-423,Los Angeles,Hard,32,A,19990726,26,102776,,,Andrew Ilie,R,180,AUS,23.2,102179,,,Antony Dupuis,R,185,FRA,26.4,6-7(6) 6-4 6-4,3,QF,124,9,4,98,60,45,18,16,5,8,13,1,104,75,46,15,16,9,14,61,723,133,350
1999-423,Los Angeles,Hard,32,A,19990726,27,102872,,Q,James Sekulov,R,180,AUS,22.7,102021,,,Michael Chang,R,175,USA,27.4,2-6 6-2 6-2,3,QF,110,3,3,82,44,27,21,12,2,6,1,2,71,35,20,16,12,4,10,236,174,70,660
1999-423,Los Angeles,Hard,32,A,19990726,28,101948,2,,Pete Sampras,R,185,USA,27.9,101965,8,,Wayne Ferreira,R,185,RSA,27.8,4-6 6-3 6-3,3,QF,102,9,3,82,48,38,18,14,1,3,8,1,90,59,41,11,14,6,10,2,3594,38,1053
1999-423,Los Angeles,Hard,32,A,19990726,29,101736,1,,Andre Agassi,R,180,USA,29.2,102776,,,Andrew Ilie,R,180,AUS,23.2,6-4 6-2,3,SF,67,4,2,59,42,31,11,9,1,1,3,4,60,32,19,14,9,3,6,3,3467,61,723
1999-423,Los Angeles,Hard,32,A,19990726,30,101948,2,,Pete Sampras,R,185,USA,27.9,102872,,Q,James Sekulov,R,180,AUS,22.7,6-0 6-2,3,SF,55,4,3,43,23,19,12,7,3,3,1,2,47,31,14,6,7,2,7,2,3594,236,174
1999-423,Los Angeles,Hard,32,A,19990726,31,101948,2,,Pete Sampras,R,185,USA,27.9,101736,1,,Andre Agassi,R,180,USA,29.2,7-6(3) 7-6(1),3,F,95,11,3,90,55,45,19,12,5,6,10,1,70,55,40,12,12,1,2,2,3594,3,3467
1999-439,Umag,Clay,32,A,19990726,1,102845,1,,Carlos Moya,R,190,ESP,22.9,102106,,,Davide Sanguinetti,R,188,ITA,26.9,6-4 1-6 7-5,3,R32,119,2,1,84,42,30,16,15,3,8,4,1,94,50,34,19,14,4,8,12,2259,107,456
1999-439,Umag,Clay,32,A,19990726,2,102395,,,Ville Liukko,R,173,FIN,25.1,103485,,Q,Ivan Beros,R,,CRO,19.5,6-3 2-6 6-2,3,R32,99,3,4,65,37,25,12,12,2,7,3,0,97,66,38,10,13,4,11,126,372,424,74
1999-439,Umag,Clay,32,A,19990726,3,103084,,,Guillermo Canas,R,185,ARG,21.6,102223,,,Karim Alami,R,185,MAR,26.1,6-1 7-6(3),3,R32,83,0,3,65,45,31,14,10,3,4,1,3,55,24,13,17,9,4,7,69,663,67,670
1999-439,Umag,Clay,32,A,19990726,4,102796,8,,Magnus Norman,R,188,SWE,23.1,102153,,,German Puentes,R,173,ESP,26.6,6-3 6-1,3,R32,58,5,0,47,31,24,9,8,1,2,0,1,54,36,19,6,8,4,9,30,1212,104,461
1999-439,Umag,Clay,32,A,19990726,5,103103,3,,Dominik Hrbaty,R,183,SVK,21.5,103735,,WC,Lovro Zovko,R,190,CRO,18.3,7-5 7-5,3,R32,81,2,7,70,38,25,17,12,6,10,7,4,72,41,23,13,12,5,11,19,1579,584,34
1999-439,Umag,Clay,32,A,19990726,6,102783,,,Rainer Schuettler,R,180,GER,23.2,101843,,WC,Sergi Bruguera,R,188,ESP,28.5,7-6(4) 6-0,3,R32,74,1,1,59,42,30,7,9,4,6,1,2,63,33,19,13,9,3,8,51,834,311,122
1999-439,Umag,Clay,32,A,19990726,7,102104,,,Christian Ruud,R,188,NOR,26.9,103324,,,Arnaud Di Pasquale,R,185,FRA,20.4,6-2 6-1,3,R32,71,2,2,47,31,20,8,7,3,5,1,2,63,31,13,10,8,7,14,49,844,58,765
1999-439,Umag,Clay,32,A,19990726,8,103344,,WC,Ivan Ljubicic,R,193,CRO,20.3,103151,5,,Mariano Zabaleta,R,183,ARG,21.4,7-6(4) 7-5,3,R32,109,3,0,80,39,27,25,12,4,6,2,6,72,42,31,15,12,1,4,134,348,27,1286
1999-439,Umag,Clay,32,A,19990726,9,102548,,,Juan Antonio Marin,R,175,CRC,24.3,102539,6,,Bohdan Ulihrach,R,188,CZE,24.4,3-6 6-4 6-2,3,R32,104,2,2,84,46,30,25,14,8,11,1,8,97,56,35,18,13,10,14,68,663,42,897
1999-439,Umag,Clay,32,A,19990726,10,101543,,,Jeff Tarango,L,180,USA,30.6,102720,,,Tomas Zib,R,178,CZE,23.4,3-6 6-4 6-0,3,R32,106,8,2,66,39,22,15,12,1,5,4,1,99,68,35,15,13,13,20,79,603,110,445
1999-439,Umag,Clay,32,A,19990726,11,102650,,Q,Roberto Carretero,R,178,ESP,23.9,102501,,Q,Johan Landsberg,R,183,SWE,24.5,6-2 6-3,3,R32,62,1,6,47,27,17,9,8,1,4,1,1,43,34,14,1,9,0,7,325,115,617,30
1999-439,Umag,Clay,32,A,19990726,12,101532,4,,Francisco Clavet,L,183,ESP,30.7,102234,,,Oliver Gross,R,185,GER,26.1,7-6(1) 6-2,3,R32,86,2,0,62,38,27,15,10,6,8,2,5,81,43,25,16,10,4,8,23,1357,117,409
1999-439,Umag,Clay,32,A,19990726,13,102860,,,Agustin Calleri,R,183,ARG,22.8,103264,7,,Mariano Puerta,L,180,ARG,20.8,6-7(6) 6-2 6-3,3,R32,129,11,0,113,47,35,38,15,8,10,4,2,85,48,30,20,14,2,7,140,334,47,866
1999-439,Umag,Clay,32,A,19990726,14,102436,,Q,Borut Urh,R,190,SLO,24.9,101947,,,Vincenzo Santopadre,L,183,ITA,27.9,7-5 3-6 7-6(2),3,R32,144,0,4,102,69,42,18,16,3,10,8,2,119,56,36,29,17,10,17,382,89,121,396
1999-439,Umag,Clay,32,A,19990726,15,102287,,,Albert Portas,R,188,ESP,25.6,102238,,,Alberto Berasategui,R,173,ESP,26.0,6-4 6-0,3,R32,57,1,0,52,40,25,6,8,3,5,0,3,54,41,20,1,8,7,13,87,568,88,568
1999-439,Umag,Clay,32,A,19990726,16,102456,2,,Felix Mantilla,R,180,ESP,24.8,102831,,,Jacobo Diaz,R,173,ESP,23.0,4-6 6-1 6-0,3,R32,117,6,2,85,49,34,14,11,6,9,3,6,82,42,22,15,12,5,13,16,1841,105,461
1999-439,Umag,Clay,32,A,19990726,17,102845,1,,Carlos Moya,R,190,ESP,22.9,102395,,,Ville Liukko,R,173,FIN,25.1,6-4 6-4,3,R16,80,7,3,79,46,34,16,10,11,12,2,2,67,36,21,19,10,5,8,12,2259,126,372
1999-439,Umag,Clay,32,A,19990726,18,102796,8,,Magnus Norman,R,188,SWE,23.1,103084,,,Guillermo Canas,R,185,ARG,21.6,6-4 6-3,3,R16,69,3,0,47,36,30,6,9,0,0,1,2,60,40,25,12,10,3,6,30,1212,69,663
1999-439,Umag,Clay,32,A,19990726,19,103103,3,,Dominik Hrbaty,R,183,SVK,21.5,102783,,,Rainer Schuettler,R,180,GER,23.2,6-4 6-3,3,R16,71,5,4,79,41,27,21,10,7,9,1,4,51,30,18,7,9,2,6,19,1579,51,834
1999-439,Umag,Clay,32,A,19990726,20,103344,,WC,Ivan Ljubicic,R,193,CRO,20.3,102104,,,Christian Ruud,R,188,NOR,26.9,6-3 3-6 7-5,3,R16,129,4,0,89,60,43,12,15,7,11,2,1,98,53,35,21,15,2,7,134,348,49,844
1999-439,Umag,Clay,32,A,19990726,21,101543,,,Jeff Tarango,L,180,USA,30.6,102548,,,Juan Antonio Marin,R,175,CRC,24.3,7-6(3) 6-3,3,R16,88,3,2,68,53,34,4,11,1,5,5,5,76,47,25,11,10,5,10,79,603,68,663
1999-439,Umag,Clay,32,A,19990726,22,101532,4,,Francisco Clavet,L,183,ESP,30.7,102650,,Q,Roberto Carretero,R,178,ESP,23.9,6-4 7-6(6),3,R16,93,8,3,69,43,34,14,11,2,3,4,4,81,37,25,25,11,2,4,23,1357,325,115
1999-439,Umag,Clay,32,A,19990726,23,102860,,,Agustin Calleri,R,183,ARG,22.8,102436,,Q,Borut Urh,R,190,SLO,24.9,6-0 6-1,3,R16,44,6,1,33,18,17,8,6,0,0,0,5,44,30,12,2,7,7,13,140,334,382,89
1999-439,Umag,Clay,32,A,19990726,24,102287,,,Albert Portas,R,188,ESP,25.6,102456,2,,Felix Mantilla,R,180,ESP,24.8,6-4 6-4,3,R16,91,6,1,65,35,25,14,10,2,5,5,1,72,36,22,14,10,7,12,87,568,16,1841
1999-439,Umag,Clay,32,A,19990726,25,102796,8,,Magnus Norman,R,188,SWE,23.1,102845,1,,Carlos Moya,R,190,ESP,22.9,6-2 7-6(8),3,QF,92,4,4,74,48,37,12,10,4,5,1,1,65,34,24,14,10,2,5,30,1212,12,2259
1999-439,Umag,Clay,32,A,19990726,26,103344,,WC,Ivan Ljubicic,R,193,CRO,20.3,103103,3,,Dominik Hrbaty,R,183,SVK,21.5,6-0 6-7(4) 6-4,3,QF,118,12,4,111,65,54,17,14,9,9,1,2,81,51,34,16,14,3,7,134,348,19,1579
1999-439,Umag,Clay,32,A,19990726,27,101543,,,Jeff Tarango,L,180,USA,30.6,101532,4,,Francisco Clavet,L,183,ESP,30.7,7-5 5-7 6-2,3,QF,140,2,5,126,81,52,18,16,15,20,2,4,93,56,31,16,16,8,15,79,603,23,1357
1999-439,Umag,Clay,32,A,19990726,28,102287,,,Albert Portas,R,188,ESP,25.6,102860,,,Agustin Calleri,R,183,ARG,22.8,7-5 2-6 6-4,3,QF,113,3,4,89,47,36,21,15,7,11,15,1,103,49,40,23,15,9,13,87,568,140,334
1999-439,Umag,Clay,32,A,19990726,29,102796,8,,Magnus Norman,R,188,SWE,23.1,103344,,WC,Ivan Ljubicic,R,193,CRO,20.3,6-0 6-2,3,SF,54,4,0,38,23,20,9,7,2,2,0,1,46,24,10,9,7,7,12,30,1212,134,348
1999-439,Umag,Clay,32,A,19990726,30,101543,,,Jeff Tarango,L,180,USA,30.6,102287,,,Albert Portas,R,188,ESP,25.6,7-6(8) 6-0,3,SF,84,2,2,77,46,30,13,9,8,12,6,5,73,40,18,12,9,5,12,79,603,87,568
1999-439,Umag,Clay,32,A,19990726,31,102796,8,,Magnus Norman,R,188,SWE,23.1,101543,,,Jeff Tarango,L,180,USA,30.6,6-2 6-4,3,F,83,6,5,68,48,35,6,9,7,9,2,1,53,30,15,10,9,4,9,30,1212,79,603
1999-317,Amsterdam,Clay,32,A,19990802,1,103324,,,Arnaud Di Pasquale,R,185,FRA,20.4,103103,1,,Dominik Hrbaty,R,183,SVK,21.5,6-2 6-3,3,R32,67,1,2,62,40,29,8,9,3,5,1,3,52,26,16,7,8,3,8,57,765,19,1591
1999-317,Amsterdam,Clay,32,A,19990802,2,102318,,,Andrei Pavel,R,183,ROU,25.5,103714,,Q,Andreas Vinciguerra,L,180,SWE,18.4,6-1 7-6(5),3,R32,71,1,2,61,47,31,8,9,3,5,6,4,67,36,22,15,10,7,12,44,891,208,200
1999-317,Amsterdam,Clay,32,A,19990802,3,103292,,,Gaston Gaudio,R,175,ARG,20.6,102227,,,Sargis Sargsian,R,180,ARM,26.1,4-6 6-2 6-2,3,R32,,,,,,,,,,,,,,,,,,,,65,696,63,709
1999-317,Amsterdam,Clay,32,A,19990802,4,103498,8,,Marat Safin,R,193,RUS,19.5,102770,,,John Van Lottum,R,185,NED,23.3,2-6 6-3 7-5,3,R32,105,6,4,89,37,27,28,15,1,5,2,4,75,40,30,14,14,2,6,38,1056,94,511
1999-317,Amsterdam,Clay,32,A,19990802,5,101897,4,,Fernando Meligeni,L,180,BRA,28.3,102238,,WC,Alberto Berasategui,R,173,ESP,26.0,6-3 7-6(1),3,R32,95,5,4,70,43,33,15,11,3,5,0,9,91,71,44,5,10,10,13,30,1258,83,568
1999-317,Amsterdam,Clay,32,A,19990802,6,102287,,,Albert Portas,R,188,ESP,25.7,102950,,,Fernando Vicente,R,180,ESP,22.4,7-6(2) 6-4,3,R32,92,2,3,71,44,33,12,11,0,3,3,4,79,44,27,15,11,4,8,73,648,39,993
1999-317,Amsterdam,Clay,32,A,19990802,7,102223,,,Karim Alami,R,185,MAR,26.1,101543,,,Jeff Tarango,L,180,USA,30.6,6-4 7-6(3),3,R32,94,10,2,91,55,37,18,11,10,12,6,3,81,49,31,16,11,5,8,70,670,60,729
1999-317,Amsterdam,Clay,32,A,19990802,8,101962,6,,Younes El Aynaoui,R,193,MAR,27.8,102905,,,Stefan Koubek,L,175,AUT,22.5,7-6(6) 6-3,3,R32,85,2,3,80,39,27,24,11,2,4,3,1,60,37,24,12,10,0,3,33,1142,42,921
1999-317,Amsterdam,Clay,32,A,19990802,9,102437,,Q,Adrian Voinea,R,185,ROU,24.9,102796,5,,Magnus Norman,R,188,SWE,23.1,4-6 7-6(4) 7-6(6),3,R32,141,5,1,109,65,48,26,17,5,8,4,2,111,77,53,21,17,1,3,112,433,29,1268
1999-317,Amsterdam,Clay,32,A,19990802,10,101320,,,Magnus Gustafsson,R,185,SWE,32.5,102539,,,Bohdan Ulihrach,R,188,CZE,24.4,2-6 7-5 6-1,3,R32,114,5,5,83,55,42,13,14,2,5,0,10,108,69,41,20,13,9,13,77,601,66,694
1999-317,Amsterdam,Clay,32,A,19990802,11,102644,,,Franco Squillari,L,183,ARG,23.9,103264,,,Mariano Puerta,L,180,ARG,20.8,7-5 6-1,3,R32,76,3,0,52,29,22,17,10,0,1,2,2,72,47,27,12,9,9,13,45,875,56,780
1999-317,Amsterdam,Clay,32,A,19990802,12,103151,3,,Mariano Zabaleta,R,183,ARG,21.4,103171,,Q,Raemon Sluiter,R,185,NED,21.3,6-3 4-6 7-6(1),3,R32,131,10,9,105,51,40,27,15,4,6,5,1,88,49,33,25,16,4,7,27,1286,216,194
1999-317,Amsterdam,Clay,32,A,19990802,13,102446,7,,Andrei Medvedev,R,193,UKR,24.9,101235,,WC,Paul Haarhuis,R,188,NED,33.4,7-5 6-3,3,R32,90,4,5,58,33,25,18,10,1,1,0,2,93,52,34,19,11,11,14,35,1087,92,540
1999-317,Amsterdam,Clay,32,A,19990802,14,102271,,,Hicham Arazi,L,175,MAR,25.7,102854,,,Sjeng Schalken,R,193,NED,22.8,6-2 0-6 6-4,3,R32,96,5,1,73,42,26,15,12,2,7,3,4,78,39,24,17,12,2,7,40,955,47,874
1999-317,Amsterdam,Clay,32,A,19990802,15,102104,,,Christian Ruud,R,188,NOR,26.9,103193,,WC,Peter Wessels,R,196,NED,21.2,6-3 5-7 7-5,3,R32,131,1,7,108,71,49,21,17,3,4,6,3,93,58,45,18,16,5,7,48,850,115,426
1999-317,Amsterdam,Clay,32,A,19990802,16,102839,2,,Nicolas Lapentti,R,188,ECU,22.9,101675,,Q,Martin Rodriguez,R,178,ARG,29.6,6-3 6-2,3,R32,61,2,2,50,32,28,10,9,0,0,6,2,47,19,16,12,8,3,6,21,1442,80,593
1999-317,Amsterdam,Clay,32,A,19990802,17,103324,,,Arnaud Di Pasquale,R,185,FRA,20.4,102318,,,Andrei Pavel,R,183,ROU,25.5,7-6(5) 6-2,3,R16,76,5,1,60,40,33,12,10,0,1,0,2,70,53,32,9,10,0,3,57,765,44,891
1999-317,Amsterdam,Clay,32,A,19990802,18,103498,8,,Marat Safin,R,193,RUS,19.5,103292,,,Gaston Gaudio,R,175,ARG,20.6,6-4 7-6(4),3,R16,93,7,5,82,46,35,14,11,7,11,2,1,80,51,26,17,11,3,8,38,1056,65,696
1999-317,Amsterdam,Clay,32,A,19990802,19,101897,4,,Fernando Meligeni,L,180,BRA,28.3,102287,,,Albert Portas,R,188,ESP,25.7,6-3 7-6(3),3,R16,80,7,3,68,42,39,10,11,2,3,1,1,64,42,27,12,10,1,3,30,1258,73,648
1999-317,Amsterdam,Clay,32,A,19990802,20,101962,6,,Younes El Aynaoui,R,193,MAR,27.8,102223,,,Karim Alami,R,185,MAR,26.1,1-6 6-1 6-1,3,R16,76,8,4,65,35,26,16,10,7,9,0,2,59,36,22,10,11,1,6,33,1142,70,670
1999-317,Amsterdam,Clay,32,A,19990802,21,101320,,,Magnus Gustafsson,R,185,SWE,32.5,102437,,Q,Adrian Voinea,R,185,ROU,24.9,3-6 6-3 6-1,3,R16,92,4,5,79,52,37,17,12,5,6,2,4,73,38,27,16,13,2,6,77,601,112,433
1999-317,Amsterdam,Clay,32,A,19990802,22,103151,3,,Mariano Zabaleta,R,183,ARG,21.4,102644,,,Franco Squillari,L,183,ARG,23.9,7-5 6-4,3,R16,97,4,3,62,30,21,17,11,4,7,2,3,79,50,24,16,11,3,8,27,1286,45,875
1999-317,Amsterdam,Clay,32,A,19990802,23,102271,,,Hicham Arazi,L,175,MAR,25.7,102446,7,,Andrei Medvedev,R,193,UKR,24.9,6-2 6-3,3,R16,62,1,1,48,32,26,9,9,0,1,2,2,55,23,13,15,8,5,9,40,955,35,1087
1999-317,Amsterdam,Clay,32,A,19990802,24,102839,2,,Nicolas Lapentti,R,188,ECU,22.9,102104,,,Christian Ruud,R,188,NOR,26.9,7-5 6-3,3,R16,81,3,0,61,36,24,16,11,2,4,1,2,61,41,25,10,10,4,8,21,1442,48,850
1999-317,Amsterdam,Clay,32,A,19990802,25,103498,8,,Marat Safin,R,193,RUS,19.5,103324,,,Arnaud Di Pasquale,R,185,FRA,20.4,7-6(7) 0-6 6-4,3,QF,128,7,2,99,51,32,22,14,9,15,1,5,104,68,43,16,14,7,11,38,1056,57,765
1999-317,Amsterdam,Clay,32,A,19990802,26,101962,6,,Younes El Aynaoui,R,193,MAR,27.8,101897,4,,Fernando Meligeni,L,180,BRA,28.3,6-2 6-4,3,QF,60,7,3,46,26,22,15,9,3,3,0,3,53,34,24,8,9,1,4,33,1142,30,1258
1999-317,Amsterdam,Clay,32,A,19990802,27,103151,3,,Mariano Zabaleta,R,183,ARG,21.4,101320,,,Magnus Gustafsson,R,185,SWE,32.5,7-6(3) 6-3,3,QF,97,6,5,69,35,23,23,11,3,5,1,3,66,46,32,8,10,0,3,27,1286,77,601
1999-317,Amsterdam,Clay,32,A,19990802,28,102839,2,,Nicolas Lapentti,R,188,ECU,22.9,102271,,,Hicham Arazi,L,175,MAR,25.7,2-6 7-5 6-3,3,QF,112,9,1,93,60,47,16,15,7,9,3,0,77,56,39,13,14,2,4,21,1442,40,955
1999-317,Amsterdam,Clay,32,A,19990802,29,101962,6,,Younes El Aynaoui,R,193,MAR,27.8,103498,8,,Marat Safin,R,193,RUS,19.5,6-1 6-4,3,SF,61,2,1,55,40,33,6,9,3,4,4,2,48,25,16,9,8,2,6,33,1142,38,1056
1999-317,Amsterdam,Clay,32,A,19990802,30,103151,3,,Mariano Zabaleta,R,183,ARG,21.4,102839,2,,Nicolas Lapentti,R,188,ECU,22.9,3-6 7-5 7-5,3,SF,187,7,5,117,57,45,23,16,8,13,3,0,123,78,49,20,17,12,18,27,1286,21,1442
1999-317,Amsterdam,Clay,32,A,19990802,31,101962,6,,Younes El Aynaoui,R,193,MAR,27.8,103151,3,,Mariano Zabaleta,R,183,ARG,21.4,6-0 6-3,3,F,60,5,2,40,20,18,14,8,0,0,3,3,51,27,17,9,7,2,6,33,1142,27,1286
1999-421,Canada Masters,Hard,56,M,19990802,1,101711,,Q,Alex Obrien,R,185,USA,29.4,101150,,,Gianluca Pozzi,L,180,ITA,34.1,7-5 4-6 6-3,3,R64,98,3,2,79,61,50,11,16,0,1,6,1,81,39,31,25,15,0,2,157,289,82,583
1999-421,Canada Masters,Hard,56,M,19990802,2,101727,,,Jason Stoltenberg,R,185,AUS,29.3,102233,,,Leander Paes,R,178,IND,26.1,6-4 6-2,3,R64,62,5,0,54,27,24,16,9,4,4,0,6,65,36,21,16,9,5,8,62,727,130,364
1999-421,Canada Masters,Hard,56,M,19990802,3,102562,,,Jiri Novak,R,190,CZE,24.3,102035,16,,Jonas Bjorkman,R,183,SWE,27.3,6-2 6-2,3,R64,56,6,3,53,37,26,11,8,0,0,4,3,49,25,14,11,8,2,6,41,926,37,1057
1999-421,Canada Masters,Hard,56,M,19990802,4,103017,9,,Nicolas Kiefer,R,183,GER,22.0,101888,,,Daniel Vacek,R,190,CZE,28.3,6-2 7-5,3,R64,89,7,5,69,31,25,20,10,4,5,4,3,58,33,21,11,10,1,5,17,1673,51,843
1999-421,Canada Masters,Hard,56,M,19990802,5,101703,,,Guillaume Raoux,R,180,FRA,29.4,101723,,,Magnus Larsson,R,193,SWE,29.3,6-4 4-6 7-6(1),3,R64,122,9,5,105,45,34,39,16,8,10,8,6,91,41,29,31,16,4,6,79,597,61,727
1999-421,Canada Masters,Hard,56,M,19990802,6,102776,,,Andrew Ilie,R,180,AUS,23.2,210013,,,Martin Damm Sr,R,188,CZE,27.0,6-4 7-6(8),3,R64,110,10,2,86,40,30,29,11,7,7,8,8,90,49,39,19,11,7,8,54,797,,
1999-421,Canada Masters,Hard,56,M,19990802,7,101793,,,Jim Courier,R,185,USA,28.9,102783,,,Rainer Schuettler,R,180,GER,23.2,7-6(2) 6-2,3,R64,83,4,4,62,41,32,9,10,2,4,0,2,56,29,16,14,10,2,6,46,874,52,841
1999-421,Canada Masters,Hard,56,M,19990802,8,102998,,,Jan Michael Gambill,R,190,USA,22.1,103167,,WC,Jocelyn Robichaud,R,,CAN,21.3,6-0 6-0,3,R64,39,5,1,34,18,16,9,6,1,1,3,8,38,18,6,4,6,6,12,49,845,682,23
1999-421,Canada Masters,Hard,56,M,19990802,9,101965,17,,Wayne Ferreira,R,185,RSA,27.8,101185,,,Mark Woodforde,L,188,AUS,33.8,6-3 5-7 7-6(6),3,R64,130,10,6,108,56,46,26,17,4,6,11,2,107,62,43,26,16,6,8,36,1066,75,617
1999-421,Canada Masters,Hard,56,M,19990802,10,102563,11,,Thomas Johansson,R,180,SWE,24.3,103225,,WC,Simon Larose,R,190,CAN,21.0,6-2 6-3,3,R64,89,11,1,45,24,22,12,8,0,0,5,2,100,63,40,12,9,18,22,22,1437,500,52
1999-421,Canada Masters,Hard,56,M,19990802,11,103018,,Q,Max Mirnyi,R,196,BLR,22.0,102286,,,Wayne Black,R,170,ZIM,25.7,7-5 7-5,3,R64,70,4,3,68,41,32,10,12,3,6,0,2,74,52,28,10,12,6,11,120,402,104,465
1999-421,Canada Masters,Hard,56,M,19990802,12,102205,,,Sebastien Lareau,R,183,CAN,26.2,102925,,,Justin Gimelstob,R,196,USA,22.5,7-6(2) 6-1,3,R64,81,8,0,54,32,22,19,9,3,3,8,2,71,53,34,5,10,2,5,116,425,103,466
1999-421,Canada Masters,Hard,56,M,19990802,13,102133,,,Laurence Tieleman,R,180,ITA,26.7,103061,,Q,Jan Boruszewski,R,,GER,21.8,6-4 6-3,3,R64,68,2,6,49,27,24,12,9,0,0,7,6,84,50,34,12,10,10,13,110,442,532,45
1999-421,Canada Masters,Hard,56,M,19990802,14,101733,,,Jan Siemerink,L,183,NED,29.3,102791,,WC,Bobby Kokavec,R,190,CAN,23.2,6-2 6-4,3,R64,74,7,6,66,38,28,15,9,3,3,1,5,57,29,19,13,9,4,7,50,844,378,89
1999-421,Canada Masters,Hard,56,M,19990802,15,102434,12,,Vincent Spadea,R,183,USA,25.0,102780,,WC,Frederic Niemeyer,R,190,CAN,23.2,7-6(3) 6-4,3,R64,79,6,0,63,39,28,19,11,2,3,14,4,65,38,31,13,11,1,3,25,1314,317,116
1999-421,Canada Masters,Hard,56,M,19990802,16,101647,,,Byron Black,R,175,ZIM,29.8,101964,13,,Goran Ivanisevic,L,193,CRO,27.8,6-4 6-4,3,R64,76,2,1,68,44,28,15,10,6,8,16,7,67,33,26,11,10,6,10,58,742,28,1269
1999-421,Canada Masters,Hard,56,M,19990802,17,102061,,Q,Kevin Ullyett,R,178,ZIM,27.1,102162,,,Chris Woodruff,R,188,USA,26.5,6-4 1-6 6-3,3,R64,81,7,7,71,44,31,15,13,3,6,4,4,64,43,33,11,13,1,4,243,169,87,556
1999-421,Canada Masters,Hard,56,M,19990802,18,102110,,,Daniel Nestor,L,190,CAN,26.9,103252,,,Alberto Martin,R,175,ESP,20.9,6-3 6-4,3,R64,58,9,3,60,42,34,11,10,3,3,0,3,47,27,20,11,9,0,2,68,686,55,785
1999-421,Canada Masters,Hard,56,M,19990802,19,102148,,,Fabrice Santoro,R,178,FRA,26.6,101463,,,Bernd Karbacher,R,185,GER,31.3,6-2 7-5,3,R64,87,5,4,62,34,25,16,10,4,5,1,5,78,41,27,14,10,8,12,43,895,90,546
1999-421,Canada Masters,Hard,56,M,19990802,20,102887,,,Ramon Delgado,R,185,PAR,22.7,103958,,WC,Philip Gubenco,L,188,CAN,17.3,6-1 6-2,3,R64,62,3,0,57,30,24,14,8,3,3,2,1,48,23,11,13,7,4,8,88,556,1313,1
1999-421,Canada Masters,Hard,56,M,19990802,21,103096,,,Arnaud Clement,R,173,FRA,21.6,102358,10,,Thomas Enqvist,R,190,SWE,25.3,6-4 2-6 7-5,3,R64,113,11,6,111,62,45,25,15,11,13,8,4,88,52,38,22,15,4,6,72,656,18,1626
1999-421,Canada Masters,Hard,56,M,19990802,22,103206,15,,Sebastien Grosjean,R,175,FRA,21.1,101956,,Q,Mark Knowles,R,190,BAH,27.9,6-2 1-6 6-2,3,R64,99,6,0,76,37,26,19,11,4,7,4,7,72,40,25,14,12,4,9,34,1124,298,127
1999-421,Canada Masters,Hard,56,M,19990802,23,102021,,,Michael Chang,R,175,USA,27.4,102466,,,Jan Kroslak,R,188,SVK,24.7,5-7 7-5 6-1,3,R64,115,3,1,87,48,39,25,16,4,6,10,8,98,49,34,22,15,7,11,64,700,69,683
1999-421,Canada Masters,Hard,56,M,19990802,24,101191,,Q,Richey Reneberg,R,180,USA,33.8,101889,,Q,Todd Woodbridge,R,178,AUS,28.3,4-6 6-4 7-6(3),3,R64,136,4,2,94,64,43,15,16,4,10,4,6,118,75,43,22,16,8,14,244,168,153,294
1999-421,Canada Masters,Hard,56,M,19990802,25,102158,1,,Patrick Rafter,R,185,AUS,26.5,101711,,Q,Alex Obrien,R,185,USA,29.4,6-0 6-2,3,R32,46,4,1,32,17,16,12,7,0,0,4,3,38,23,12,3,7,1,6,2,3664,157,289
1999-421,Canada Masters,Hard,56,M,19990802,26,102562,,,Jiri Novak,R,190,CZE,24.3,101727,,,Jason Stoltenberg,R,185,AUS,29.3,3-6 6-1 7-6(5),3,R32,109,4,3,95,47,37,24,14,4,6,4,8,95,51,38,19,14,4,7,41,926,62,727
1999-421,Canada Masters,Hard,56,M,19990802,27,103017,9,,Nicolas Kiefer,R,183,GER,22.0,101703,,,Guillaume Raoux,R,180,FRA,29.4,6-4 6-0,3,R32,62,9,1,36,17,16,16,8,0,0,3,5,48,18,14,11,8,3,7,17,1673,79,597
1999-421,Canada Masters,Hard,56,M,19990802,28,103163,8,,Tommy Haas,R,188,GER,21.3,102776,,,Andrew Ilie,R,180,AUS,23.2,6-3 6-4,3,R32,63,6,5,52,27,24,12,9,7,8,5,3,63,31,20,15,10,2,6,15,2005,54,797
1999-421,Canada Masters,Hard,56,M,19990802,29,101793,,,Jim Courier,R,185,USA,28.9,102450,4,,Tim Henman,R,185,GBR,24.9,6-1 6-7(3) 6-4,3,R32,116,4,1,80,50,39,21,15,0,1,4,4,81,39,28,25,14,3,7,46,874,5,2634
1999-421,Canada Masters,Hard,56,M,19990802,30,101965,17,,Wayne Ferreira,R,185,RSA,27.8,102998,,,Jan Michael Gambill,R,190,USA,22.1,7-5 3-6 7-6(8),3,R32,128,11,3,101,59,49,17,16,1,5,10,4,112,58,43,28,17,4,8,36,1066,49,845
1999-421,Canada Masters,Hard,56,M,19990802,31,102563,11,,Thomas Johansson,R,180,SWE,24.3,103018,,Q,Max Mirnyi,R,196,BLR,22.0,7-5 7-6(6),3,R32,81,6,1,65,40,32,17,12,1,2,9,6,84,48,36,16,12,2,4,22,1437,120,402
1999-421,Canada Masters,Hard,56,M,19990802,32,102205,,,Sebastien Lareau,R,183,CAN,26.2,101990,5,,Richard Krajicek,R,196,NED,27.6,4-6 7-6(4) 6-4,3,R32,156,8,3,115,70,49,26,16,7,9,18,2,114,56,39,34,16,7,9,116,425,7,2431
1999-421,Canada Masters,Hard,56,M,19990802,33,101774,6,,Todd Martin,R,198,USA,29.0,102133,,,Laurence Tieleman,R,180,ITA,26.7,5-7 6-3 6-4,3,R32,110,8,4,102,49,34,32,16,2,5,5,8,90,50,35,20,15,2,6,9,2332,110,442
1999-421,Canada Masters,Hard,56,M,19990802,34,102434,12,,Vincent Spadea,R,183,USA,25.0,101733,,,Jan Siemerink,L,183,NED,29.3,6-2 6-2,3,R32,61,4,1,43,17,13,17,8,2,3,2,7,55,20,14,11,8,3,8,25,1314,50,844
1999-421,Canada Masters,Hard,56,M,19990802,35,102061,,Q,Kevin Ullyett,R,178,ZIM,27.1,101647,,,Byron Black,R,175,ZIM,29.8,5-7 6-4 7-6(6),3,R32,128,11,7,119,82,57,14,17,9,13,7,6,112,64,43,24,17,3,7,243,169,58,742
1999-421,Canada Masters,Hard,56,M,19990802,36,102338,3,,Yevgeny Kafelnikov,R,190,RUS,25.4,102110,,,Daniel Nestor,L,190,CAN,26.9,6-4 6-4,3,R32,65,7,0,49,34,29,12,10,1,1,13,2,60,37,29,9,10,2,4,4,3273,68,686
1999-421,Canada Masters,Hard,56,M,19990802,37,102148,,,Fabrice Santoro,R,178,FRA,26.6,102809,,LL,Axel Pretzsch,R,185,GER,23.1,6-4 6-4,3,R32,86,4,1,64,39,23,12,10,1,5,3,5,89,53,29,14,10,12,18,43,895,123,385
1999-421,Canada Masters,Hard,56,M,19990802,38,102887,,,Ramon Delgado,R,185,PAR,22.7,103096,,,Arnaud Clement,R,173,FRA,21.6,6-3 7-6(2),3,R32,78,6,0,58,31,26,16,11,0,2,8,2,65,36,22,17,10,3,6,88,556,72,656
1999-421,Canada Masters,Hard,56,M,19990802,39,102021,,,Michael Chang,R,175,USA,27.4,103206,15,,Sebastien Grosjean,R,175,FRA,21.1,6-4 6-3,3,R32,83,2,0,69,42,32,14,10,3,4,5,2,59,36,22,14,9,3,6,64,700,34,1124
1999-421,Canada Masters,Hard,56,M,19990802,40,101736,2,,Andre Agassi,R,180,USA,29.2,101191,,Q,Richey Reneberg,R,180,USA,33.8,6-7(5) 6-0 6-3,3,R32,95,19,6,85,47,42,19,14,4,4,5,7,88,48,31,19,13,3,7,3,3422,244,168
1999-421,Canada Masters,Hard,56,M,19990802,41,102158,1,,Patrick Rafter,R,185,AUS,26.5,102562,,,Jiri Novak,R,190,CZE,24.3,6-3 6-4,3,R16,72,4,4,69,41,29,14,10,5,6,2,3,51,35,21,8,9,0,3,2,3664,41,926
1999-421,Canada Masters,Hard,56,M,19990802,42,103017,9,,Nicolas Kiefer,R,183,GER,22.0,103163,8,,Tommy Haas,R,188,GER,21.3,6-3 7-6(4),3,R16,83,9,6,80,39,29,20,11,10,13,4,10,61,29,23,11,10,2,6,17,1673,15,2005
1999-421,Canada Masters,Hard,56,M,19990802,43,101793,,,Jim Courier,R,185,USA,28.9,101965,17,,Wayne Ferreira,R,185,RSA,27.8,6-7(3) 6-4 7-5,3,R16,143,5,3,109,71,52,23,17,7,8,6,6,116,61,46,27,17,6,9,46,874,36,1066
1999-421,Canada Masters,Hard,56,M,19990802,44,102563,11,,Thomas Johansson,R,180,SWE,24.3,102205,,,Sebastien Lareau,R,183,CAN,26.2,7-6(4) 4-6 6-4,3,R16,136,9,5,107,49,41,28,16,8,11,9,4,102,59,40,25,16,6,9,22,1437,116,425
1999-421,Canada Masters,Hard,56,M,19990802,45,101774,6,,Todd Martin,R,198,USA,29.0,102434,12,,Vincent Spadea,R,183,USA,25.0,6-3 7-6(3),3,R16,80,11,3,68,40,35,16,10,6,6,5,4,75,35,25,24,11,4,6,9,2332,25,1314
1999-421,Canada Masters,Hard,56,M,19990802,46,102338,3,,Yevgeny Kafelnikov,R,190,RUS,25.4,102061,,Q,Kevin Ullyett,R,178,ZIM,27.1,6-4 7-6(5),3,R16,81,1,5,63,35,24,19,11,2,4,5,5,83,42,29,19,11,5,8,4,3273,243,169
1999-421,Canada Masters,Hard,56,M,19990802,47,102148,,,Fabrice Santoro,R,178,FRA,26.6,102887,,,Ramon Delgado,R,185,PAR,22.7,6-4 6-2,3,R16,67,5,2,58,30,25,14,9,4,5,7,5,60,40,27,5,9,4,8,43,895,88,556
1999-421,Canada Masters,Hard,56,M,19990802,48,101736,2,,Andre Agassi,R,180,USA,29.2,102021,,,Michael Chang,R,175,USA,27.4,6-2 7-5,3,R16,99,5,4,78,39,29,18,10,6,8,8,2,71,45,27,9,10,1,6,3,3422,64,700
1999-421,Canada Masters,Hard,56,M,19990802,49,103017,9,,Nicolas Kiefer,R,183,GER,22.0,102158,1,,Patrick Rafter,R,185,AUS,26.5,6-3 6-7(5) 7-6(4),3,QF,162,5,1,110,54,38,34,16,3,5,9,3,112,70,46,23,17,3,7,17,1673,2,3664
1999-421,Canada Masters,Hard,56,M,19990802,50,102563,11,,Thomas Johansson,R,180,SWE,24.3,101793,,,Jim Courier,R,185,USA,28.9,6-4 6-4,3,QF,88,5,2,62,26,20,19,10,2,3,6,1,54,36,28,6,10,4,7,22,1437,46,874
1999-421,Canada Masters,Hard,56,M,19990802,51,102338,3,,Yevgeny Kafelnikov,R,190,RUS,25.4,101774,6,,Todd Martin,R,198,USA,29.0,7-6(8) 6-7(3) 6-4,3,QF,138,10,2,101,57,47,27,17,1,3,20,7,123,70,56,26,17,9,12,4,3273,9,2332
1999-421,Canada Masters,Hard,56,M,19990802,52,101736,2,,Andre Agassi,R,180,USA,29.2,102148,,,Fabrice Santoro,R,178,FRA,26.6,6-0 6-3,3,QF,52,1,1,40,25,21,11,8,0,0,4,2,45,27,15,7,7,4,8,3,3422,43,895
1999-421,Canada Masters,Hard,56,M,19990802,53,102563,11,,Thomas Johansson,R,180,SWE,24.3,103017,9,,Nicolas Kiefer,R,183,GER,22.0,4-6 6-1 6-3,3,SF,107,9,0,71,30,26,25,13,2,3,6,4,76,36,24,19,13,6,10,22,1437,17,1673
1999-421,Canada Masters,Hard,56,M,19990802,54,102338,3,,Yevgeny Kafelnikov,R,190,RUS,25.4,101736,2,,Andre Agassi,R,180,USA,29.2,6-1 6-4,3,SF,63,4,1,44,29,25,11,9,0,0,8,2,68,44,27,10,8,5,8,4,3273,3,3422
1999-421,Canada Masters,Hard,56,M,19990802,55,102563,11,,Thomas Johansson,R,180,SWE,24.3,102338,3,,Yevgeny Kafelnikov,R,190,RUS,25.4,1-6 6-3 6-3,3,F,121,6,3,95,48,31,18,12,7,12,6,5,86,53,33,11,13,4,10,22,1437,4,3273
1999-422,Cincinnati Masters,Hard,56,M,19990809,1,101733,,,Jan Siemerink,L,183,NED,29.3,102466,,,Jan Kroslak,R,188,SVK,24.8,6-1 6-2,3,R64,57,6,5,61,28,21,19,8,5,5,2,7,39,20,14,5,7,3,7,48,863,71,663
1999-422,Cincinnati Masters,Hard,56,M,19990809,2,101723,,,Magnus Larsson,R,193,SWE,29.3,103096,,Q,Arnaud Clement,R,173,FRA,21.6,7-6(5) 6-0,3,R64,75,5,3,52,35,29,12,9,4,5,5,4,66,39,23,12,9,5,9,62,728,69,680
1999-422,Cincinnati Masters,Hard,56,M,19990809,3,102783,,,Rainer Schuettler,R,180,GER,23.2,102563,16,,Thomas Johansson,R,180,SWE,24.3,6-4 3-4 RET,3,R64,62,1,2,51,31,21,11,9,3,6,3,2,66,36,21,15,8,10,13,49,841,16,1872
1999-422,Cincinnati Masters,Hard,56,M,19990809,4,101774,9,,Todd Martin,R,198,USA,29.0,102887,,Q,Ramon Delgado,R,185,PAR,22.7,6-4 5-7 6-2,3,R64,121,8,5,91,58,43,17,15,1,3,12,6,110,49,34,31,15,11,15,7,2400,82,580
1999-422,Cincinnati Masters,Hard,56,M,19990809,5,102925,,,Justin Gimelstob,R,196,USA,22.5,101727,,,Jason Stoltenberg,R,185,AUS,29.3,6-2 6-3,3,R64,71,7,1,58,32,23,13,8,6,7,3,1,54,33,17,11,9,3,8,105,466,59,748
1999-422,Cincinnati Masters,Hard,56,M,19990809,6,103344,,Q,Ivan Ljubicic,R,193,CRO,20.3,101191,,WC,Richey Reneberg,R,180,USA,33.8,7-6(2) 6-4,3,R64,90,7,1,69,40,29,16,11,2,4,4,3,73,37,29,15,11,3,6,104,466,208,201
1999-422,Cincinnati Masters,Hard,56,M,19990809,7,103324,,,Arnaud Di Pasquale,R,185,FRA,20.4,101613,,WC,Malivai Washington,R,180,USA,30.1,6-4 6-3,3,R64,58,1,3,60,32,24,16,10,3,5,1,1,55,32,21,7,9,3,7,51,829,700,21
1999-422,Cincinnati Masters,Hard,56,M,19990809,8,102562,,,Jiri Novak,R,190,CZE,24.3,102809,,Q,Axel Pretzsch,R,185,GER,23.1,6-7(3) 7-5 6-3,3,R64,125,7,3,112,73,50,24,17,7,8,3,11,113,62,48,23,16,6,9,42,953,124,385
1999-422,Cincinnati Masters,Hard,56,M,19990809,9,102610,14,,Albert Costa,R,180,ESP,24.1,102776,,,Andrew Ilie,R,180,AUS,23.3,6-4 3-6 6-2,3,R64,109,4,1,86,59,41,15,13,10,11,9,5,92,48,35,21,14,2,5,22,1450,52,803
1999-422,Cincinnati Masters,Hard,56,M,19990809,10,103163,11,,Tommy Haas,R,188,GER,21.3,103598,,WC,Xavier Malisse,R,185,BEL,19.0,7-5 6-2,3,R64,68,9,4,63,34,28,14,10,3,4,6,4,54,26,15,16,10,0,4,15,1991,110,449
1999-422,Cincinnati Masters,Hard,56,M,19990809,11,102148,,,Fabrice Santoro,R,178,FRA,26.6,101647,,,Byron Black,R,175,ZIM,29.8,7-6(5) 6-3,3,R64,86,3,4,79,42,31,17,10,7,9,4,0,70,47,28,12,11,5,9,41,957,56,779
1999-422,Cincinnati Masters,Hard,56,M,19990809,12,103252,,,Alberto Martin,R,175,ESP,20.9,102184,,,David Prinosil,R,185,GER,26.4,7-6(3) 6-3,3,R64,82,4,2,66,40,34,15,11,0,1,3,5,75,38,30,17,10,8,10,54,785,53,797
1999-422,Cincinnati Masters,Hard,56,M,19990809,13,102770,,,John Van Lottum,R,185,NED,23.3,102286,,Q,Wayne Black,R,170,ZIM,25.7,6-3 6-2,3,R64,76,3,2,60,26,20,22,9,2,2,3,3,59,37,25,8,8,5,8,93,511,113,434
1999-422,Cincinnati Masters,Hard,56,M,19990809,14,102834,,,Paul Goldstein,R,178,USA,23.0,101185,,Q,Mark Woodforde,L,188,AUS,33.8,6-3 6-2,3,R64,66,4,1,56,36,24,13,9,2,3,1,1,51,34,18,10,8,3,7,97,494,74,617
1999-422,Cincinnati Masters,Hard,56,M,19990809,15,103017,12,,Nicolas Kiefer,R,183,GER,22.0,103206,,,Sebastien Grosjean,R,175,FRA,21.1,7-5 6-3,3,R64,81,7,0,64,35,31,14,11,5,6,2,1,60,33,23,14,10,2,5,17,1867,33,1132
1999-422,Cincinnati Masters,Hard,56,M,19990809,16,102358,13,,Thomas Enqvist,R,190,SWE,25.4,101885,,Q,Wayne Arthurs,L,190,AUS,28.3,7-5 7-6(1),3,R64,82,6,1,63,37,30,23,12,1,1,19,9,81,48,42,11,12,2,3,19,1626,94,502
1999-422,Cincinnati Masters,Hard,56,M,19990809,17,102162,,,Chris Woodruff,R,188,USA,26.5,101965,,,Wayne Ferreira,R,185,RSA,27.8,6-3 6-4,3,R64,62,5,3,56,41,28,8,10,2,4,3,1,52,27,21,10,9,4,8,86,557,35,1099
1999-422,Cincinnati Masters,Hard,56,M,19990809,18,102035,,,Jonas Bjorkman,R,183,SWE,27.3,102318,,,Andrei Pavel,R,183,ROU,25.5,6-4 7-5,3,R64,87,2,2,77,45,29,21,11,7,8,6,2,71,49,33,9,11,10,13,43,948,45,891
1999-422,Cincinnati Masters,Hard,56,M,19990809,19,102021,,,Michael Chang,R,175,USA,27.4,103498,,,Marat Safin,R,193,RUS,19.5,6-3 6-4,3,R64,70,3,1,54,25,23,18,10,1,1,3,3,48,15,14,17,9,3,5,58,757,34,1131
1999-422,Cincinnati Masters,Hard,56,M,19990809,20,101793,,,Jim Courier,R,185,USA,28.9,101964,,,Goran Ivanisevic,L,193,CRO,27.9,7-6(1) 6-2,3,R64,74,8,0,57,39,32,14,10,2,2,14,5,66,28,23,17,10,5,7,39,1016,30,1247
1999-422,Cincinnati Masters,Hard,56,M,19990809,21,101611,,,Cedric Pioline,R,188,FRA,30.1,102845,10,,Carlos Moya,R,190,ESP,22.9,6-4 6-1,3,R64,57,5,5,48,21,19,15,9,2,3,2,4,53,27,19,8,8,4,8,26,1320,10,2259
1999-422,Cincinnati Masters,Hard,56,M,19990809,22,102839,15,,Nicolas Lapentti,R,188,ECU,22.9,102434,,,Vincent Spadea,R,183,USA,25.0,6-2 6-2,3,R64,53,12,1,46,30,26,10,8,6,6,1,4,50,21,16,9,8,4,8,21,1517,29,1275
1999-422,Cincinnati Masters,Hard,56,M,19990809,23,102998,,,Jan Michael Gambill,R,190,USA,22.1,102854,,,Sjeng Schalken,R,193,NED,22.9,4-6 6-3 6-4,3,R64,108,14,3,80,45,36,19,15,2,5,11,7,111,64,42,21,14,11,15,50,833,47,874
1999-422,Cincinnati Masters,Hard,56,M,19990809,24,101888,,,Daniel Vacek,R,190,CZE,28.3,102821,,WC,Cecil Mamiit,R,173,PHI,23.1,6-4 6-4,3,R64,105,7,3,70,43,32,13,10,4,6,1,6,90,47,28,19,10,7,11,60,738,85,559
1999-422,Cincinnati Masters,Hard,56,M,19990809,25,101948,1,,Pete Sampras,R,185,USA,27.9,101733,,,Jan Siemerink,L,183,NED,29.3,7-6(9) 6-4,3,R32,91,7,3,68,41,32,15,11,0,2,9,9,77,42,30,16,11,4,7,1,3705,48,863
1999-422,Cincinnati Masters,Hard,56,M,19990809,26,102783,,,Rainer Schuettler,R,180,GER,23.2,101723,,,Magnus Larsson,R,193,SWE,29.3,7-5 7-6(5),3,R32,86,2,2,69,46,32,13,12,4,7,5,3,81,56,39,8,12,2,6,49,841,62,728
1999-422,Cincinnati Masters,Hard,56,M,19990809,27,102925,,,Justin Gimelstob,R,196,USA,22.5,101774,9,,Todd Martin,R,198,USA,29.0,6-4 6-4,3,R32,74,8,2,53,37,33,9,10,1,1,7,2,54,35,26,9,10,1,3,105,466,7,2400
1999-422,Cincinnati Masters,Hard,56,M,19990809,28,101990,7,,Richard Krajicek,R,196,NED,27.6,103344,,Q,Ivan Ljubicic,R,193,CRO,20.3,6-1 6-3,3,R32,55,5,0,40,20,19,14,8,3,3,4,8,58,36,23,5,8,3,7,13,2147,104,466
1999-422,Cincinnati Masters,Hard,56,M,19990809,29,101736,3,,Andre Agassi,R,180,USA,29.2,103324,,,Arnaud Di Pasquale,R,185,FRA,20.4,6-4 6-1,3,R32,56,4,3,46,34,25,5,8,2,4,3,4,52,32,17,5,9,2,8,3,3354,51,829
1999-422,Cincinnati Masters,Hard,56,M,19990809,30,102562,,,Jiri Novak,R,190,CZE,24.3,102610,14,,Albert Costa,R,180,ESP,24.1,7-6(3) 7-6(6),3,R32,95,7,2,75,47,40,11,12,2,4,4,1,84,53,36,16,12,6,8,42,953,22,1450
1999-422,Cincinnati Masters,Hard,56,M,19990809,31,103163,11,,Tommy Haas,R,188,GER,21.3,102148,,,Fabrice Santoro,R,178,FRA,26.6,6-0 6-7(1) 6-3,3,R32,98,13,3,86,45,35,25,14,3,4,4,2,91,46,33,21,13,12,17,15,1991,41,957
1999-422,Cincinnati Masters,Hard,56,M,19990809,32,102856,6,,Gustavo Kuerten,R,190,BRA,22.9,103252,,,Alberto Martin,R,175,ESP,20.9,6-2 6-3,3,R32,67,3,0,41,19,14,14,8,2,4,1,5,63,32,17,11,9,6,12,6,2436,54,785
1999-422,Cincinnati Masters,Hard,56,M,19990809,33,102450,5,,Tim Henman,R,185,GBR,24.9,102770,,,John Van Lottum,R,185,NED,23.3,6-2 6-1,3,R32,50,5,2,44,16,16,14,8,0,1,1,4,35,18,7,5,7,0,5,5,2512,93,511
1999-422,Cincinnati Masters,Hard,56,M,19990809,34,103017,12,,Nicolas Kiefer,R,183,GER,22.0,102834,,,Paul Goldstein,R,178,USA,23.0,2-6 6-4 7-6(10),3,R32,161,6,12,112,47,35,28,15,8,12,6,9,130,74,53,24,15,9,12,17,1867,97,494
1999-422,Cincinnati Masters,Hard,56,M,19990809,35,102162,,,Chris Woodruff,R,188,USA,26.5,102358,13,,Thomas Enqvist,R,190,SWE,25.4,6-1 7-5,3,R32,61,9,2,46,29,23,10,9,0,1,5,3,58,33,19,10,10,5,10,86,557,19,1626
1999-422,Cincinnati Masters,Hard,56,M,19990809,36,102338,4,,Yevgeny Kafelnikov,R,190,RUS,25.4,102035,,,Jonas Bjorkman,R,183,SWE,27.3,6-1 6-4,3,R32,62,5,3,66,43,31,12,9,4,5,3,2,47,29,18,7,8,0,4,2,3527,43,948
1999-422,Cincinnati Masters,Hard,56,M,19990809,37,102021,,,Michael Chang,R,175,USA,27.4,102374,8,,Alex Corretja,R,180,ESP,25.3,6-3 6-7(5) 6-2,3,R32,138,6,3,95,48,38,29,14,2,2,1,2,87,52,35,20,15,2,6,58,757,8,2350
1999-422,Cincinnati Masters,Hard,56,M,19990809,38,101611,,,Cedric Pioline,R,188,FRA,30.1,101793,,,Jim Courier,R,185,USA,28.9,6-7(5) 7-6(4) 2-0 RET,3,R32,128,10,4,87,47,40,22,13,3,4,6,5,93,61,46,14,13,8,10,26,1320,39,1016
1999-422,Cincinnati Masters,Hard,56,M,19990809,39,102839,15,,Nicolas Lapentti,R,188,ECU,22.9,102998,,,Jan Michael Gambill,R,190,USA,22.1,6-0 7-6(3),3,R32,63,5,1,52,35,30,12,9,2,2,8,3,63,36,25,10,9,1,4,21,1517,50,833
1999-422,Cincinnati Masters,Hard,56,M,19990809,40,102158,2,,Patrick Rafter,R,185,AUS,26.6,101888,,,Daniel Vacek,R,190,CZE,28.3,7-6(3) 6-3,3,R32,87,8,2,66,42,37,14,11,1,1,0,5,70,42,30,15,10,3,4,4,3271,60,738
1999-422,Cincinnati Masters,Hard,56,M,19990809,41,101948,1,,Pete Sampras,R,185,USA,27.9,102783,,,Rainer Schuettler,R,180,GER,23.2,7-5 7-6(2),3,R16,82,8,5,65,41,36,13,12,1,3,5,0,64,34,24,18,12,4,7,1,3705,49,841
1999-422,Cincinnati Masters,Hard,56,M,19990809,42,101990,7,,Richard Krajicek,R,196,NED,27.6,102925,,,Justin Gimelstob,R,196,USA,22.5,6-4 6-2,3,R16,66,7,1,46,26,21,13,9,1,2,2,6,56,37,23,6,9,3,7,13,2147,105,466
1999-422,Cincinnati Masters,Hard,56,M,19990809,43,101736,3,,Andre Agassi,R,180,USA,29.2,102562,,,Jiri Novak,R,190,CZE,24.3,7-6(3) 7-6(5),3,R16,94,8,1,72,50,41,14,12,2,3,10,7,101,57,44,18,12,8,9,3,3354,42,953
1999-422,Cincinnati Masters,Hard,56,M,19990809,44,102856,6,,Gustavo Kuerten,R,190,BRA,22.9,103163,11,,Tommy Haas,R,188,GER,21.3,7-5 7-5,3,R16,61,11,0,59,40,35,14,12,0,0,5,4,63,35,29,13,12,1,3,6,2436,15,1991
1999-422,Cincinnati Masters,Hard,56,M,19990809,45,102450,5,,Tim Henman,R,185,GBR,24.9,103017,12,,Nicolas Kiefer,R,183,GER,22.0,6-4 6-1,3,R16,84,8,6,63,31,27,13,9,4,5,5,4,57,25,17,12,8,5,9,5,2512,17,1867
1999-422,Cincinnati Masters,Hard,56,M,19990809,46,102338,4,,Yevgeny Kafelnikov,R,190,RUS,25.4,102162,,,Chris Woodruff,R,188,USA,26.5,6-4 6-4,3,R16,78,12,3,62,34,27,17,10,2,2,8,6,64,35,27,14,10,3,5,2,3527,86,557
1999-422,Cincinnati Masters,Hard,56,M,19990809,47,102021,,,Michael Chang,R,175,USA,27.4,101611,,,Cedric Pioline,R,188,FRA,30.1,6-1 6-4,3,R16,83,5,2,72,39,25,19,9,8,9,6,7,53,29,20,8,8,4,8,58,757,26,1320
1999-422,Cincinnati Masters,Hard,56,M,19990809,48,102158,2,,Patrick Rafter,R,185,AUS,26.6,102839,15,,Nicolas Lapentti,R,188,ECU,22.9,6-2 6-3,3,R16,65,6,0,37,25,25,7,8,0,0,5,2,72,48,27,11,9,7,11,4,3271,21,1517
1999-422,Cincinnati Masters,Hard,56,M,19990809,49,101948,1,,Pete Sampras,R,185,USA,27.9,101990,7,,Richard Krajicek,R,196,NED,27.6,6-4 6-2,3,QF,73,4,7,65,36,31,14,9,2,2,5,7,54,31,22,8,9,2,5,1,3705,13,2147
1999-422,Cincinnati Masters,Hard,56,M,19990809,50,101736,3,,Andre Agassi,R,180,USA,29.2,102856,6,,Gustavo Kuerten,R,190,BRA,22.9,6-2 7-6(10),3,QF,80,4,2,69,45,32,16,10,3,4,6,3,72,34,24,20,10,1,4,3,3354,6,2436
1999-422,Cincinnati Masters,Hard,56,M,19990809,51,102338,4,,Yevgeny Kafelnikov,R,190,RUS,25.4,102450,5,,Tim Henman,R,185,GBR,24.9,7-5 7-5,3,QF,85,3,3,70,38,30,19,12,4,5,10,4,71,40,28,17,12,5,8,2,3527,5,2512
1999-422,Cincinnati Masters,Hard,56,M,19990809,52,102158,2,,Patrick Rafter,R,185,AUS,26.6,102021,,,Michael Chang,R,175,USA,27.4,6-2 6-1,3,QF,65,8,0,32,22,21,7,7,0,0,4,0,63,32,19,10,8,6,11,4,3271,58,757
1999-422,Cincinnati Masters,Hard,56,M,19990809,53,101948,1,,Pete Sampras,R,185,USA,27.9,101736,3,,Andre Agassi,R,180,USA,29.2,7-6(7) 6-4,3,SF,82,8,6,59,32,29,17,11,0,1,8,2,71,37,25,21,11,1,3,1,3705,3,3354
1999-422,Cincinnati Masters,Hard,56,M,19990809,54,102158,2,,Patrick Rafter,R,185,AUS,26.6,102338,4,,Yevgeny Kafelnikov,R,190,RUS,25.4,6-4 6-2,3,SF,55,11,1,43,33,28,8,9,0,0,5,2,53,33,24,6,9,2,5,4,3271,2,3527
1999-422,Cincinnati Masters,Hard,56,M,19990809,55,101948,1,,Pete Sampras,R,185,USA,27.9,102158,2,,Patrick Rafter,R,185,AUS,26.6,7-6(7) 6-3,3,F,78,12,4,67,45,36,15,11,1,2,4,2,59,32,23,17,10,0,2,1,3705,4,3271
1999-475,San Marino,Clay,32,A,19990809,1,101382,,,Marcelo Filippini,R,178,URU,32.0,103103,1,,Dominik Hrbaty,R,183,SVK,21.5,7-6(5) 1-1 RET,3,R32,65,2,0,51,28,19,15,8,0,1,4,4,45,17,14,15,7,1,2,80,586,20,1574
1999-475,San Marino,Clay,32,A,19990809,2,102287,,,Albert Portas,R,188,ESP,25.7,102572,,Q,Igor Gaudi,R,188,ITA,24.3,6-3 0-6 6-1,3,R32,94,0,5,75,42,25,18,11,8,12,6,2,65,33,24,11,11,2,7,72,657,211,197
1999-475,San Marino,Clay,32,A,19990809,3,102437,,,Adrian Voinea,R,185,ROU,25.0,103084,,,Guillermo Canas,R,185,ARG,21.7,4-6 6-3 6-4,3,R32,119,8,3,102,39,31,34,15,5,7,5,7,72,31,25,23,14,0,3,119,408,70,665
1999-475,San Marino,Clay,32,A,19990809,4,102905,7,,Stefan Koubek,L,175,AUT,22.5,101947,,WC,Vincenzo Santopadre,L,183,ITA,27.9,6-4 6-1,3,R32,73,1,3,59,23,16,23,9,2,3,3,1,51,26,15,10,8,2,6,44,921,126,383
1999-475,San Marino,Clay,32,A,19990809,5,101962,4,,Younes El Aynaoui,R,193,MAR,27.9,103264,,,Mariano Puerta,L,180,ARG,20.8,3-6 6-3 6-2,3,R32,109,11,3,80,43,31,24,13,7,8,2,5,94,64,42,14,13,6,9,24,1353,55,780
1999-475,San Marino,Clay,32,A,19990809,6,102548,,,Juan Antonio Marin,R,175,CRC,24.4,103735,,Q,Lovro Zovko,R,190,CRO,18.3,3-6 6-2 6-4,3,R32,109,2,2,80,46,31,22,14,4,7,6,4,78,42,31,15,13,6,10,78,598,578,35
1999-475,San Marino,Clay,32,A,19990809,7,102024,,,Hernan Gumy,R,188,ARG,27.4,102231,,Q,Alex Calatrava,R,190,ESP,26.1,6-4 6-1,3,R32,,,,,,,,,,,,,,,,,,,,92,519,178,240
1999-475,San Marino,Clay,32,A,19990809,8,103292,,,Gaston Gaudio,R,175,ARG,20.6,102950,5,,Fernando Vicente,R,180,ESP,22.4,6-2 6-2,3,R32,68,0,1,48,30,22,10,8,3,4,4,4,61,30,16,12,8,9,14,65,704,40,993
1999-475,San Marino,Clay,32,A,19990809,9,102223,,,Karim Alami,R,185,MAR,26.2,102271,6,,Hicham Arazi,L,175,MAR,25.8,7-5 6-0,3,R32,72,4,0,53,37,24,8,9,2,4,2,2,63,36,18,11,9,6,12,67,694,38,1017
1999-475,San Marino,Clay,32,A,19990809,10,102869,,,Galo Blanco,R,173,ESP,22.8,101675,,,Martin Rodriguez,R,178,ARG,29.6,7-5 6-4,3,R32,79,1,4,61,34,32,14,11,2,2,9,7,65,27,24,17,11,1,3,90,538,91,537
1999-475,San Marino,Clay,32,A,19990809,11,101717,,WC,Diego Nargiso,L,188,ITA,29.4,103428,,Q,Juan Ignacio Chela,R,190,ARG,19.9,7-5 6-2,3,R32,78,3,1,61,33,28,14,10,0,1,3,4,65,29,18,16,10,4,8,172,251,129,372
1999-475,San Marino,Clay,32,A,19990809,12,103182,,,Markus Hipfl,R,178,AUT,21.2,101897,3,,Fernando Meligeni,L,180,BRA,28.3,4-6 6-4 6-0,3,R32,88,2,1,72,49,35,11,13,1,3,2,10,87,39,26,23,13,4,9,73,642,28,1288
1999-475,San Marino,Clay,32,A,19990809,13,102644,8,,Franco Squillari,L,183,ARG,23.9,101320,,,Magnus Gustafsson,R,185,SWE,32.5,7-6(2) 6-4,3,R32,86,7,8,75,35,30,22,11,1,2,1,6,80,57,37,12,11,8,10,46,885,75,616
1999-475,San Marino,Clay,32,A,19990809,14,103031,,WC,Julian Alonso,R,185,ESP,22.0,102106,,,Davide Sanguinetti,R,188,ITA,26.9,7-5 6-4,3,R32,94,0,5,67,32,20,22,11,1,3,7,4,77,26,18,23,11,7,11,162,276,116,427
1999-475,San Marino,Clay,32,A,19990809,15,102247,,,Andrea Gaudenzi,R,183,ITA,26.0,102234,,,Oliver Gross,R,185,GER,26.1,6-4 6-4,3,R32,103,1,3,85,49,33,10,10,6,11,0,6,57,35,17,6,10,3,10,99,478,107,452
1999-475,San Marino,Clay,32,A,19990809,16,102227,,,Sargis Sargsian,R,180,ARM,26.1,103151,2,,Mariano Zabaleta,R,183,ARG,21.4,6-3 6-2,3,R32,83,2,0,56,38,29,10,8,3,3,2,7,57,26,17,12,9,4,8,64,705,25,1325
1999-475,San Marino,Clay,32,A,19990809,17,102287,,,Albert Portas,R,188,ESP,25.7,101382,,,Marcelo Filippini,R,178,URU,32.0,7-5 7-6(5),3,R16,96,1,1,83,51,32,22,12,5,7,8,1,75,49,36,13,12,2,5,72,657,80,586
1999-475,San Marino,Clay,32,A,19990809,18,102905,7,,Stefan Koubek,L,175,AUT,22.5,102437,,,Adrian Voinea,R,185,ROU,25.0,6-3 6-3,3,R16,67,1,1,56,26,18,20,9,0,1,1,2,47,23,16,10,9,1,5,44,921,119,408
1999-475,San Marino,Clay,32,A,19990809,19,102548,,,Juan Antonio Marin,R,175,CRC,24.4,101962,4,,Younes El Aynaoui,R,193,MAR,27.9,7-6(8) 4-6 4-0 RET,3,R16,129,2,4,92,66,47,14,14,5,6,6,2,85,46,33,22,13,3,5,78,598,24,1353
1999-475,San Marino,Clay,32,A,19990809,20,102024,,,Hernan Gumy,R,188,ARG,27.4,103292,,,Gaston Gaudio,R,175,ARG,20.6,6-3 4-6 6-3,3,R16,137,1,5,94,57,39,18,14,8,11,2,5,89,49,32,21,14,2,7,92,519,65,704
1999-475,San Marino,Clay,32,A,19990809,21,102869,,,Galo Blanco,R,173,ESP,22.8,102223,,,Karim Alami,R,185,MAR,26.2,6-4 6-2,3,R16,64,2,1,46,24,21,16,9,0,0,2,2,46,24,18,12,9,4,7,90,538,67,694
1999-475,San Marino,Clay,32,A,19990809,22,103182,,,Markus Hipfl,R,178,AUT,21.2,101717,,WC,Diego Nargiso,L,188,ITA,29.4,7-5 6-3,3,R16,85,3,1,57,39,28,11,11,1,3,6,5,71,38,28,12,10,8,12,73,642,172,251
1999-475,San Marino,Clay,32,A,19990809,23,103031,,WC,Julian Alonso,R,185,ESP,22.0,102644,8,,Franco Squillari,L,183,ARG,23.9,6-2 2-6 7-6(2),3,R16,117,1,3,90,50,35,18,14,3,7,2,1,85,38,28,24,14,0,4,162,276,46,885
1999-475,San Marino,Clay,32,A,19990809,24,102247,,,Andrea Gaudenzi,R,183,ITA,26.0,102227,,,Sargis Sargsian,R,180,ARM,26.1,6-4 6-2,3,R16,86,0,0,55,44,30,8,9,4,5,7,1,63,39,24,9,9,7,11,99,478,64,705
1999-475,San Marino,Clay,32,A,19990809,25,102287,,,Albert Portas,R,188,ESP,25.7,102905,7,,Stefan Koubek,L,175,AUT,22.5,6-4 6-2,3,QF,,,,,,,,,,,,,,,,,,,,72,657,44,921
1999-475,San Marino,Clay,32,A,19990809,26,102548,,,Juan Antonio Marin,R,175,CRC,24.4,102024,,,Hernan Gumy,R,188,ARG,27.4,4-6 6-3 6-2,3,QF,135,0,5,91,56,39,13,14,6,10,0,2,87,51,31,15,13,5,11,78,598,92,519
1999-475,San Marino,Clay,32,A,19990809,27,102869,,,Galo Blanco,R,173,ESP,22.8,103182,,,Markus Hipfl,R,178,AUT,21.2,7-6(7) 7-6(2),3,QF,114,3,4,85,52,35,15,12,2,6,0,2,83,55,33,13,12,0,4,90,538,73,642
1999-475,San Marino,Clay,32,A,19990809,28,102247,,,Andrea Gaudenzi,R,183,ITA,26.0,103031,,WC,Julian Alonso,R,185,ESP,22.0,6-1 6-3,3,QF,90,0,1,71,51,28,12,8,9,11,0,4,54,23,13,9,8,4,10,99,478,162,276
1999-475,San Marino,Clay,32,A,19990809,29,102287,,,Albert Portas,R,188,ESP,25.7,102548,,,Juan Antonio Marin,R,175,CRC,24.4,6-2 6-4,3,SF,62,1,0,54,33,24,12,9,0,1,1,4,45,23,12,12,9,2,6,72,657,78,598
1999-475,San Marino,Clay,32,A,19990809,30,102869,,,Galo Blanco,R,173,ESP,22.8,102247,,,Andrea Gaudenzi,R,183,ITA,26.0,6-2 6-2,3,SF,85,5,3,55,28,21,14,8,2,3,0,6,76,51,24,12,8,10,15,90,538,99,478
1999-475,San Marino,Clay,32,A,19990809,31,102869,,,Galo Blanco,R,173,ESP,22.8,102287,,,Albert Portas,R,188,ESP,25.7,4-6 6-4 6-3,3,F,114,5,3,85,39,31,26,14,2,4,2,7,95,55,37,20,15,3,7,90,538,72,657
1999-419,Indianapolis,Hard,56,A,19990816,1,101703,,,Guillaume Raoux,R,180,FRA,29.5,101727,,,Jason Stoltenberg,R,185,AUS,29.3,6-3 6-4,3,R64,91,3,4,76,34,24,26,10,2,2,1,4,58,33,24,13,9,4,6,82,580,59,748
1999-419,Indianapolis,Hard,56,A,19990816,2,101965,,,Wayne Ferreira,R,185,RSA,27.9,102765,,Q,Nicolas Escude,R,185,FRA,23.3,6-2 6-4,3,R64,62,7,2,58,35,24,13,9,3,4,0,3,50,29,19,8,9,2,6,36,1080,122,386
1999-419,Indianapolis,Hard,56,A,19990816,3,103018,,Q,Max Mirnyi,R,196,BLR,22.1,101897,16,,Fernando Meligeni,L,180,BRA,28.3,7-6(5) 6-3,3,R64,80,3,2,60,38,32,15,10,0,0,8,6,78,52,37,14,11,4,6,116,422,27,1288
1999-419,Indianapolis,Hard,56,A,19990816,4,102434,,,Vincent Spadea,R,183,USA,25.0,102456,9,,Felix Mantilla,R,180,ESP,24.8,6-3 6-7(2) 6-2,3,R64,124,8,1,80,41,30,25,15,0,2,7,9,98,45,27,28,14,3,8,34,1121,17,1827
1999-419,Indianapolis,Hard,56,A,19990816,5,102809,,,Axel Pretzsch,R,185,GER,23.1,101609,,WC,David Wheaton,R,193,USA,30.2,6-2 6-2,3,R64,58,4,1,43,22,20,14,8,1,1,5,10,55,33,21,7,8,8,12,121,390,356,99
1999-419,Indianapolis,Hard,56,A,19990816,6,103096,,,Arnaud Clement,R,173,FRA,21.6,102539,,,Bohdan Ulihrach,R,188,CZE,24.4,6-4 6-4,3,R64,77,5,1,60,24,16,16,10,1,5,2,6,67,35,18,14,10,8,14,67,680,65,694
1999-419,Indianapolis,Hard,56,A,19990816,7,102854,,,Sjeng Schalken,R,193,NED,22.9,103174,,Q,Noam Okun,R,185,ISR,21.3,6-2 4-6 6-4,3,R64,101,1,3,87,48,33,22,14,4,7,1,3,80,44,30,15,14,7,12,49,874,250,168
1999-419,Indianapolis,Hard,56,A,19990816,8,102318,,,Andrei Pavel,R,183,ROU,25.5,102162,,,Chris Woodruff,R,188,USA,26.6,6-4 6-2,3,R64,70,7,0,50,35,29,10,9,3,3,6,4,70,46,32,8,9,7,10,46,891,73,632
1999-419,Indianapolis,Hard,56,A,19990816,9,102796,,,Magnus Norman,R,188,SWE,23.2,103151,13,,Mariano Zabaleta,R,183,ARG,21.4,7-6(5) 6-3,3,R64,115,6,2,81,52,40,13,11,4,6,3,7,74,25,19,24,10,3,6,35,1081,25,1308
1999-419,Indianapolis,Hard,56,A,19990816,10,102610,12,,Albert Costa,R,180,ESP,24.1,102233,,,Leander Paes,R,178,IND,26.1,7-6(3) 6-4,3,R64,93,5,1,57,36,31,16,11,0,1,5,8,90,49,33,21,11,10,12,21,1453,128,356
1999-419,Indianapolis,Hard,56,A,19990816,11,103206,,,Sebastien Grosjean,R,175,FRA,21.2,101191,,WC,Richey Reneberg,R,180,USA,33.8,7-6(4) 6-3,3,R64,91,13,4,81,41,33,22,11,4,5,3,4,65,31,26,17,10,1,3,32,1132,206,202
1999-419,Indianapolis,Hard,56,A,19990816,12,103248,,Q,Harel Levy,R,185,ISR,21.0,102562,,,Jiri Novak,R,190,CZE,24.4,7-5 6-1,3,R64,67,3,2,63,38,26,13,9,7,8,4,2,58,42,23,7,10,2,7,165,271,40,988
1999-419,Indianapolis,Hard,56,A,19990816,13,103324,,Q,Arnaud Di Pasquale,R,185,FRA,20.5,103084,,,Guillermo Canas,R,185,ARG,21.7,7-5 6-1,3,R64,76,3,3,65,40,28,16,10,2,3,1,7,68,32,23,13,9,8,12,50,833,70,665
1999-419,Indianapolis,Hard,56,A,19990816,14,101932,,Q,Jared Palmer,R,190,USA,28.1,101964,,,Goran Ivanisevic,L,193,CRO,27.9,6-7(6) 6-4 6-3,3,R64,101,9,4,95,65,52,17,15,3,4,15,5,101,53,43,22,16,4,8,242,174,29,1202
1999-419,Indianapolis,Hard,56,A,19990816,15,102839,11,,Nicolas Lapentti,R,188,ECU,23.0,101917,,Q,Grant Stafford,R,188,RSA,28.2,6-3 7-5,3,R64,77,8,4,77,45,33,18,11,5,6,2,7,60,38,29,8,10,4,7,20,1558,520,48
1999-419,Indianapolis,Hard,56,A,19990816,16,101611,14,,Cedric Pioline,R,188,FRA,30.1,103319,,WC,Jeff Morrison,R,185,USA,20.5,7-6(6) 6-3,3,R64,90,1,7,67,29,19,20,10,0,3,8,10,88,44,28,16,11,5,10,23,1383,1053,5
1999-419,Indianapolis,Hard,56,A,19990816,17,103252,,,Alberto Martin,R,175,ESP,20.9,103184,,WC,Bob Bryan,L,193,USA,21.2,7-6(4) 6-3,3,R64,89,1,4,71,46,36,16,11,1,1,4,1,84,54,39,14,10,6,7,55,785,211,195
1999-419,Indianapolis,Hard,56,A,19990816,18,101888,,,Daniel Vacek,R,190,CZE,28.3,101675,,,Martin Rodriguez,R,178,ARG,29.6,3-6 6-2 6-4,3,R64,97,5,7,100,58,40,22,14,6,8,6,9,81,43,32,15,13,4,7,79,595,89,537
1999-419,Indianapolis,Hard,56,A,19990816,19,101733,,,Jan Siemerink,L,183,NED,29.3,103182,,,Markus Hipfl,R,178,AUT,21.3,4-6 6-3 6-4,3,R64,114,10,8,91,50,38,22,15,4,6,1,3,78,52,34,16,14,1,4,51,825,74,630
1999-419,Indianapolis,Hard,56,A,19990816,20,101723,,,Magnus Larsson,R,193,SWE,29.3,102035,,,Jonas Bjorkman,R,183,SWE,27.3,6-4 7-6(4),3,R64,96,11,2,69,43,36,12,11,5,7,4,6,81,47,33,16,11,4,7,92,528,42,979
1999-419,Indianapolis,Hard,56,A,19990816,21,102358,10,,Thomas Enqvist,R,190,SWE,25.4,102433,,,Mose Navarra,L,180,ITA,25.0,7-5 6-0,3,R64,65,7,3,44,22,18,12,9,1,3,4,3,64,32,17,13,9,5,11,19,1648,139,329
1999-419,Indianapolis,Hard,56,A,19990816,22,102110,,,Daniel Nestor,L,190,CAN,26.9,101532,15,,Francisco Clavet,L,183,ESP,30.8,7-6(1) 6-1,3,R64,79,7,2,52,33,27,14,9,1,1,6,3,82,49,33,13,10,6,9,62,705,26,1305
1999-419,Indianapolis,Hard,56,A,19990816,23,102184,,,David Prinosil,R,185,GER,26.4,101235,,,Paul Haarhuis,R,188,NED,33.4,6-3 6-2,3,R64,66,3,3,51,28,19,16,9,4,5,2,3,63,34,18,14,8,8,12,54,797,88,540
1999-419,Indianapolis,Hard,56,A,19990816,24,102179,,,Antony Dupuis,R,185,FRA,26.4,102776,,,Andrew Ilie,R,180,AUS,23.3,7-6(3) 6-2,3,R64,70,10,0,59,38,30,16,10,1,1,1,4,57,29,22,15,10,1,3,106,459,52,803
1999-419,Indianapolis,Hard,56,A,19990816,25,101948,1,,Pete Sampras,R,185,USA,28.0,101703,,,Guillaume Raoux,R,180,FRA,29.5,6-4 7-5,3,R32,79,8,1,51,31,26,15,11,0,1,5,2,60,26,15,23,11,3,6,1,3912,82,580
1999-419,Indianapolis,Hard,56,A,19990816,26,103018,,Q,Max Mirnyi,R,196,BLR,22.1,101965,,,Wayne Ferreira,R,185,RSA,27.9,7-5 6-4,3,R32,91,3,2,75,42,30,21,11,5,5,6,6,78,38,27,21,11,2,4,116,422,36,1080
1999-419,Indianapolis,Hard,56,A,19990816,27,102434,,,Vincent Spadea,R,183,USA,25.0,102809,,,Axel Pretzsch,R,185,GER,23.1,6-3 6-4,3,R32,79,8,1,55,28,22,17,10,0,1,3,5,83,43,30,15,9,10,13,34,1121,121,390
1999-419,Indianapolis,Hard,56,A,19990816,28,103096,,,Arnaud Clement,R,173,FRA,21.6,102563,8,,Thomas Johansson,R,180,SWE,24.3,6-3 6-2,3,R32,66,7,1,56,32,25,13,9,6,7,9,5,53,24,17,10,8,2,6,67,680,18,1798
1999-419,Indianapolis,Hard,56,A,19990816,29,102856,3,,Gustavo Kuerten,R,190,BRA,22.9,102854,,,Sjeng Schalken,R,193,NED,22.9,6-4 6-2,3,R32,65,7,2,51,24,20,18,9,0,0,3,5,62,32,18,17,9,4,7,6,2517,49,874
1999-419,Indianapolis,Hard,56,A,19990816,30,102796,,,Magnus Norman,R,188,SWE,23.2,102318,,,Andrei Pavel,R,183,ROU,25.5,6-3 6-1,3,R32,62,3,4,48,24,23,12,8,1,1,4,2,55,33,21,8,8,5,9,35,1081,46,891
1999-419,Indianapolis,Hard,56,A,19990816,31,103206,,,Sebastien Grosjean,R,175,FRA,21.2,102610,12,,Albert Costa,R,180,ESP,24.1,6-7(0) 6-2 7-5,3,R32,107,8,3,90,46,37,27,16,3,4,1,2,92,68,47,13,16,1,5,32,1132,21,1453
1999-419,Indianapolis,Hard,56,A,19990816,32,102701,6,,Marcelo Rios,L,175,CHI,23.6,103248,,Q,Harel Levy,R,185,ISR,21.0,6-2 7-6(5),3,R32,73,8,5,66,36,26,17,10,4,6,4,2,71,49,31,10,10,5,9,11,2237,165,271
1999-419,Indianapolis,Hard,56,A,19990816,33,103324,,Q,Arnaud Di Pasquale,R,185,FRA,20.5,102882,5,,Mark Philippoussis,R,196,AUS,22.7,6-3 3-6 6-1,3,R32,96,1,7,86,46,35,23,13,4,5,4,8,77,38,28,20,12,4,7,50,833,12,2223
1999-419,Indianapolis,Hard,56,A,19990816,34,102839,11,,Nicolas Lapentti,R,188,ECU,23.0,101932,,Q,Jared Palmer,R,190,USA,28.1,6-2 6-2,3,R32,52,5,2,45,28,23,10,8,3,3,4,1,44,26,14,9,8,2,6,20,1558,242,174
1999-419,Indianapolis,Hard,56,A,19990816,35,101611,14,,Cedric Pioline,R,188,FRA,30.1,103252,,,Alberto Martin,R,175,ESP,20.9,6-0 6-3,3,R32,64,4,5,55,30,24,13,8,2,2,0,6,55,34,18,8,7,6,10,23,1383,55,785
1999-419,Indianapolis,Hard,56,A,19990816,36,102845,4,,Carlos Moya,R,190,ESP,22.9,101888,,,Daniel Vacek,R,190,CZE,28.3,1-6 6-4 7-6(6),3,R32,122,5,4,108,57,35,20,14,2,8,6,10,102,67,41,16,15,7,12,10,2259,79,595
1999-419,Indianapolis,Hard,56,A,19990816,37,101733,,,Jan Siemerink,L,183,NED,29.3,103163,7,,Tommy Haas,R,188,GER,21.3,6-3 7-5,3,R32,81,3,3,66,25,16,28,11,4,6,5,9,69,30,21,18,10,4,8,51,825,15,1975
1999-419,Indianapolis,Hard,56,A,19990816,38,101723,,,Magnus Larsson,R,193,SWE,29.3,102358,10,,Thomas Enqvist,R,190,SWE,25.4,7-6(6) 6-4,3,R32,97,5,5,73,40,29,18,11,2,4,9,6,80,40,31,15,11,2,5,92,528,19,1648
1999-419,Indianapolis,Hard,56,A,19990816,39,102110,,,Daniel Nestor,L,190,CAN,26.9,102184,,,David Prinosil,R,185,GER,26.4,6-3 6-3,3,R32,60,6,0,46,24,19,17,9,0,0,8,3,58,29,20,16,9,6,9,62,705,54,797
1999-419,Indianapolis,Hard,56,A,19990816,40,102158,2,,Patrick Rafter,R,185,AUS,26.6,102179,,,Antony Dupuis,R,185,FRA,26.4,2-6 6-2 7-6(1),3,R32,124,8,5,87,45,35,24,14,0,2,10,7,104,59,39,26,14,8,10,4,3091,106,459
1999-419,Indianapolis,Hard,56,A,19990816,41,101948,1,,Pete Sampras,R,185,USA,28.0,103018,,Q,Max Mirnyi,R,196,BLR,22.1,7-6(4) 6-3,3,R16,82,5,1,71,43,37,15,11,3,4,9,2,62,32,24,16,10,1,3,1,3912,116,422
1999-419,Indianapolis,Hard,56,A,19990816,42,102434,,,Vincent Spadea,R,183,USA,25.0,103096,,,Arnaud Clement,R,173,FRA,21.6,7-5 7-6(5),3,R16,112,1,1,96,47,33,26,12,7,9,7,5,88,47,37,14,12,1,4,34,1121,67,680
1999-419,Indianapolis,Hard,56,A,19990816,43,102856,3,,Gustavo Kuerten,R,190,BRA,22.9,102796,,,Magnus Norman,R,188,SWE,23.2,6-4 7-5,3,R16,76,8,0,55,22,21,23,11,3,4,4,2,69,40,28,14,11,2,5,6,2517,35,1081
1999-419,Indianapolis,Hard,56,A,19990816,44,103206,,,Sebastien Grosjean,R,175,FRA,21.2,102701,6,,Marcelo Rios,L,175,CHI,23.6,6-4 6-2,3,R16,73,4,0,52,29,22,14,9,1,2,0,9,72,39,24,13,9,5,9,32,1132,11,2237
1999-419,Indianapolis,Hard,56,A,19990816,45,102839,11,,Nicolas Lapentti,R,188,ECU,23.0,103324,,Q,Arnaud Di Pasquale,R,185,FRA,20.5,6-4 7-6(5),3,R16,99,11,4,85,44,34,23,11,10,11,1,3,82,54,38,14,11,7,9,20,1558,50,833
1999-419,Indianapolis,Hard,56,A,19990816,46,102845,4,,Carlos Moya,R,190,ESP,22.9,101611,14,,Cedric Pioline,R,188,FRA,30.1,6-4 6-2,3,R16,63,5,2,62,39,28,13,9,3,3,1,5,53,31,20,11,9,2,5,10,2259,23,1383
1999-419,Indianapolis,Hard,56,A,19990816,47,101733,,,Jan Siemerink,L,183,NED,29.3,101723,,,Magnus Larsson,R,193,SWE,29.3,6-2 6-3,3,R16,57,3,1,53,30,24,14,9,2,2,3,3,43,28,19,5,8,3,6,51,825,92,528
1999-419,Indianapolis,Hard,56,A,19990816,48,102158,2,,Patrick Rafter,R,185,AUS,26.6,102110,,,Daniel Nestor,L,190,CAN,26.9,7-6(5) 6-2,3,R16,77,5,4,63,42,36,12,10,3,3,6,5,68,46,35,10,10,3,5,4,3091,62,705
1999-419,Indianapolis,Hard,56,A,19990816,49,102434,,,Vincent Spadea,R,183,USA,25.0,101948,1,,Pete Sampras,R,185,USA,28.0,6-4 3-6 RET,3,QF,61,7,0,51,23,18,19,10,3,4,4,1,53,34,27,13,10,2,3,34,1121,1,3912
1999-419,Indianapolis,Hard,56,A,19990816,50,103206,,,Sebastien Grosjean,R,175,FRA,21.2,102856,3,,Gustavo Kuerten,R,190,BRA,22.9,6-4 6-3,3,QF,63,4,2,58,36,29,11,10,1,2,3,2,49,24,18,12,9,5,8,32,1132,6,2517
1999-419,Indianapolis,Hard,56,A,19990816,51,102839,11,,Nicolas Lapentti,R,188,ECU,23.0,102845,4,,Carlos Moya,R,190,ESP,22.9,6-1 6-2,3,QF,62,4,3,57,31,24,14,8,5,5,1,1,46,27,15,6,7,1,5,20,1558,10,2259
1999-419,Indianapolis,Hard,56,A,19990816,52,101733,,,Jan Siemerink,L,183,NED,29.3,102158,2,,Patrick Rafter,R,185,AUS,26.6,W/O,3,QF,,,,,,,,,,,,,,,,,,,,51,825,4,3091
1999-419,Indianapolis,Hard,56,A,19990816,53,102434,,,Vincent Spadea,R,183,USA,25.0,103206,,,Sebastien Grosjean,R,175,FRA,21.2,6-3 6-7(4) 7-6(4),3,SF,163,6,1,111,58,41,28,17,2,6,6,7,119,56,41,26,16,11,16,34,1121,32,1132
1999-419,Indianapolis,Hard,56,A,19990816,54,102839,11,,Nicolas Lapentti,R,188,ECU,23.0,101733,,,Jan Siemerink,L,183,NED,29.3,6-4 6-2,3,SF,69,0,1,53,27,22,17,9,1,1,6,4,54,33,23,8,9,3,6,20,1558,51,825
1999-419,Indianapolis,Hard,56,A,19990816,55,102839,11,,Nicolas Lapentti,R,188,ECU,23.0,102434,,,Vincent Spadea,R,183,USA,25.0,4-6 6-4 6-4,3,F,128,3,1,84,55,38,15,15,1,5,0,2,91,46,30,24,15,7,12,20,1558,34,1121
1999-418,Washington,Hard,56,A,19990816,1,102286,,,Wayne Black,R,170,ZIM,25.7,102234,,,Oliver Gross,R,185,GER,26.1,6-3 6-1,3,R64,67,2,1,61,28,19,22,8,8,8,1,6,52,36,21,3,8,4,8,112,447,108,452
1999-418,Washington,Hard,56,A,19990816,2,101885,,,Wayne Arthurs,L,190,AUS,28.4,108998,,WC,Patrick Osnua,R,,USA,25.6,6-1 6-4,3,R64,68,15,5,47,22,21,15,9,0,0,3,3,62,35,24,9,8,2,5,95,514,1303,1
1999-418,Washington,Hard,56,A,19990816,3,102925,,,Justin Gimelstob,R,196,USA,22.5,101735,15,,Richard Fromberg,R,196,AUS,29.3,6-4 2-6 7-6(4),3,R64,145,8,4,107,60,40,23,15,4,8,14,8,104,64,44,21,15,4,7,91,531,93,524
1999-418,Washington,Hard,56,A,19990816,4,102783,10,,Rainer Schuettler,R,180,GER,23.3,101900,,,Nicklas Kulti,R,190,SWE,28.3,6-1 7-5,3,R64,69,3,1,63,42,27,14,10,4,5,5,4,46,22,16,8,9,1,5,45,900,102,472
1999-418,Washington,Hard,56,A,19990816,5,102720,,,Tomas Zib,R,178,CZE,23.5,102831,,,Jacobo Diaz,R,173,ESP,23.0,7-6(1) 7-6(4),3,R64,130,6,4,90,52,35,17,12,6,11,6,2,94,61,34,15,12,7,12,135,342,113,439
1999-418,Washington,Hard,56,A,19990816,6,103602,,WC,Fernando Gonzalez,R,183,CHI,19.0,103344,,WC,Ivan Ljubicic,R,193,CRO,20.4,1-6 6-3 6-4,3,R64,107,7,18,109,48,39,25,13,10,13,5,3,70,38,31,16,13,3,6,449,64,100,492
1999-418,Washington,Hard,56,A,19990816,7,103193,,,Peter Wessels,R,196,NED,21.2,103484,,WC,James Blake,R,185,USA,19.6,6-4 6-1,3,R64,44,8,0,50,38,30,7,9,2,2,5,1,43,25,19,6,8,0,3,120,409,333,109
1999-418,Washington,Hard,56,A,19990816,8,102455,,,Lorenzo Manta,R,190,SUI,24.9,102863,,,Takao Suzuki,R,175,JPN,22.9,2-6 6-4 6-2,3,R64,97,8,7,78,34,26,26,13,1,3,2,7,87,59,39,14,13,2,5,114,436,227,185
1999-418,Washington,Hard,56,A,19990816,9,102466,14,,Jan Kroslak,R,188,SVK,24.8,102743,,Q,Ben Ellwood,R,178,AUS,23.4,6-2 6-4,3,R64,80,3,7,78,50,33,14,9,7,8,5,6,60,31,18,13,9,4,8,71,663,327,114
1999-418,Washington,Hard,56,A,19990816,10,102202,,,Kenneth Carlsen,L,190,DEN,26.3,102998,11,,Jan Michael Gambill,R,190,USA,22.2,7-6(3) 4-6 6-4,3,R64,117,13,0,83,57,43,14,16,0,3,11,7,98,52,39,20,16,2,5,83,570,53,800
1999-418,Washington,Hard,56,A,19990816,11,102770,,,John Van Lottum,R,185,NED,23.3,101947,,,Vincenzo Santopadre,L,183,ITA,28.0,6-1 6-1,3,R64,41,0,1,34,17,14,14,7,0,0,1,2,36,17,6,6,7,2,7,90,532,136,338
1999-418,Washington,Hard,56,A,19990816,12,102497,,Q,Mashiska Washington,R,180,USA,24.6,103428,,,Juan Ignacio Chela,R,190,ARG,19.9,2-6 6-3 6-4,3,R64,103,0,2,86,64,43,13,14,4,6,3,2,81,49,33,18,13,4,6,347,103,126,365
1999-418,Washington,Hard,56,A,19990816,13,101150,,,Gianluca Pozzi,L,180,ITA,34.1,102401,,,Scott Draper,L,178,AUS,25.1,6-3 6-3,3,R64,58,4,0,50,22,19,18,9,2,2,3,2,54,25,17,14,9,0,3,81,583,144,312
1999-418,Washington,Hard,56,A,19990816,14,102834,,,Paul Goldstein,R,178,USA,23.0,102821,,,Cecil Mamiit,R,173,PHI,23.1,7-5 6-4,3,R64,109,0,5,97,66,36,13,11,8,13,1,2,71,34,18,15,11,5,12,97,510,84,559
1999-418,Washington,Hard,56,A,19990816,15,210013,,,Martin Damm Sr,R,188,CZE,27.0,101647,12,,Byron Black,R,175,ZIM,29.8,6-2 6-2,3,R64,57,8,3,50,29,24,8,8,5,6,1,4,42,19,10,9,8,0,5,,,56,779
1999-418,Washington,Hard,56,A,19990816,16,102021,13,,Michael Chang,R,175,USA,27.4,102800,,Q,Nenad Zimonjic,R,190,SRB,23.1,6-0 6-1,3,R64,37,3,0,45,27,22,9,7,0,0,2,1,33,21,10,2,6,0,5,48,877,238,177
1999-418,Washington,Hard,56,A,19990816,17,102887,,,Ramon Delgado,R,185,PAR,22.7,103789,,Q,Irakli Labadze,L,188,GEO,18.1,3-6 7-6(3) 6-1,3,R64,100,10,5,93,56,46,20,15,6,8,5,3,82,41,31,23,13,3,5,80,590,319,118
1999-418,Washington,Hard,56,A,19990816,18,103709,,WC,Kristian Pless,R,188,DEN,18.5,102437,,,Adrian Voinea,R,185,ROU,25.0,7-5 6-0,3,R64,52,4,2,47,28,23,14,9,0,0,3,5,55,29,19,11,9,2,6,586,34,117,420
1999-418,Washington,Hard,56,A,19990816,19,102205,,,Sebastien Lareau,R,183,CAN,26.3,101463,,,Bernd Karbacher,R,185,GER,31.3,6-4 3-6 6-1,3,R64,105,11,5,81,33,26,30,13,5,6,15,1,82,50,35,16,13,4,7,98,502,86,546
1999-418,Washington,Hard,56,A,19990816,20,101086,,,Ronald Agenor,R,180,USA,34.7,102061,,Q,Kevin Ullyett,R,178,ZIM,27.2,6-7(3) 7-6(5) 6-3,3,R64,133,2,7,115,84,61,14,17,7,9,7,6,111,69,45,25,16,5,8,103,467,186,222
1999-418,Washington,Hard,56,A,19990816,21,102148,9,,Fabrice Santoro,R,178,FRA,26.6,102024,,,Hernan Gumy,R,188,ARG,27.4,6-3 3-6 6-1,3,R64,96,2,2,69,44,31,17,13,2,4,3,5,66,41,28,14,12,3,7,43,962,87,542
1999-418,Washington,Hard,56,A,19990816,22,102133,,,Laurence Tieleman,R,180,ITA,26.7,101382,16,,Marcelo Filippini,R,178,URU,32.0,6-3 6-3,3,R64,63,3,1,53,28,22,17,9,0,0,1,1,47,28,20,9,9,1,4,109,451,78,599
1999-418,Washington,Hard,56,A,19990816,23,103451,,Q,Bjorn Phau,R,175,GER,19.8,103819,,,Roger Federer,R,185,SUI,18.0,6-2 6-3,3,R64,68,4,3,55,30,20,16,8,6,7,1,4,76,42,26,11,9,4,9,407,82,104,466
1999-418,Washington,Hard,56,A,19990816,24,102025,,Q,Mikael Tillstrom,R,185,SWE,27.4,103598,,,Xavier Malisse,R,185,BEL,19.0,6-3 3-6 7-5,3,R64,99,2,6,94,57,34,17,15,5,10,2,6,94,62,39,12,15,4,10,137,336,111,449
1999-418,Washington,Hard,56,A,19990816,25,102338,1,,Yevgeny Kafelnikov,R,190,RUS,25.4,102286,,,Wayne Black,R,170,ZIM,25.7,0-6 6-2 6-4,3,R32,81,6,3,74,36,27,19,12,4,7,7,5,74,41,29,16,12,2,5,2,3551,112,447
1999-418,Washington,Hard,56,A,19990816,26,102925,,,Justin Gimelstob,R,196,USA,22.5,101885,,,Wayne Arthurs,L,190,AUS,28.4,6-4 6-1,3,R32,65,4,3,59,37,28,11,8,9,9,8,4,50,27,18,10,9,1,5,91,531,95,514
1999-418,Washington,Hard,56,A,19990816,27,102720,,,Tomas Zib,R,178,CZE,23.5,102783,10,,Rainer Schuettler,R,180,GER,23.3,6-7(2) 7-5 3-0 RET,3,R32,127,2,3,102,61,39,24,14,7,9,7,5,88,47,32,21,14,5,9,135,342,45,900
1999-418,Washington,Hard,56,A,19990816,28,101820,7,,Marc Rosset,R,201,SUI,28.7,103602,,WC,Fernando Gonzalez,R,183,CHI,19.0,7-6(9) 6-4,3,R32,81,7,2,70,34,29,20,11,2,4,4,4,74,55,33,12,11,6,9,31,1154,449,64
1999-418,Washington,Hard,56,A,19990816,29,102450,3,,Tim Henman,R,185,GBR,24.9,103193,,,Peter Wessels,R,196,NED,21.2,7-6(2) 7-5,3,R32,85,11,1,71,40,37,19,12,3,3,9,3,81,55,41,11,12,2,3,5,2548,120,409
1999-418,Washington,Hard,56,A,19990816,30,102466,14,,Jan Kroslak,R,188,SVK,24.8,102455,,,Lorenzo Manta,R,190,SUI,24.9,7-5 7-6(3),3,R32,90,4,5,87,49,39,21,12,6,7,11,4,77,39,28,21,12,4,6,71,663,114,436
1999-418,Washington,Hard,56,A,19990816,31,102770,,,John Van Lottum,R,185,NED,23.3,102202,,,Kenneth Carlsen,L,190,DEN,26.3,6-4 1-6 7-6(5),3,R32,144,3,7,109,55,35,26,15,8,13,8,4,100,70,47,14,14,5,8,90,532,83,570
1999-418,Washington,Hard,56,A,19990816,32,103017,6,,Nicolas Kiefer,R,183,GER,22.1,102497,,Q,Mashiska Washington,R,180,USA,24.6,6-4 6-2,3,R32,72,7,2,48,26,23,12,9,1,2,2,2,58,42,25,7,9,2,6,16,1884,347,103
1999-418,Washington,Hard,56,A,19990816,33,102374,5,,Alex Corretja,R,180,ESP,25.3,101150,,,Gianluca Pozzi,L,180,ITA,34.1,7-6(5) 1-6 7-5,3,R32,154,0,2,99,53,35,25,15,5,9,5,1,114,57,45,24,16,2,5,8,2350,81,583
1999-418,Washington,Hard,56,A,19990816,34,102834,,,Paul Goldstein,R,178,USA,23.0,210013,,,Martin Damm Sr,R,188,CZE,27.0,5-7 7-5 6-2,3,R32,140,2,0,99,63,46,19,16,5,8,16,5,104,58,42,21,16,5,10,97,510,,
1999-418,Washington,Hard,56,A,19990816,35,102887,,,Ramon Delgado,R,185,PAR,22.7,102021,13,,Michael Chang,R,175,USA,27.4,6-4 1-6 6-3,3,R32,114,8,5,91,49,33,20,13,6,9,6,3,71,39,32,13,13,0,3,80,590,48,877
1999-418,Washington,Hard,56,A,19990816,36,101774,4,,Todd Martin,R,198,USA,29.1,103709,,WC,Kristian Pless,R,188,DEN,18.5,6-4 6-4,3,R32,63,8,3,48,32,30,10,10,0,0,8,3,78,51,34,13,10,7,9,7,2356,586,34
1999-418,Washington,Hard,56,A,19990816,37,103498,8,,Marat Safin,R,193,RUS,19.5,102205,,,Sebastien Lareau,R,183,CAN,26.3,7-5 7-6(2),3,R32,84,13,0,69,33,28,26,12,0,0,7,10,84,40,33,22,12,7,8,33,1131,98,502
1999-418,Washington,Hard,56,A,19990816,38,102148,9,,Fabrice Santoro,R,178,FRA,26.6,101086,,,Ronald Agenor,R,180,USA,34.7,6-4 6-4,3,R32,74,4,2,62,41,31,13,10,2,2,1,3,63,47,33,7,10,1,3,43,962,103,467
1999-418,Washington,Hard,56,A,19990816,39,103451,,Q,Bjorn Phau,R,175,GER,19.8,102133,,,Laurence Tieleman,R,180,ITA,26.7,3-6 6-3 6-4,3,R32,109,3,4,92,50,32,27,14,4,6,12,9,101,52,38,23,14,4,7,407,82,109,451
1999-418,Washington,Hard,56,A,19990816,40,101736,2,,Andre Agassi,R,180,USA,29.2,102025,,Q,Mikael Tillstrom,R,185,SWE,27.4,6-1 6-1,3,R32,50,2,0,40,21,17,14,7,2,2,2,2,59,37,20,6,7,6,11,3,3507,137,336
1999-418,Washington,Hard,56,A,19990816,41,102338,1,,Yevgeny Kafelnikov,R,190,RUS,25.4,102925,,,Justin Gimelstob,R,196,USA,22.5,7-5 6-4,3,R16,83,1,3,64,33,27,18,11,3,4,10,4,66,36,33,8,11,2,5,2,3551,91,531
1999-418,Washington,Hard,56,A,19990816,42,102720,,,Tomas Zib,R,178,CZE,23.5,101820,7,,Marc Rosset,R,201,SUI,28.7,6-3 6-2,3,R16,72,6,2,62,39,33,10,9,4,4,9,9,62,29,22,13,8,6,9,135,342,31,1154
1999-418,Washington,Hard,56,A,19990816,43,102466,14,,Jan Kroslak,R,188,SVK,24.8,102450,3,,Tim Henman,R,185,GBR,24.9,3-6 6-3 6-4,3,R16,104,4,5,89,60,39,14,14,2,6,6,7,81,46,31,16,14,6,11,71,663,5,2548
1999-418,Washington,Hard,56,A,19990816,44,103017,6,,Nicolas Kiefer,R,183,GER,22.1,102770,,,John Van Lottum,R,185,NED,23.3,7-5 6-2,3,R16,98,6,0,73,37,27,14,10,6,9,3,3,66,29,17,15,10,7,13,16,1884,90,532
1999-418,Washington,Hard,56,A,19990816,45,102834,,,Paul Goldstein,R,178,USA,23.0,102374,5,,Alex Corretja,R,180,ESP,25.3,7-6(9) 7-6(5),3,R16,131,1,2,82,58,35,12,12,3,7,3,5,94,55,32,22,12,7,11,97,510,8,2350
1999-418,Washington,Hard,56,A,19990816,46,101774,4,,Todd Martin,R,198,USA,29.1,102887,,,Ramon Delgado,R,185,PAR,22.7,W/O,3,R16,,,,,,,,,,,,,,,,,,,,7,2356,80,590
1999-418,Washington,Hard,56,A,19990816,47,102148,9,,Fabrice Santoro,R,178,FRA,26.6,103498,8,,Marat Safin,R,193,RUS,19.5,6-0 6-4,3,R16,58,3,1,46,27,22,9,8,2,3,3,1,51,26,15,11,8,4,9,43,962,33,1131
1999-418,Washington,Hard,56,A,19990816,48,101736,2,,Andre Agassi,R,180,USA,29.2,103451,,Q,Bjorn Phau,R,175,GER,19.8,6-1 6-3,3,R16,57,3,0,38,24,21,11,8,0,0,1,5,66,39,20,13,8,6,10,3,3507,407,82
1999-418,Washington,Hard,56,A,19990816,49,102338,1,,Yevgeny Kafelnikov,R,190,RUS,25.4,102720,,,Tomas Zib,R,178,CZE,23.5,6-1 6-7(7) 7-5,3,QF,126,12,7,106,52,41,30,16,3,4,12,2,106,74,50,14,15,6,10,2,3551,135,342
1999-418,Washington,Hard,56,A,19990816,50,103017,6,,Nicolas Kiefer,R,183,GER,22.1,102466,14,,Jan Kroslak,R,188,SVK,24.8,6-4 6-3,3,QF,68,5,4,58,32,23,6,10,3,8,2,11,52,27,15,5,9,3,10,16,1884,71,663
1999-418,Washington,Hard,56,A,19990816,51,101774,4,,Todd Martin,R,198,USA,29.1,102834,,,Paul Goldstein,R,178,USA,23.0,6-4 7-5,3,QF,77,12,4,60,35,31,13,11,3,4,2,2,69,41,24,18,11,7,10,7,2356,97,510
1999-418,Washington,Hard,56,A,19990816,52,101736,2,,Andre Agassi,R,180,USA,29.2,102148,9,,Fabrice Santoro,R,178,FRA,26.6,6-4 7-5,3,QF,93,3,1,63,33,25,22,11,3,3,4,1,83,50,34,17,11,7,9,3,3507,43,962
1999-418,Washington,Hard,56,A,19990816,53,102338,1,,Yevgeny Kafelnikov,R,190,RUS,25.4,103017,6,,Nicolas Kiefer,R,183,GER,22.1,6-2 2-6 6-3,3,SF,98,4,1,77,41,32,19,13,7,10,16,3,81,43,30,18,12,7,11,2,3551,16,1884
1999-418,Washington,Hard,56,A,19990816,54,101736,2,,Andre Agassi,R,180,USA,29.2,101774,4,,Todd Martin,R,198,USA,29.1,6-4 6-2,3,SF,76,12,2,56,35,30,10,9,4,4,12,3,66,38,25,11,9,10,13,3,3507,7,2356
1999-418,Washington,Hard,56,A,19990816,55,101736,2,,Andre Agassi,R,180,USA,29.2,102338,1,,Yevgeny Kafelnikov,R,190,RUS,25.4,7-6(3) 6-1,3,F,81,7,1,65,43,33,13,10,4,5,3,4,67,37,26,11,9,4,7,3,3507,2,3551
1999-80,Boston,Hard,32,A,19990823,1,102257,1,,Greg Rusedski,L,193,GBR,25.9,102202,,Q,Kenneth Carlsen,L,190,DEN,26.3,6-7(3) 6-2 7-5,3,R32,147,9,3,92,62,51,18,16,3,4,8,1,122,75,54,19,16,9,13,9,2289,83,570
1999-80,Boston,Hard,32,A,19990823,2,102469,,Q,Solon Peppas,R,,GRE,24.8,103252,,,Alberto Martin,R,175,ESP,21.0,5-7 6-3 6-4,3,R32,105,4,4,91,61,44,19,16,3,5,6,1,78,58,40,13,15,3,6,386,87,55,785
1999-80,Boston,Hard,32,A,19990823,3,102821,,,Cecil Mamiit,R,173,PHI,23.1,102548,,,Juan Antonio Marin,R,175,CRC,24.4,7-6(1) 6-4,3,R32,94,4,3,69,47,36,10,11,2,4,1,6,72,28,20,21,11,3,6,84,559,69,657
1999-80,Boston,Hard,32,A,19990823,4,102035,8,,Jonas Bjorkman,R,183,SWE,27.4,102466,,,Jan Kroslak,R,188,SVK,24.8,6-2 7-6(4),3,R32,85,4,0,68,44,32,14,10,4,5,5,3,76,53,36,8,10,5,8,41,979,57,759
1999-80,Boston,Hard,32,A,19990823,5,102456,3,,Felix Mantilla,R,180,ESP,24.9,103084,,,Guillermo Canas,R,185,ARG,21.7,7-6(9) 6-3,3,R32,111,6,2,78,36,30,23,11,3,4,4,2,77,31,22,26,10,7,9,17,1827,68,665
1999-80,Boston,Hard,32,A,19990823,6,103096,,,Arnaud Clement,R,173,FRA,21.6,101792,,,Slava Dosedel,R,183,CZE,29.0,3-6 7-6(1) 6-2,3,R32,118,4,5,103,67,45,18,15,7,11,4,5,101,66,40,17,14,2,6,61,717,97,497
1999-80,Boston,Hard,32,A,19990823,7,102776,,,Andrew Ilie,R,180,AUS,23.3,102318,,,Andrei Pavel,R,183,ROU,25.5,6-3 1-0 RET,3,R32,43,2,0,32,19,13,10,6,2,2,2,1,33,21,13,4,5,2,4,53,803,46,891
1999-80,Boston,Hard,32,A,19990823,8,103206,5,,Sebastien Grosjean,R,175,FRA,21.2,101703,,,Guillaume Raoux,R,180,FRA,29.5,6-4 3-6 6-3,3,R32,116,7,3,86,49,38,20,14,5,7,3,2,83,41,27,26,14,8,11,27,1303,98,496
1999-80,Boston,Hard,32,A,19990823,9,103498,6,,Marat Safin,R,193,RUS,19.5,101150,,,Gianluca Pozzi,L,180,ITA,34.1,7-5 7-5,3,R32,89,3,5,69,31,25,23,12,1,2,4,3,77,36,27,22,12,7,10,33,1136,81,582
1999-80,Boston,Hard,32,A,19990823,10,103184,,Q,Bob Bryan,L,193,USA,21.3,103182,,,Markus Hipfl,R,178,AUT,21.3,6-3 6-2,3,R32,56,4,2,50,24,20,16,9,4,5,4,4,46,28,17,7,8,3,7,233,179,73,629
1999-80,Boston,Hard,32,A,19990823,11,102184,,,David Prinosil,R,185,GER,26.4,102458,,Q,Jim Thomas,R,193,USA,24.9,6-2 6-1,3,R32,69,6,2,48,26,18,13,8,5,6,1,4,50,26,14,7,7,3,8,52,809,421,74
1999-80,Boston,Hard,32,A,19990823,12,101611,4,,Cedric Pioline,R,188,FRA,30.1,103292,,,Gaston Gaudio,R,175,ARG,20.7,6-4 6-0,3,R32,56,9,2,45,26,20,12,8,0,1,4,4,50,23,13,10,8,6,11,24,1390,64,688
1999-80,Boston,Hard,32,A,19990823,13,102227,,,Sargis Sargsian,R,180,ARM,26.2,101793,7,,Jim Courier,R,185,USA,29.0,6-4 6-4,3,R32,92,4,0,57,31,27,16,10,1,1,2,1,67,37,26,14,10,6,8,60,719,36,1053
1999-80,Boston,Hard,32,A,19990823,14,102854,,,Sjeng Schalken,R,193,NED,22.9,101235,,,Paul Haarhuis,R,188,NED,33.5,4-6 6-3 6-0,3,R32,98,4,8,102,57,36,27,13,12,14,2,3,76,48,29,11,12,4,9,51,874,88,540
1999-80,Boston,Hard,32,A,19990823,15,102110,,,Daniel Nestor,L,190,CAN,26.9,101675,,,Martin Rodriguez,R,178,ARG,29.6,6-2 6-2,3,R32,60,7,3,44,31,26,7,8,1,1,8,5,63,37,24,7,8,5,9,58,745,96,503
1999-80,Boston,Hard,32,A,19990823,16,102701,2,,Marcelo Rios,L,175,CHI,23.6,103484,,WC,James Blake,R,185,USA,19.6,6-3 7-6(4),3,R32,86,3,1,82,47,31,21,11,4,6,3,2,69,32,20,21,10,2,5,10,2237,329,109
1999-80,Boston,Hard,32,A,19990823,17,102257,1,,Greg Rusedski,L,193,GBR,25.9,102469,,Q,Solon Peppas,R,,GRE,24.8,6-3 6-3,3,R16,53,6,2,46,26,23,14,9,2,2,0,0,49,42,25,6,9,2,5,9,2289,386,87
1999-80,Boston,Hard,32,A,19990823,18,102035,8,,Jonas Bjorkman,R,183,SWE,27.4,102821,,,Cecil Mamiit,R,173,PHI,23.1,6-0 6-7(3) 7-6(6),3,R16,139,5,5,98,62,49,18,15,5,6,4,4,117,74,48,20,15,3,7,41,979,84,559
1999-80,Boston,Hard,32,A,19990823,19,103096,,,Arnaud Clement,R,173,FRA,21.6,102456,3,,Felix Mantilla,R,180,ESP,24.9,6-2 6-1,3,R16,55,7,2,48,27,23,9,8,2,3,1,2,35,17,8,4,7,1,6,61,717,17,1827
1999-80,Boston,Hard,32,A,19990823,20,103206,5,,Sebastien Grosjean,R,175,FRA,21.2,102776,,,Andrew Ilie,R,180,AUS,23.3,W/O,3,R16,,,,,,,,,,,,,,,,,,,,27,1303,53,803
1999-80,Boston,Hard,32,A,19990823,21,103498,6,,Marat Safin,R,193,RUS,19.5,103184,,Q,Bob Bryan,L,193,USA,21.3,6-4 7-6(3),3,R16,71,13,4,64,31,27,19,11,1,2,3,1,75,45,33,14,11,3,5,33,1136,233,179
1999-80,Boston,Hard,32,A,19990823,22,102184,,,David Prinosil,R,185,GER,26.4,101611,4,,Cedric Pioline,R,188,FRA,30.1,7-6(1) 6-3,3,R16,81,7,1,59,35,30,17,11,1,2,3,5,66,30,25,16,10,2,4,52,809,24,1390
1999-80,Boston,Hard,32,A,19990823,23,102854,,,Sjeng Schalken,R,193,NED,22.9,102227,,,Sargis Sargsian,R,180,ARM,26.2,6-2 6-3,3,R16,77,4,4,57,29,24,14,9,3,4,2,2,54,28,17,10,8,3,7,51,874,60,719
1999-80,Boston,Hard,32,A,19990823,24,102701,2,,Marcelo Rios,L,175,CHI,23.6,102110,,,Daniel Nestor,L,190,CAN,26.9,6-7(6) 6-2 6-4,3,R16,105,5,12,106,56,47,24,15,7,8,13,8,88,50,37,19,15,1,5,10,2237,58,745
1999-80,Boston,Hard,32,A,19990823,25,102257,1,,Greg Rusedski,L,193,GBR,25.9,102035,8,,Jonas Bjorkman,R,183,SWE,27.4,7-5 6-3,3,QF,81,2,2,69,42,29,14,11,4,6,0,6,55,22,14,18,10,3,7,9,2289,41,979
1999-80,Boston,Hard,32,A,19990823,26,103096,,,Arnaud Clement,R,173,FRA,21.6,103206,5,,Sebastien Grosjean,R,175,FRA,21.2,1-6 6-4 6-3,3,QF,132,2,3,100,53,36,22,13,13,17,7,2,83,44,32,17,13,8,12,61,717,27,1303
1999-80,Boston,Hard,32,A,19990823,27,103498,6,,Marat Safin,R,193,RUS,19.5,102184,,,David Prinosil,R,185,GER,26.4,6-4 6-2,3,QF,72,9,1,51,26,21,14,9,2,3,3,9,70,31,21,14,9,8,12,33,1136,52,809
1999-80,Boston,Hard,32,A,19990823,28,102854,,,Sjeng Schalken,R,193,NED,22.9,102701,2,,Marcelo Rios,L,175,CHI,23.6,7-5 6-0,3,QF,59,3,3,49,32,25,10,9,2,3,3,7,67,30,20,12,9,6,11,51,874,10,2237
1999-80,Boston,Hard,32,A,19990823,29,102257,1,,Greg Rusedski,L,193,GBR,25.9,103096,,,Arnaud Clement,R,173,FRA,21.6,6-4 5-7 6-2,3,SF,108,19,1,85,57,47,13,15,1,3,3,4,92,54,33,20,15,5,9,9,2289,61,717
1999-80,Boston,Hard,32,A,19990823,30,103498,6,,Marat Safin,R,193,RUS,19.5,102854,,,Sjeng Schalken,R,193,NED,22.9,5-7 6-3 6-1,3,SF,89,8,2,79,40,33,23,14,1,2,2,7,81,45,35,16,14,1,5,33,1136,51,874
1999-80,Boston,Hard,32,A,19990823,31,103498,6,,Marat Safin,R,193,RUS,19.5,102257,1,,Greg Rusedski,L,193,GBR,25.9,6-4 7-6(11),3,F,81,16,7,77,42,36,22,11,0,0,6,2,73,51,39,14,11,1,2,33,1136,9,2289
1999-441,Long Island,Hard,32,A,19990823,1,102338,1,,Yevgeny Kafelnikov,R,190,RUS,25.5,102558,,Q,Eric Taino,L,175,PHI,24.4,6-3 6-4,3,R32,76,14,4,79,43,39,15,10,6,6,7,2,58,33,24,12,9,2,4,3,3616,496,52
1999-441,Long Island,Hard,32,A,19990823,2,102148,,,Fabrice Santoro,R,178,FRA,26.7,101463,,Q,Bernd Karbacher,R,185,GER,31.3,3-6 6-3 7-6(4),3,R32,125,8,2,92,54,43,23,15,2,3,6,1,93,59,43,21,15,1,2,38,1006,86,545
1999-441,Long Island,Hard,32,A,19990823,3,102796,,,Magnus Norman,R,188,SWE,23.2,102905,,,Stefan Koubek,L,175,AUT,22.6,6-4 6-2,3,R32,68,4,2,55,25,22,17,9,3,3,4,1,51,32,22,9,9,3,6,34,1121,44,938
1999-441,Long Island,Hard,32,A,19990823,4,103264,,LL,Mariano Puerta,L,180,ARG,20.9,102610,8,,Albert Costa,R,180,ESP,24.1,6-4 6-1,3,R32,74,4,1,57,37,28,13,10,0,0,4,1,54,41,28,7,9,3,5,70,654,21,1468
1999-441,Long Island,Hard,32,A,19990823,5,101897,,,Fernando Meligeni,L,180,BRA,28.3,102845,3,,Carlos Moya,R,190,ESP,22.9,6-7(1) 7-6(2) 6-3,3,R32,135,3,7,115,69,43,24,17,7,13,6,3,116,56,37,25,16,8,15,29,1288,8,2292
1999-441,Long Island,Hard,32,A,19990823,6,101727,,,Jason Stoltenberg,R,185,AUS,29.3,102950,,,Fernando Vicente,R,180,ESP,22.4,6-2 6-4,3,R32,57,2,1,53,29,21,16,9,3,4,1,0,46,34,18,7,9,0,4,66,680,40,986
1999-441,Long Island,Hard,32,A,19990823,7,101962,,,Younes El Aynaoui,R,193,MAR,27.9,101532,,,Francisco Clavet,L,183,ESP,30.8,7-5 6-1,3,R32,70,10,3,64,42,34,11,10,5,5,2,5,58,27,20,13,9,5,8,25,1353,28,1298
1999-441,Long Island,Hard,32,A,19990823,8,102563,6,,Thomas Johansson,R,180,SWE,24.4,103151,,,Mariano Zabaleta,R,183,ARG,21.4,5-7 6-4 6-3,3,R32,127,13,5,87,33,30,35,16,2,3,14,8,98,50,41,22,15,5,7,18,1721,26,1308
1999-441,Long Island,Hard,32,A,19990823,9,101990,5,,Richard Krajicek,R,196,NED,27.7,102998,,,Jan Michael Gambill,R,190,USA,22.2,6-4 6-3,3,R32,67,14,3,50,27,25,14,9,4,4,6,7,71,38,27,13,10,6,9,12,2080,54,800
1999-441,Long Island,Hard,32,A,19990823,10,102539,,,Bohdan Ulihrach,R,188,CZE,24.4,102562,,,Jiri Novak,R,190,CZE,24.4,1-6 6-3 6-2,3,R32,97,1,8,91,45,32,20,12,6,10,7,6,87,44,27,18,12,9,14,80,589,39,988
1999-441,Long Island,Hard,32,A,19990823,11,102104,,,Christian Ruud,R,188,NOR,26.9,101733,,,Jan Siemerink,L,183,NED,29.3,6-3 6-3,3,R32,70,4,3,64,36,25,12,9,2,4,4,7,52,25,16,9,9,0,5,56,775,45,928
1999-441,Long Island,Hard,32,A,19990823,12,101888,,,Daniel Vacek,R,190,CZE,28.3,103240,,Q,Kevin Kim,R,180,USA,21.0,6-4 6-2,3,R32,51,5,2,48,32,26,11,9,1,1,1,2,46,30,22,5,9,0,3,75,611,256,162
1999-441,Long Island,Hard,32,A,19990823,13,102358,7,,Thomas Enqvist,R,190,SWE,25.4,101723,,,Magnus Larsson,R,193,SWE,29.4,4-6 7-6(3) 6-1,3,R32,108,13,2,89,51,38,24,14,4,6,13,3,97,70,49,9,15,4,8,20,1663,82,574
1999-441,Long Island,Hard,32,A,19990823,14,101964,,,Goran Ivanisevic,L,193,CRO,27.9,103324,,,Arnaud Di Pasquale,R,185,FRA,20.5,6-2 6-3,3,R32,48,13,3,45,26,20,14,8,1,1,2,5,50,25,19,10,9,1,5,42,973,49,880
1999-441,Long Island,Hard,32,A,19990823,15,210013,,Q,Martin Damm Sr,R,188,CZE,27.0,102446,,,Andrei Medvedev,R,193,UKR,24.9,6-1 6-4,3,R32,59,2,6,60,43,33,6,9,3,4,3,5,47,24,16,8,8,1,5,,,35,1062
1999-441,Long Island,Hard,32,A,19990823,16,102374,2,,Alex Corretja,R,180,ESP,25.3,101820,,,Marc Rosset,R,201,SUI,28.7,6-7(4) 6-3 6-4,3,R32,138,7,2,83,47,39,25,16,0,1,19,13,121,64,52,23,15,18,21,13,1998,32,1163
1999-441,Long Island,Hard,32,A,19990823,17,102338,1,,Yevgeny Kafelnikov,R,190,RUS,25.5,102148,,,Fabrice Santoro,R,178,FRA,26.7,7-6(6) 6-0,3,R16,155,2,4,56,30,22,18,9,1,2,4,1,76,37,20,20,9,7,11,3,3616,38,1006
1999-441,Long Island,Hard,32,A,19990823,18,102796,,,Magnus Norman,R,188,SWE,23.2,103264,,LL,Mariano Puerta,L,180,ARG,20.9,6-3 6-3,3,R16,76,4,1,50,30,22,12,9,2,3,4,1,63,47,25,7,9,7,11,34,1121,70,654
1999-441,Long Island,Hard,32,A,19990823,19,101727,,,Jason Stoltenberg,R,185,AUS,29.3,101897,,,Fernando Meligeni,L,180,BRA,28.3,6-4 6-1,3,R16,59,2,2,47,29,24,11,8,2,2,2,4,60,34,21,11,9,3,7,66,680,29,1288
1999-441,Long Island,Hard,32,A,19990823,20,102563,6,,Thomas Johansson,R,180,SWE,24.4,101962,,,Younes El Aynaoui,R,193,MAR,27.9,6-4 7-6(3),3,R16,101,10,1,73,32,27,24,11,5,7,12,5,91,63,42,12,11,7,10,18,1721,25,1353
1999-441,Long Island,Hard,32,A,19990823,21,102539,,,Bohdan Ulihrach,R,188,CZE,24.4,101990,5,,Richard Krajicek,R,196,NED,27.7,6-3 6-4,3,R16,62,2,2,62,35,29,15,10,4,4,10,3,54,36,26,9,9,2,4,80,589,12,2080
1999-441,Long Island,Hard,32,A,19990823,22,101888,,,Daniel Vacek,R,190,CZE,28.3,102104,,,Christian Ruud,R,188,NOR,26.9,6-3 6-3,3,R16,70,5,1,72,47,33,13,9,5,6,1,4,44,23,13,11,9,0,4,75,611,56,775
1999-441,Long Island,Hard,32,A,19990823,23,102358,7,,Thomas Enqvist,R,190,SWE,25.4,101964,,,Goran Ivanisevic,L,193,CRO,27.9,6-4 6-2,3,R16,49,11,1,49,27,22,16,9,0,0,14,2,51,30,20,9,9,3,6,20,1663,42,973
1999-441,Long Island,Hard,32,A,19990823,24,102374,2,,Alex Corretja,R,180,ESP,25.3,210013,,Q,Martin Damm Sr,R,188,CZE,27.0,6-1 3-6 6-0,3,R16,87,8,1,58,26,20,21,11,0,1,5,3,61,33,20,12,11,1,6,13,1998,,
1999-441,Long Island,Hard,32,A,19990823,25,102796,,,Magnus Norman,R,188,SWE,23.2,102338,1,,Yevgeny Kafelnikov,R,190,RUS,25.5,3-6 6-3 6-1,3,QF,90,10,1,60,34,28,14,12,1,3,2,7,90,34,22,27,13,3,8,34,1121,3,3616
1999-441,Long Island,Hard,32,A,19990823,26,101727,,,Jason Stoltenberg,R,185,AUS,29.3,102563,6,,Thomas Johansson,R,180,SWE,24.4,W/O,3,QF,,,,,,,,,,,,,,,,,,,,66,680,18,1721
1999-441,Long Island,Hard,32,A,19990823,27,101888,,,Daniel Vacek,R,190,CZE,28.3,102539,,,Bohdan Ulihrach,R,188,CZE,24.4,6-2 6-3,3,QF,75,3,1,71,34,25,20,9,9,10,1,4,48,26,15,10,8,2,6,75,611,80,589
1999-441,Long Island,Hard,32,A,19990823,28,102374,2,,Alex Corretja,R,180,ESP,25.3,102358,7,,Thomas Enqvist,R,190,SWE,25.4,7-6(8) 2-6 7-6(1),3,QF,156,16,3,113,62,49,19,16,3,8,13,5,116,60,43,31,16,4,7,13,1998,20,1663
1999-441,Long Island,Hard,32,A,19990823,29,102796,,,Magnus Norman,R,188,SWE,23.2,101727,,,Jason Stoltenberg,R,185,AUS,29.3,7-6(3) 6-7 6-3,3,SF,148,5,2,110,64,42,22,17,5,11,5,2,103,48,32,26,16,1,7,34,1121,66,680
1999-441,Long Island,Hard,32,A,19990823,30,102374,2,,Alex Corretja,R,180,ESP,25.3,101888,,,Daniel Vacek,R,190,CZE,28.3,6-4 6-1,3,SF,66,4,2,47,26,19,16,9,2,3,4,6,54,32,19,7,8,5,9,13,1998,75,611
1999-441,Long Island,Hard,32,A,19990823,31,102796,,,Magnus Norman,R,188,SWE,23.2,102374,2,,Alex Corretja,R,180,ESP,25.3,7-6(4) 4-6 6-3,3,F,162,5,4,103,61,39,23,16,6,11,5,2,111,58,40,23,15,5,10,34,1121,13,1998
1999-560,US Open,Hard,128,G,19990830,1,103498,,,Marat Safin,R,193,RUS,19.5,102025,,LL,Mikael Tillstrom,R,185,SWE,27.4,6-2 5-7 6-4 2-6 6-4,5,R128,158,13,11,151,68,48,43,24,9,16,8,5,155,84,54,32,24,5,13,31,1239,130,356
1999-560,US Open,Hard,128,G,19990830,2,102562,,,Jiri Novak,R,190,CZE,24.4,102887,,,Ramon Delgado,R,185,PAR,22.7,3-6 6-4 6-1 6-0,5,R128,111,15,1,87,65,53,11,16,3,4,9,2,123,88,51,13,16,12,18,41,984,98,478
1999-560,US Open,Hard,128,G,19990830,3,102998,,,Jan Michael Gambill,R,190,USA,22.2,102905,,,Stefan Koubek,L,175,AUT,22.6,7-5 6-1 6-4,5,R128,99,13,6,83,55,45,15,15,2,3,7,5,93,57,35,19,14,5,10,53,800,44,938
1999-560,US Open,Hard,128,G,19990830,4,102148,,,Fabrice Santoro,R,178,FRA,26.7,103206,,,Sebastien Grosjean,R,175,FRA,21.2,5-7 6-4 6-4 1-6 7-6(2),5,R128,210,12,7,184,108,70,42,25,9,15,10,4,175,92,68,43,26,10,15,38,1006,32,1233
1999-560,US Open,Hard,128,G,19990830,5,101792,,,Slava Dosedel,R,183,CZE,29.0,101793,,,Jim Courier,R,185,USA,29.0,6-4 6-4 7-6(5),5,R128,122,7,4,99,70,50,17,16,5,7,8,5,111,79,53,15,16,8,12,95,497,36,1053
1999-560,US Open,Hard,128,G,19990830,6,101897,,,Fernando Meligeni,L,180,BRA,28.3,103240,,WC,Kevin Kim,R,180,USA,21.0,6-3 7-5 6-1,5,R128,94,4,1,77,48,38,19,14,2,3,4,3,88,49,31,16,14,5,11,27,1312,240,178
1999-560,US Open,Hard,128,G,19990830,7,102966,,Q,Fredrik Jonsson,R,193,SWE,22.4,103324,,,Arnaud Di Pasquale,R,185,FRA,20.5,6-4 3-6 7-6(2) 7-5,5,R128,170,8,0,142,86,59,23,21,12,18,5,4,149,92,65,22,22,10,17,148,304,50,880
1999-560,US Open,Hard,128,G,19990830,8,102839,16,,Nicolas Lapentti,R,188,ECU,23.0,101532,,,Francisco Clavet,L,183,ESP,30.8,6-3 7-5 4-6 6-4,5,R128,180,5,3,151,98,70,24,21,11,16,7,5,121,81,52,17,20,8,15,16,1848,29,1298
1999-560,US Open,Hard,128,G,19990830,9,102257,9,,Greg Rusedski,L,193,GBR,25.9,103507,,,Juan Carlos Ferrero,R,183,ESP,19.5,4-6 6-2 6-3 6-4,5,R128,137,10,1,98,62,54,23,19,4,5,1,5,132,88,56,24,18,11,15,8,2317,64,697
1999-560,US Open,Hard,128,G,19990830,10,102184,,,David Prinosil,R,185,GER,26.4,102548,,,Juan Antonio Marin,R,175,CRC,24.4,6-3 6-2 6-3,5,R128,97,8,4,85,46,33,19,13,3,6,4,11,85,44,27,13,13,6,14,56,779,69,657
1999-560,US Open,Hard,128,G,19990830,11,102162,,,Chris Woodruff,R,188,USA,26.6,103484,,WC,James Blake,R,185,USA,19.6,6-2 6-2 6-1,5,R128,84,7,4,69,45,35,13,12,3,4,4,5,79,40,22,14,11,7,14,71,632,333,110
1999-560,US Open,Hard,128,G,19990830,12,102104,,,Christian Ruud,R,188,NOR,27.0,102783,,,Rainer Schuettler,R,180,GER,23.3,6-4 6-3 6-4,5,R128,119,4,3,89,51,36,18,14,9,12,1,7,120,69,39,23,15,11,18,55,783,48,889
1999-560,US Open,Hard,128,G,19990830,13,101723,,,Magnus Larsson,R,193,SWE,29.4,103184,,WC,Bob Bryan,L,193,USA,21.3,6-3 1-6 6-3 6-4,5,R128,124,8,4,115,71,53,19,18,8,12,8,5,104,61,44,18,17,6,11,81,575,199,212
1999-560,US Open,Hard,128,G,19990830,14,101962,,,Younes El Aynaoui,R,193,MAR,27.9,101647,,,Byron Black,R,175,ZIM,29.8,7-6(5) 6-4 6-2,5,R128,111,18,7,94,56,45,23,15,4,5,4,0,91,59,39,18,15,6,10,25,1332,67,671
1999-560,US Open,Hard,128,G,19990830,15,101191,,WC,Richey Reneberg,R,180,USA,33.9,102227,,,Sargis Sargsian,R,180,ARM,26.2,6-3 6-1 6-3,5,R128,104,3,2,73,37,25,24,13,0,2,0,2,94,59,31,13,12,12,19,206,203,60,728
1999-560,US Open,Hard,128,G,19990830,16,101774,7,,Todd Martin,R,198,USA,29.1,101902,,Q,Stephane Huet,L,180,FRA,28.3,6-4 6-3 6-7(2) 6-7(5) 7-6(3),5,R128,239,26,8,183,107,84,41,28,3,5,18,11,224,94,72,66,27,14,18,7,2327,154,290
1999-560,US Open,Hard,128,G,19990830,17,101611,,,Cedric Pioline,R,188,FRA,30.2,102158,4,,Patrick Rafter,R,185,AUS,26.6,4-6 4-6 6-3 7-5 1-0 RET,5,R128,158,5,6,123,75,61,23,21,5,8,5,5,132,83,59,24,21,8,12,26,1324,4,2921
1999-560,US Open,Hard,128,G,19990830,18,102694,,Q,Lars Burgsmuller,R,183,GER,23.7,101733,,,Jan Siemerink,L,183,NED,29.3,6-1 6-7(8) 3-6 6-3 6-2,5,R128,206,4,12,157,97,66,33,22,9,12,16,16,136,65,46,34,23,3,11,143,317,46,906
1999-560,US Open,Hard,128,G,19990830,19,101185,,,Mark Woodforde,L,188,AUS,33.9,102287,,,Albert Portas,R,188,ESP,25.7,3-6 7-6(1) 6-4 6-4,5,R128,154,12,6,126,85,64,23,20,5,7,3,7,138,90,62,28,21,6,9,77,610,63,702
1999-560,US Open,Hard,128,G,19990830,20,103193,,Q,Peter Wessels,R,196,NED,21.3,103151,,,Mariano Zabaleta,R,183,ARG,21.5,4-6 6-3 3-6 7-6(3) 6-2,5,R128,179,9,3,137,81,59,35,24,2,5,14,10,161,73,55,47,24,6,10,115,421,28,1308
1999-560,US Open,Hard,128,G,19990830,21,102271,,,Hicham Arazi,L,175,MAR,25.8,102223,,,Karim Alami,R,185,MAR,26.2,6-2 7-6(4) 1-6 6-4,5,R128,140,4,4,135,85,60,21,19,7,12,8,5,112,67,43,24,18,1,6,43,950,61,720
1999-560,US Open,Hard,128,G,19990830,22,102950,,,Fernando Vicente,R,180,ESP,22.4,102153,,,German Puentes,R,173,ESP,26.6,6-3 6-2 4-6 7-6(10),5,R128,132,4,4,126,80,58,29,20,2,5,3,3,122,83,56,19,19,4,9,40,986,114,429
1999-560,US Open,Hard,128,G,19990830,23,103264,,,Mariano Puerta,L,180,ARG,20.9,101463,,,Bernd Karbacher,R,185,GER,31.4,7-6(4) 6-4 6-2,5,R128,117,6,0,90,58,46,21,15,1,1,12,3,105,53,39,23,15,7,10,66,688,85,549
1999-560,US Open,Hard,128,G,19990830,24,103163,14,,Tommy Haas,R,188,GER,21.4,102358,,,Thomas Enqvist,R,190,SWE,25.4,6-2 6-4 7-6(6),5,R128,107,14,9,91,55,42,20,15,1,3,6,2,99,52,31,26,15,5,10,14,1975,19,1710
1999-560,US Open,Hard,128,G,19990830,25,102796,,,Magnus Norman,R,188,SWE,23.2,102456,17,,Felix Mantilla,R,180,ESP,24.9,1-6 6-1 6-2 6-4,5,R128,132,8,3,98,57,41,21,16,5,9,5,2,100,56,33,20,16,7,14,24,1342,20,1707
1999-560,US Open,Hard,128,G,19990830,26,101150,,,Gianluca Pozzi,L,180,ITA,34.2,102110,,,Daniel Nestor,L,190,CAN,26.9,5-7 7-6(4) 6-1 6-2,5,R128,140,13,4,119,60,48,39,20,5,7,6,5,116,65,47,26,19,6,11,84,558,59,752
1999-560,US Open,Hard,128,G,19990830,27,103182,,,Markus Hipfl,R,178,AUT,21.3,102776,,,Andrew Ilie,R,180,AUS,23.3,6-4 6-1 6-2,5,R128,87,2,2,63,44,35,12,12,2,3,6,5,88,45,22,22,13,7,14,73,629,51,809
1999-560,US Open,Hard,128,G,19990830,28,101735,,,Richard Fromberg,R,196,AUS,29.3,101965,,,Wayne Ferreira,R,185,RSA,27.9,7-6(4) 4-6 4-6 6-3 7-6(5),5,R128,209,13,5,185,122,90,30,27,10,15,15,3,162,97,77,34,26,8,12,90,524,37,1035
1999-560,US Open,Hard,128,G,19990830,29,101750,,Q,Cristiano Caratti,R,178,ITA,29.2,102831,,,Jacobo Diaz,R,173,ESP,23.1,3-6 6-3 2-6 6-2 6-2,5,R128,163,2,7,137,83,57,30,21,9,13,5,8,137,84,58,26,21,11,17,251,166,111,437
1999-560,US Open,Hard,128,G,19990830,30,101964,,,Goran Ivanisevic,L,193,CRO,27.9,102395,,Q,Ville Liukko,R,173,FIN,25.2,7-5 7-6(5) 4-6 6-2,5,R128,156,27,15,148,74,67,25,21,8,12,9,4,129,55,37,43,21,3,9,39,1001,125,383
1999-560,US Open,Hard,128,G,19990830,31,101235,,,Paul Haarhuis,R,188,NED,33.5,102521,,,Hendrik Dreekmann,R,188,GER,24.5,6-4 6-1 6-4,5,R128,111,5,3,99,53,41,25,14,7,8,5,4,89,45,29,19,13,7,12,122,400,99,477
1999-560,US Open,Hard,128,G,19990830,32,102856,5,,Gustavo Kuerten,R,190,BRA,22.9,102539,,,Bohdan Ulihrach,R,188,CZE,24.5,6-4 6-4 6-3,5,R128,100,17,2,95,52,43,23,14,3,3,6,7,98,46,30,28,15,2,6,6,2492,70,635
1999-560,US Open,Hard,128,G,19990830,33,103084,,,Guillermo Canas,R,185,ARG,21.7,102450,6,,Tim Henman,R,185,GBR,24.9,7-6(1) 6-4 6-3,5,R128,132,0,7,91,57,40,18,16,6,10,3,5,90,60,35,12,15,6,12,68,665,5,2548
1999-560,US Open,Hard,128,G,19990830,34,102434,,,Vincent Spadea,R,183,USA,25.1,102533,,,Jens Knippschild,R,190,GER,24.5,6-3 6-7(3) 7-5 6-3,5,R128,143,8,1,129,72,61,37,22,6,6,21,12,133,76,62,24,20,6,9,23,1397,78,600
1999-560,US Open,Hard,128,G,19990830,35,102869,,,Galo Blanco,R,173,ESP,22.8,102369,,Q,Julien Boutter,R,190,FRA,25.4,7-5 5-1 RET,5,R128,67,4,2,51,23,17,17,9,0,1,0,4,57,28,17,12,9,5,9,74,618,144,309
1999-560,US Open,Hard,128,G,19990830,36,102133,,LL,Laurence Tieleman,R,180,ITA,26.7,103758,,WC,Taylor Dent,R,188,USA,18.3,6-4 7-5 6-2,5,R128,89,12,4,73,41,38,21,15,1,2,8,5,112,57,37,27,15,17,22,108,459,283,144
1999-560,US Open,Hard,128,G,19990830,37,102770,,,John Van Lottum,R,185,NED,23.3,102863,,Q,Takao Suzuki,R,175,JPN,22.9,6-2 7-6(4) 4-6 7-6(11),5,R128,203,2,4,142,83,63,34,21,8,11,10,3,160,110,72,27,20,6,10,88,536,236,179
1999-560,US Open,Hard,128,G,19990830,38,103344,,LL,Ivan Ljubicic,R,193,CRO,20.4,103319,,WC,Jeff Morrison,R,185,USA,20.5,6-1 6-2 6-4,5,R128,85,2,3,88,55,44,19,14,6,6,3,11,80,43,35,11,11,6,10,100,477,1012,6
1999-560,US Open,Hard,128,G,19990830,39,102455,,Q,Lorenzo Manta,R,190,SUI,24.9,102854,,,Sjeng Schalken,R,193,NED,22.9,6-3 6-4 6-3,5,R128,95,8,1,81,50,37,17,14,5,7,2,6,90,57,40,11,14,5,11,121,408,45,933
1999-560,US Open,Hard,128,G,19990830,40,101990,12,,Richard Krajicek,R,196,NED,27.7,103894,,WC,Phillip King,R,175,USA,17.6,6-1 6-4 6-0,5,R128,89,12,3,62,33,28,16,11,4,5,3,5,90,46,24,17,12,9,17,13,2080,703,21
1999-560,US Open,Hard,128,G,19990830,41,101885,,,Wayne Arthurs,L,190,AUS,28.4,102374,13,,Alex Corretja,R,180,ESP,25.3,6-3 6-4 1-6 4-6 7-6(6),5,R128,178,38,7,142,84,70,28,24,5,8,6,2,146,95,72,34,24,4,6,91,523,12,2125
1999-560,US Open,Hard,128,G,19990830,42,103720,,,Lleyton Hewitt,R,180,AUS,18.5,101820,,,Marc Rosset,R,201,SUI,28.8,6-2 6-2 6-0,5,R128,76,10,0,59,41,35,12,11,4,4,5,14,68,33,18,10,11,5,12,33,1167,34,1163
1999-560,US Open,Hard,128,G,19990830,43,102446,,,Andrei Medvedev,R,193,UKR,24.9,101675,,,Martin Rodriguez,R,178,ARG,29.6,6-3 6-2 6-3,5,R128,96,1,8,93,46,34,25,13,4,5,4,8,83,40,26,16,13,5,11,35,1062,94,503
1999-560,US Open,Hard,128,G,19990830,44,102205,,,Sebastien Lareau,R,183,CAN,26.3,103292,,,Gaston Gaudio,R,175,ARG,20.7,3-6 6-4 4-6 6-1 6-4,5,R128,167,10,7,142,74,58,29,23,10,16,7,10,141,80,54,28,23,4,12,93,511,65,688
1999-560,US Open,Hard,128,G,19990830,45,102035,,,Jonas Bjorkman,R,183,SWE,27.4,101543,,,Jeff Tarango,L,180,USA,30.7,6-4 6-4 1-6 6-2,5,R128,140,9,4,110,71,48,20,17,6,10,6,6,122,77,49,19,18,5,11,42,982,72,632
1999-560,US Open,Hard,128,G,19990830,46,102202,,,Kenneth Carlsen,L,190,DEN,26.3,102024,,,Hernan Gumy,R,188,ARG,27.4,6-4 7-6(4) 6-4,5,R128,158,4,2,101,63,47,21,16,6,9,3,2,113,77,45,19,16,10,15,83,566,89,530
1999-560,US Open,Hard,128,G,19990830,47,103018,,LL,Max Mirnyi,R,196,BLR,22.1,102720,,,Tomas Zib,R,178,CZE,23.5,3-6 2-6 7-6(6) 7-6(4) 6-3,5,R128,201,20,7,193,115,78,39,25,13,19,4,3,158,117,85,22,25,9,13,101,476,118,417
1999-560,US Open,Hard,128,G,19990830,48,102338,3,,Yevgeny Kafelnikov,R,190,RUS,25.5,103252,,,Alberto Martin,R,175,ESP,21.0,6-1 3-6 6-3 6-4,5,R128,134,2,4,114,70,48,21,18,3,9,3,6,111,69,41,13,17,11,20,3,3616,54,785
1999-560,US Open,Hard,128,G,19990830,49,102845,8,,Carlos Moya,R,190,ESP,23.0,103103,,,Dominik Hrbaty,R,183,SVK,21.6,7-6(4) 6-3 6-4,5,R128,126,13,5,117,52,43,32,16,11,14,6,8,119,53,39,29,15,7,12,9,2292,22,1440
1999-560,US Open,Hard,128,G,19990830,50,102765,,Q,Nicolas Escude,R,185,FRA,23.4,101320,,,Magnus Gustafsson,R,185,SWE,32.6,4-6 4-6 7-6(6) 6-2 6-4,5,R128,191,5,5,174,125,88,23,25,13,17,6,10,163,126,90,12,25,8,13,136,337,75,616
1999-560,US Open,Hard,128,G,19990830,51,102821,,,Cecil Mamiit,R,173,PHI,23.1,102730,,Q,Ivo Heuberger,R,188,SUI,23.5,6-4 6-3 3-6 3-6 6-3,5,R128,190,0,2,137,90,64,21,23,3,9,11,8,147,60,46,41,23,12,19,82,575,234,180
1999-560,US Open,Hard,128,G,19990830,52,103598,,Q,Xavier Malisse,R,185,BEL,19.1,101703,,,Guillaume Raoux,R,180,FRA,29.5,3-6 7-6(3) 6-2 6-2,5,R128,137,7,0,99,44,35,35,18,3,5,1,5,118,70,48,21,19,5,10,113,430,96,496
1999-560,US Open,Hard,128,G,19990830,53,102834,,,Paul Goldstein,R,178,USA,23.0,102401,,,Scott Draper,L,178,AUS,25.2,6-3 6-1 6-0,5,R128,81,1,1,82,53,41,15,11,8,8,3,2,80,54,29,7,11,10,17,80,591,151,297
1999-560,US Open,Hard,128,G,19990830,54,102466,,,Jan Kroslak,R,188,SVK,24.8,102497,,WC,Mashiska Washington,R,180,USA,24.6,6-1 2-6 7-6(3) 7-5,5,R128,168,3,13,152,99,71,21,20,7,11,0,3,130,99,60,18,19,9,14,58,759,312,124
1999-560,US Open,Hard,128,G,19990830,55,102567,,Q,George Bastl,R,183,SUI,24.4,102644,,,Franco Squillari,L,183,ARG,24.0,7-6(4) 4-6 6-4 6-4,5,R128,182,10,8,159,101,67,31,21,15,19,8,11,134,67,44,37,21,5,10,175,247,49,888
1999-560,US Open,Hard,128,G,19990830,56,102701,10,,Marcelo Rios,L,175,CHI,23.6,210013,,,Martin Damm Sr,R,188,CZE,27.0,6-4 7-6(5) 3-6 5-7 6-1,5,R128,183,10,3,153,94,73,27,25,3,7,13,9,159,81,61,38,25,7,12,10,2237,,
1999-560,US Open,Hard,128,G,19990830,57,103017,15,,Nicolas Kiefer,R,183,GER,22.1,101727,,,Jason Stoltenberg,R,185,AUS,29.4,6-4 6-3 1-6 4-6 6-3,5,R128,174,15,9,151,80,61,37,23,15,18,9,3,137,84,61,29,22,9,12,15,1954,57,774
1999-560,US Open,Hard,128,G,19990830,58,102306,,Q,Michael Kohlmann,R,188,GER,25.6,102318,,,Andrei Pavel,R,183,ROU,25.5,2-6 6-4 6-3 3-6 6-2,5,R128,168,8,3,125,73,57,24,22,5,9,3,1,167,128,81,19,22,15,20,116,418,47,891
1999-560,US Open,Hard,128,G,19990830,59,102021,,,Michael Chang,R,175,USA,27.5,101382,,,Marcelo Filippini,R,178,URU,32.0,3-6 6-3 2-6 6-3 6-2,5,R128,210,3,2,148,74,49,42,22,9,15,3,5,149,99,60,25,21,14,21,62,716,79,591
1999-560,US Open,Hard,128,G,19990830,60,103096,,,Arnaud Clement,R,173,FRA,21.7,102286,,,Wayne Black,R,170,ZIM,25.7,6-2 6-3 6-4,5,R128,96,12,3,77,55,47,11,14,5,5,6,5,75,50,33,10,13,4,8,52,805,117,417
1999-560,US Open,Hard,128,G,19990830,61,101888,,,Daniel Vacek,R,190,CZE,28.4,102610,,,Albert Costa,R,180,ESP,24.1,7-5 6-3 7-5,5,R128,132,8,7,110,73,53,19,17,8,10,5,4,106,75,43,19,16,3,8,76,616,21,1468
1999-560,US Open,Hard,128,G,19990830,62,102925,,,Justin Gimelstob,R,196,USA,22.5,102247,,,Andrea Gaudenzi,R,183,ITA,26.0,6-1 6-3 6-2,5,R128,92,7,2,71,50,39,13,12,2,2,2,4,83,47,28,14,12,9,15,87,545,92,512
1999-560,US Open,Hard,128,G,19990830,63,102809,,Q,Axel Pretzsch,R,185,GER,23.2,102642,,Q,Cyril Saulnier,R,190,FRA,24.0,7-5 6-2 6-3,5,R128,100,8,2,81,54,41,17,14,2,2,8,1,100,52,41,14,15,8,13,124,392,235,179
1999-560,US Open,Hard,128,G,19990830,64,101736,2,,Andre Agassi,R,180,USA,29.3,101900,,,Nicklas Kulti,R,190,SWE,28.3,6-0 6-1 6-3,5,R128,75,12,2,64,39,28,19,11,1,1,4,6,76,37,21,13,11,4,11,2,3650,102,472
1999-560,US Open,Hard,128,G,19990830,65,102562,,,Jiri Novak,R,190,CZE,24.4,103498,,,Marat Safin,R,193,RUS,19.5,6-2 5-7 6-4 3-6 6-2,5,R64,149,5,2,144,88,66,29,23,8,12,18,6,138,66,49,36,24,3,10,41,984,31,1239
1999-560,US Open,Hard,128,G,19990830,66,102148,,,Fabrice Santoro,R,178,FRA,26.7,102998,,,Jan Michael Gambill,R,190,USA,22.2,6-4 6-2 3-6 6-7(7) 4-4 RET,5,R64,217,11,5,158,91,66,32,23,7,11,14,6,178,96,71,35,25,12,18,38,1006,53,800
1999-560,US Open,Hard,128,G,19990830,67,101792,,,Slava Dosedel,R,183,CZE,29.0,101897,,,Fernando Meligeni,L,180,BRA,28.3,7-5 6-1 6-3,5,R64,104,5,2,84,63,46,12,14,6,8,2,6,91,47,26,20,14,4,11,95,497,27,1312
1999-560,US Open,Hard,128,G,19990830,68,102966,,Q,Fredrik Jonsson,R,193,SWE,22.4,102839,16,,Nicolas Lapentti,R,188,ECU,23.0,6-4 5-7 6-4 7-5,5,R64,187,11,1,142,84,61,32,22,11,14,13,2,145,91,65,28,22,6,11,148,304,16,1848
1999-560,US Open,Hard,128,G,19990830,69,102257,9,,Greg Rusedski,L,193,GBR,25.9,102184,,,David Prinosil,R,185,GER,26.4,6-4 6-3 6-1,5,R64,96,9,2,73,40,32,23,13,1,1,9,5,77,35,26,15,13,5,10,8,2317,56,779
1999-560,US Open,Hard,128,G,19990830,70,102162,,,Chris Woodruff,R,188,USA,26.6,102104,,,Christian Ruud,R,188,NOR,27.0,6-2 6-3 6-3,5,R64,93,7,3,65,43,35,15,13,1,2,3,5,76,44,28,12,13,9,15,71,632,55,783
1999-560,US Open,Hard,128,G,19990830,71,101723,,,Magnus Larsson,R,193,SWE,29.4,101962,,,Younes El Aynaoui,R,193,MAR,27.9,6-3 6-4 3-6 6-3,5,R64,121,16,1,103,71,57,17,19,1,2,13,5,123,80,54,22,18,5,8,81,575,25,1332
1999-560,US Open,Hard,128,G,19990830,72,101774,7,,Todd Martin,R,198,USA,29.1,101191,,WC,Richey Reneberg,R,180,USA,33.9,6-4 6-3 3-6 6-1,5,R64,126,20,3,94,61,52,20,18,2,3,6,11,118,68,47,26,17,7,11,7,2327,206,203
1999-560,US Open,Hard,128,G,19990830,73,101611,,,Cedric Pioline,R,188,FRA,30.2,102694,,Q,Lars Burgsmuller,R,183,GER,23.7,7-6(5) 1-6 6-3 3-6 6-2,5,R64,204,12,6,143,91,71,21,22,4,8,10,9,141,82,59,36,23,6,10,26,1324,143,317
1999-560,US Open,Hard,128,G,19990830,74,103193,,Q,Peter Wessels,R,196,NED,21.3,101185,,,Mark Woodforde,L,188,AUS,33.9,3-6 7-5 7-6(8) 7-6(4),5,R64,182,15,9,145,83,68,30,22,4,8,12,5,156,105,78,25,23,11,15,115,421,77,610
1999-560,US Open,Hard,128,G,19990830,75,102271,,,Hicham Arazi,L,175,MAR,25.8,102950,,,Fernando Vicente,R,180,ESP,22.4,3-6 6-3 6-3 7-6(4),5,R64,172,2,4,117,70,49,23,19,3,8,4,4,169,115,66,25,20,17,24,43,950,40,986
1999-560,US Open,Hard,128,G,19990830,76,103163,14,,Tommy Haas,R,188,GER,21.4,103264,,,Mariano Puerta,L,180,ARG,20.9,6-3 6-2 2-6 6-7(3) 6-1,5,R64,178,14,9,134,63,48,42,23,4,8,13,6,144,96,63,24,21,7,14,14,1975,66,688
1999-560,US Open,Hard,128,G,19990830,77,102796,,,Magnus Norman,R,188,SWE,23.2,101150,,,Gianluca Pozzi,L,180,ITA,34.2,6-4 6-3 6-4,5,R64,132,4,1,91,68,48,11,14,6,8,5,3,105,57,41,16,15,7,13,24,1342,84,558
1999-560,US Open,Hard,128,G,19990830,78,101735,,,Richard Fromberg,R,196,AUS,29.3,103182,,,Markus Hipfl,R,178,AUT,21.3,5-7 6-3 6-4 6-4,5,R64,155,27,3,131,82,57,29,21,9,12,7,3,120,69,49,27,20,5,10,90,524,73,629
1999-560,US Open,Hard,128,G,19990830,79,101964,,,Goran Ivanisevic,L,193,CRO,27.9,101750,,Q,Cristiano Caratti,R,178,ITA,29.2,6-1 4-6 6-2 2-6 6-4,5,R64,149,16,18,116,51,48,32,22,0,4,5,1,132,89,60,16,21,5,11,39,1001,251,166
1999-560,US Open,Hard,128,G,19990830,80,102856,5,,Gustavo Kuerten,R,190,BRA,22.9,101235,,,Paul Haarhuis,R,188,NED,33.5,6-3 7-6(4) 3-6 6-2,5,R64,131,16,1,124,61,50,34,20,5,8,8,1,114,73,50,22,18,4,8,6,2492,122,400
1999-560,US Open,Hard,128,G,19990830,81,102434,,,Vincent Spadea,R,183,USA,25.1,103084,,,Guillermo Canas,R,185,ARG,21.7,7-5 7-6(3) 5-7 3-6 6-3,5,R64,269,10,3,185,95,67,44,27,10,17,3,8,186,109,71,38,27,8,15,23,1397,68,665
1999-560,US Open,Hard,128,G,19990830,82,102133,,LL,Laurence Tieleman,R,180,ITA,26.7,102869,,,Galo Blanco,R,173,ESP,22.8,6-4 6-3 6-3,5,R64,86,13,2,69,39,34,20,14,1,2,9,8,90,44,37,16,14,4,9,108,459,74,618
1999-560,US Open,Hard,128,G,19990830,83,102770,,,John Van Lottum,R,185,NED,23.3,103344,,LL,Ivan Ljubicic,R,193,CRO,20.4,4-6 7-6(6) 6-3 7-6(5),5,R64,163,4,4,152,86,63,46,22,10,11,13,4,133,87,67,31,21,6,7,88,536,100,477
1999-560,US Open,Hard,128,G,19990830,84,101990,12,,Richard Krajicek,R,196,NED,27.7,102455,,Q,Lorenzo Manta,R,190,SUI,24.9,6-2 6-4 6-1,5,R64,104,12,1,70,34,31,21,12,4,4,4,12,122,66,41,21,13,14,20,13,2080,121,408
1999-560,US Open,Hard,128,G,19990830,85,103720,,,Lleyton Hewitt,R,180,AUS,18.5,101885,,,Wayne Arthurs,L,190,AUS,28.4,6-2 6-4 6-7(5) 6-4,5,R64,160,7,3,116,68,50,33,20,1,3,21,12,137,61,48,36,20,5,11,33,1167,91,523
1999-560,US Open,Hard,128,G,19990830,86,102446,,,Andrei Medvedev,R,193,UKR,24.9,102205,,,Sebastien Lareau,R,183,CAN,26.3,6-4 6-1 6-0,5,R64,78,7,3,63,33,31,16,12,0,1,3,5,75,42,24,11,11,11,18,35,1062,93,511
1999-560,US Open,Hard,128,G,19990830,87,102035,,,Jonas Bjorkman,R,183,SWE,27.4,102202,,,Kenneth Carlsen,L,190,DEN,26.3,5-7 6-2 6-3 6-3,5,R64,159,3,3,105,66,50,22,19,6,9,7,8,126,76,50,20,19,10,17,42,982,83,566
1999-560,US Open,Hard,128,G,19990830,88,102338,3,,Yevgeny Kafelnikov,R,190,RUS,25.5,103018,,LL,Max Mirnyi,R,196,BLR,22.1,7-5 6-1 6-7(5) 6-3,5,R64,140,7,7,117,65,57,37,21,3,3,18,3,137,86,58,26,19,11,15,3,3616,101,476
1999-560,US Open,Hard,128,G,19990830,89,102765,,Q,Nicolas Escude,R,185,FRA,23.4,102845,8,,Carlos Moya,R,190,ESP,23.0,6-1 6-4 0-1 RET,5,R64,63,5,1,50,28,23,15,9,2,2,5,1,48,24,17,11,9,1,4,136,337,9,2292
1999-560,US Open,Hard,128,G,19990830,90,103598,,Q,Xavier Malisse,R,185,BEL,19.1,102821,,,Cecil Mamiit,R,173,PHI,23.1,3-6 6-3 6-7(4) 7-6(6) 6-2,5,R64,230,12,6,178,89,61,50,25,11,17,4,4,169,98,64,36,25,9,17,113,430,82,575
1999-560,US Open,Hard,128,G,19990830,91,102466,,,Jan Kroslak,R,188,SVK,24.8,102834,,,Paul Goldstein,R,178,USA,23.0,5-7 6-4 6-4 6-3,5,R64,169,11,18,140,90,65,16,20,9,14,5,4,151,99,57,23,21,16,24,58,759,80,591
1999-560,US Open,Hard,128,G,19990830,92,102701,10,,Marcelo Rios,L,175,CHI,23.6,102567,,Q,George Bastl,R,183,SUI,24.4,4-6 6-3 6-2 6-3,5,R64,131,11,5,94,49,36,32,18,4,6,3,6,108,68,44,19,18,5,11,10,2237,175,247
1999-560,US Open,Hard,128,G,19990830,93,103017,15,,Nicolas Kiefer,R,183,GER,22.1,102306,,Q,Michael Kohlmann,R,188,GER,25.6,6-3 6-2 6-2,5,R64,103,2,6,77,36,29,26,13,6,7,2,1,76,38,22,15,12,6,12,15,1954,116,418
1999-560,US Open,Hard,128,G,19990830,94,103096,,,Arnaud Clement,R,173,FRA,21.7,102021,,,Michael Chang,R,175,USA,27.5,6-3 6-3 6-4,5,R64,124,6,3,87,51,40,20,14,2,2,10,2,95,52,32,23,14,9,13,52,805,62,716
1999-560,US Open,Hard,128,G,19990830,95,102925,,,Justin Gimelstob,R,196,USA,22.5,101888,,,Daniel Vacek,R,190,CZE,28.4,6-2 3-6 2-6 6-4 6-3,5,R64,188,17,8,146,89,68,26,22,9,13,13,8,138,73,53,32,22,8,13,87,545,76,616
1999-560,US Open,Hard,128,G,19990830,96,101736,2,,Andre Agassi,R,180,USA,29.3,102809,,Q,Axel Pretzsch,R,185,GER,23.2,6-3 6-2 6-1,5,R64,94,9,5,84,62,46,10,12,5,5,6,7,76,54,33,5,12,4,10,2,3650,124,392
1999-560,US Open,Hard,128,G,19990830,97,102562,,,Jiri Novak,R,190,CZE,24.4,102148,,,Fabrice Santoro,R,178,FRA,26.7,6-1 6-0 5-1 RET,5,R32,69,0,3,63,39,30,15,10,3,3,0,5,66,32,15,12,10,7,14,41,984,38,1006
1999-560,US Open,Hard,128,G,19990830,98,101792,,,Slava Dosedel,R,183,CZE,29.0,102966,,Q,Fredrik Jonsson,R,193,SWE,22.4,7-6(5) 7-6(5) 6-3,5,R32,155,10,4,109,76,64,16,17,2,3,11,5,139,89,58,26,16,10,12,95,497,148,304
1999-560,US Open,Hard,128,G,19990830,99,102257,9,,Greg Rusedski,L,193,GBR,25.9,102162,,,Chris Woodruff,R,188,USA,26.6,7-5 3-6 6-3 6-4,5,R32,164,10,7,114,67,54,27,20,6,8,2,9,126,81,57,22,20,5,9,8,2317,71,632
1999-560,US Open,Hard,128,G,19990830,100,101774,7,,Todd Martin,R,198,USA,29.1,101723,,,Magnus Larsson,R,193,SWE,29.4,6-3 RET,5,R32,35,8,1,27,14,12,8,5,0,0,4,0,38,23,12,9,4,3,4,7,2327,81,575
1999-560,US Open,Hard,128,G,19990830,101,101611,,,Cedric Pioline,R,188,FRA,30.2,103193,,Q,Peter Wessels,R,196,NED,21.3,7-6(5) 7-5 4-6 7-6(1),5,R32,198,15,7,147,89,74,26,23,4,7,19,6,154,91,70,32,23,11,14,26,1324,115,421
1999-560,US Open,Hard,128,G,19990830,102,103163,14,,Tommy Haas,R,188,GER,21.4,102271,,,Hicham Arazi,L,175,MAR,25.8,6-7(7) 6-3 6-4 7-6(3),5,R32,178,13,8,139,66,50,41,21,3,6,12,1,156,93,60,35,22,11,17,14,1975,43,950
1999-560,US Open,Hard,128,G,19990830,103,102796,,,Magnus Norman,R,188,SWE,23.2,101735,,,Richard Fromberg,R,196,AUS,29.3,4-6 6-3 6-1 6-3,5,R32,142,5,0,101,66,51,23,18,6,8,21,3,115,76,48,16,17,8,14,24,1342,90,524
1999-560,US Open,Hard,128,G,19990830,104,102856,5,,Gustavo Kuerten,R,190,BRA,22.9,101964,,,Goran Ivanisevic,L,193,CRO,27.9,6-4 6-2 6-4,5,R32,75,13,1,79,43,37,19,14,3,4,11,2,75,31,20,25,14,4,9,6,2492,39,1001
1999-560,US Open,Hard,128,G,19990830,105,102434,,,Vincent Spadea,R,183,USA,25.1,102133,,LL,Laurence Tieleman,R,180,ITA,26.7,6-2 4-6 6-7(4) 6-2 7-6(3),5,R32,188,13,3,164,89,67,46,25,7,9,16,4,154,86,68,36,25,5,10,23,1397,108,459
1999-560,US Open,Hard,128,G,19990830,106,101990,12,,Richard Krajicek,R,196,NED,27.7,102770,,,John Van Lottum,R,185,NED,23.3,6-4 6-1 6-4,5,R32,107,20,4,73,41,36,19,14,4,5,2,3,95,48,28,25,13,4,9,13,2080,88,536
1999-560,US Open,Hard,128,G,19990830,107,102446,,,Andrei Medvedev,R,193,UKR,24.9,103720,,,Lleyton Hewitt,R,180,AUS,18.5,3-6 6-3 3-6 6-4 6-3,5,R32,,,,,,,,,,,,,,,,,,,,35,1062,33,1167
1999-560,US Open,Hard,128,G,19990830,108,102338,3,,Yevgeny Kafelnikov,R,190,RUS,25.5,102035,,,Jonas Bjorkman,R,183,SWE,27.4,6-1 6-4 6-4,5,R32,102,10,5,90,53,39,22,14,4,6,7,5,81,51,31,11,13,4,10,3,3616,42,982
1999-560,US Open,Hard,128,G,19990830,109,102765,,Q,Nicolas Escude,R,185,FRA,23.4,103598,,Q,Xavier Malisse,R,185,BEL,19.1,6-3 6-2 6-1,5,R32,93,6,2,69,36,32,19,12,0,0,5,5,78,53,33,8,12,3,9,136,337,113,430
1999-560,US Open,Hard,128,G,19990830,110,102701,10,,Marcelo Rios,L,175,CHI,23.6,102466,,,Jan Kroslak,R,188,SVK,24.8,6-3 6-4 6-4,5,R32,86,10,2,83,55,44,19,15,3,3,8,7,87,59,39,14,14,2,5,10,2237,58,759
1999-560,US Open,Hard,128,G,19990830,111,103096,,,Arnaud Clement,R,173,FRA,21.7,103017,15,,Nicolas Kiefer,R,183,GER,22.1,4-6 6-4 6-4 6-2,5,R32,153,2,1,108,61,46,32,19,9,11,13,5,127,63,47,28,19,8,13,52,805,15,1954
1999-560,US Open,Hard,128,G,19990830,112,101736,2,,Andre Agassi,R,180,USA,29.3,102925,,,Justin Gimelstob,R,196,USA,22.5,6-1 4-6 6-3 6-4,5,R32,138,12,4,93,51,41,29,18,1,2,15,6,115,75,56,13,18,5,10,2,3650,87,545
1999-560,US Open,Hard,128,G,19990830,113,101792,,,Slava Dosedel,R,183,CZE,29.0,102562,,,Jiri Novak,R,190,CZE,24.4,6-4 7-5 5-7 7-5,5,R16,157,3,4,140,94,62,25,23,5,10,4,5,148,89,55,31,23,9,16,95,497,41,984
1999-560,US Open,Hard,128,G,19990830,114,101774,7,,Todd Martin,R,198,USA,29.1,102257,9,,Greg Rusedski,L,193,GBR,25.9,5-7 0-6 7-6(3) 6-4 6-4,5,R16,184,15,4,142,91,65,26,25,7,14,16,4,145,85,62,28,25,5,10,7,2327,8,2317
1999-560,US Open,Hard,128,G,19990830,115,101611,,,Cedric Pioline,R,188,FRA,30.2,103163,14,,Tommy Haas,R,188,GER,21.4,6-4 7-5 6-3,5,R16,126,8,2,90,52,43,21,16,5,7,4,4,96,60,35,20,15,3,8,26,1324,14,1975
1999-560,US Open,Hard,128,G,19990830,116,102856,5,,Gustavo Kuerten,R,190,BRA,22.9,102796,,,Magnus Norman,R,188,SWE,23.2,7-6(4) RET,5,R16,59,7,1,44,22,18,10,6,2,3,2,2,44,23,14,12,7,1,2,6,2492,24,1342
1999-560,US Open,Hard,128,G,19990830,117,101990,12,,Richard Krajicek,R,196,NED,27.7,102434,,,Vincent Spadea,R,183,USA,25.1,6-2 7-6(3) 6-2,5,R16,104,15,4,79,48,40,19,14,0,1,6,2,103,56,39,19,14,2,7,13,2080,23,1397
1999-560,US Open,Hard,128,G,19990830,118,102338,3,,Yevgeny Kafelnikov,R,190,RUS,25.5,102446,,,Andrei Medvedev,R,193,UKR,24.9,7-6(5) 6-1 6-0,5,R16,94,8,3,66,41,34,15,12,1,2,7,13,95,50,32,15,13,11,18,3,3616,35,1062
1999-560,US Open,Hard,128,G,19990830,119,102765,,Q,Nicolas Escude,R,185,FRA,23.4,102701,10,,Marcelo Rios,L,175,CHI,23.6,6-2 6-3 7-5,5,R16,120,9,4,104,47,34,29,15,10,14,1,7,89,48,28,16,14,4,12,136,337,10,2237
1999-560,US Open,Hard,128,G,19990830,120,101736,2,,Andre Agassi,R,180,USA,29.3,103096,,,Arnaud Clement,R,173,FRA,21.7,6-4 6-4 6-3,5,R16,117,6,0,75,50,40,15,14,4,5,8,3,113,58,41,22,15,8,13,2,3650,52,805
1999-560,US Open,Hard,128,G,19990830,121,101774,7,,Todd Martin,R,198,USA,29.1,101792,,,Slava Dosedel,R,183,CZE,29.0,6-3 5-7 6-4 6-4,5,QF,150,21,4,113,83,71,13,21,0,1,5,2,125,89,64,21,20,6,9,7,2327,95,497
1999-560,US Open,Hard,128,G,19990830,122,101611,,,Cedric Pioline,R,188,FRA,30.2,102856,5,,Gustavo Kuerten,R,190,BRA,22.9,4-6 7-6(6) 7-6(14) 7-6(8),5,QF,202,19,4,159,93,78,39,23,6,8,19,5,172,94,82,40,23,3,4,26,1324,6,2492
1999-560,US Open,Hard,128,G,19990830,123,102338,3,,Yevgeny Kafelnikov,R,190,RUS,25.5,101990,12,,Richard Krajicek,R,196,NED,27.7,7-6(0) 7-6(4) 3-6 1-6 7-6(5),5,QF,200,10,5,158,84,62,44,26,2,7,49,13,178,104,91,26,26,2,3,3,3616,13,2080
1999-560,US Open,Hard,128,G,19990830,124,101736,2,,Andre Agassi,R,180,USA,29.3,102765,,Q,Nicolas Escude,R,185,FRA,23.4,7-6(3) 6-3 6-4,5,QF,115,11,4,107,65,56,20,16,5,6,14,0,83,48,36,20,15,2,5,2,3650,136,337
1999-560,US Open,Hard,128,G,19990830,125,101774,7,,Todd Martin,R,198,USA,29.1,101611,,,Cedric Pioline,R,188,FRA,30.2,6-4 6-1 6-2,5,SF,95,14,4,83,54,43,14,13,5,6,5,1,70,35,21,16,12,3,9,7,2327,26,1324
1999-560,US Open,Hard,128,G,19990830,126,101736,2,,Andre Agassi,R,180,USA,29.3,102338,3,,Yevgeny Kafelnikov,R,190,RUS,25.5,1-6 6-3 6-3 6-3,5,SF,131,11,3,101,51,37,28,17,3,6,9,3,115,64,42,23,17,6,11,2,3650,3,3616
1999-560,US Open,Hard,128,G,19990830,127,101736,2,,Andre Agassi,R,180,USA,29.3,101774,7,,Todd Martin,R,198,USA,29.1,6-4 6-7(5) 6-7(2) 6-3 6-2,5,F,203,6,4,160,102,76,38,25,8,8,23,8,152,90,64,37,26,5,10,2,3650,7,2327
1999-620,Bournemouth,Clay,32,A,19990913,1,102358,1,,Thomas Enqvist,R,190,SWE,25.5,101900,,,Nicklas Kulti,R,190,SWE,28.3,7-5 6-1,3,R32,65,5,4,61,33,23,16,10,2,4,3,4,49,24,14,10,9,4,9,17,1710,101,473
1999-620,Bournemouth,Clay,32,A,19990913,2,101826,,,Alex Lopez Moron,R,175,ESP,28.7,102477,,,Gaston Etlis,R,185,ARG,24.8,6-1 6-7(5) 6-3,3,R32,127,2,5,103,53,40,26,15,6,7,4,3,97,47,33,22,13,7,11,118,393,134,350
1999-620,Bournemouth,Clay,32,A,19990913,3,102831,,,Jacobo Diaz,R,173,ESP,23.1,102965,,WC,Jamie Delgado,R,178,GBR,22.4,6-2 6-1,3,R32,54,4,1,36,16,14,14,7,0,0,1,3,55,25,16,10,8,5,10,109,437,192,221
1999-620,Bournemouth,Clay,32,A,19990913,4,102223,8,,Karim Alami,R,185,MAR,26.3,102106,,,Davide Sanguinetti,R,188,ITA,27.0,7-6(6) 6-2,3,R32,78,4,0,67,35,29,19,10,6,7,0,1,74,49,30,14,10,2,5,64,720,113,418
1999-620,Bournemouth,Clay,32,A,19990913,5,101320,,,Magnus Gustafsson,R,185,SWE,32.6,102446,4,,Andrei Medvedev,R,193,UKR,25.0,6-2 7-6(5),3,R32,82,6,3,74,44,26,20,10,7,9,2,6,68,31,24,12,10,3,7,77,616,34,1156
1999-620,Bournemouth,Clay,32,A,19990913,6,102251,,Q,Mariano Hood,L,178,ARG,26.0,102002,,Q,Davide Scala,R,180,ITA,27.6,6-3 6-2,3,R32,72,0,0,45,29,25,12,9,2,2,1,0,54,26,16,14,8,6,9,197,214,253,159
1999-620,Bournemouth,Clay,32,A,19990913,7,101086,,,Ronald Agenor,R,180,USA,34.8,101717,,Q,Diego Nargiso,L,188,ITA,29.4,7-6(5) 6-1,3,R32,80,0,0,76,47,32,16,10,6,7,2,0,68,36,22,14,9,5,8,103,471,181,231
1999-620,Bournemouth,Clay,32,A,19990913,8,102905,5,,Stefan Koubek,L,175,AUT,22.6,102703,,WC,Hyung Taik Lee,R,180,KOR,23.6,6-4 7-6(4),3,R32,90,1,5,77,43,27,15,11,6,10,0,5,72,40,23,15,11,6,11,48,884,299,128
1999-620,Bournemouth,Clay,32,A,19990913,9,103324,6,,Arnaud Di Pasquale,R,185,FRA,20.5,102457,,WC,Miles Maclagan,R,180,GBR,24.9,6-2 6-1,3,R32,65,1,2,49,25,20,14,7,4,4,2,4,53,37,21,5,8,2,7,49,867,418,75
1999-620,Bournemouth,Clay,32,A,19990913,10,102521,,,Hendrik Dreekmann,R,188,GER,24.6,102306,,,Michael Kohlmann,R,188,GER,25.6,6-1 6-2,3,R32,70,1,1,39,19,14,12,7,1,2,3,5,69,37,19,11,8,7,13,112,422,116,407
1999-620,Bournemouth,Clay,32,A,19990913,11,101947,,,Vincenzo Santopadre,L,183,ITA,28.0,101543,,,Jeff Tarango,L,180,USA,30.8,6-0 7-6(5),3,R32,81,6,0,56,33,23,13,9,1,3,1,4,66,37,23,9,9,4,9,138,337,76,632
1999-620,Bournemouth,Clay,32,A,19990913,12,101962,3,,Younes El Aynaoui,R,193,MAR,28.0,102247,,,Andrea Gaudenzi,R,183,ITA,26.1,6-2 3-6 6-3,3,R32,104,2,1,80,51,38,16,13,5,6,1,0,84,69,44,5,13,4,7,26,1337,93,512
1999-620,Bournemouth,Clay,32,A,19990913,13,102494,,,Tomas Behrend,R,193,GER,24.7,102104,7,,Christian Ruud,R,188,NOR,27.0,6-1 6-1,3,R32,45,4,0,41,21,18,13,7,0,0,1,1,43,30,11,7,7,0,5,122,383,51,807
1999-620,Bournemouth,Clay,32,A,19990913,14,101806,,Q,Marc Kevin Goellner,R,196,GER,28.9,101735,,,Richard Fromberg,R,196,AUS,29.3,6-2 6-1,3,R32,57,2,0,49,24,20,14,8,0,0,2,3,41,26,13,6,7,2,6,211,200,79,601
1999-620,Bournemouth,Clay,32,A,19990913,15,102437,,,Adrian Voinea,R,185,ROU,25.1,103082,,,Markus Hantschk,R,188,GER,21.8,7-6(5) 6-7(3) 6-1,3,R32,138,7,3,103,49,39,32,16,0,2,3,6,105,56,44,22,15,8,12,133,352,136,348
1999-620,Bournemouth,Clay,32,A,19990913,16,102202,,,Kenneth Carlsen,L,190,DEN,26.4,102456,2,,Felix Mantilla,R,180,ESP,24.9,6-2 6-3,3,R32,80,1,1,55,35,22,12,9,2,4,2,2,55,20,12,14,8,2,7,86,574,18,1704
1999-620,Bournemouth,Clay,32,A,19990913,17,102358,1,,Thomas Enqvist,R,190,SWE,25.5,101826,,,Alex Lopez Moron,R,175,ESP,28.7,6-4 7-5,3,R16,77,6,3,73,44,32,14,11,7,9,3,2,61,32,25,10,11,1,5,17,1710,118,393
1999-620,Bournemouth,Clay,32,A,19990913,18,102223,8,,Karim Alami,R,185,MAR,26.3,102831,,,Jacobo Diaz,R,173,ESP,23.1,6-1 7-6(9),3,R16,86,4,0,63,35,26,16,9,3,4,4,5,80,55,34,8,10,5,9,64,720,109,437
1999-620,Bournemouth,Clay,32,A,19990913,19,101320,,,Magnus Gustafsson,R,185,SWE,32.6,102251,,Q,Mariano Hood,L,178,ARG,26.0,6-2 6-4,3,R16,81,4,6,55,36,28,8,9,2,3,1,1,61,39,22,9,9,6,10,77,616,197,214
1999-620,Bournemouth,Clay,32,A,19990913,20,102905,5,,Stefan Koubek,L,175,AUT,22.6,101086,,,Ronald Agenor,R,180,USA,34.8,6-4 6-1,3,R16,66,3,1,45,27,23,14,9,0,0,0,1,53,39,22,6,8,2,5,48,884,103,471
1999-620,Bournemouth,Clay,32,A,19990913,21,102521,,,Hendrik Dreekmann,R,188,GER,24.6,103324,6,,Arnaud Di Pasquale,R,185,FRA,20.5,6-2 6-4,3,R16,82,2,1,51,24,18,12,9,0,3,0,6,66,34,18,12,9,5,11,112,422,49,867
1999-620,Bournemouth,Clay,32,A,19990913,22,101962,3,,Younes El Aynaoui,R,193,MAR,28.0,101947,,,Vincenzo Santopadre,L,183,ITA,28.0,6-0 6-4,3,R16,69,3,1,56,36,27,9,8,4,5,3,3,57,32,21,6,8,3,8,26,1337,138,337
1999-620,Bournemouth,Clay,32,A,19990913,23,101806,,Q,Marc Kevin Goellner,R,196,GER,28.9,102494,,,Tomas Behrend,R,193,GER,24.7,4-6 6-3 6-3,3,R16,110,10,8,87,36,30,26,14,2,4,6,6,104,68,41,20,14,8,12,211,200,122,383
1999-620,Bournemouth,Clay,32,A,19990913,24,102437,,,Adrian Voinea,R,185,ROU,25.1,102202,,,Kenneth Carlsen,L,190,DEN,26.4,6-3 3-6 6-3,3,R16,115,7,5,84,51,40,18,14,5,6,3,2,88,44,30,25,13,8,10,133,352,86,574
1999-620,Bournemouth,Clay,32,A,19990913,25,102358,1,,Thomas Enqvist,R,190,SWE,25.5,102223,8,,Karim Alami,R,185,MAR,26.3,6-3 7-5,3,QF,74,1,3,65,36,27,18,11,2,3,7,5,73,42,30,12,10,9,12,17,1710,64,720
1999-620,Bournemouth,Clay,32,A,19990913,26,102905,5,,Stefan Koubek,L,175,AUT,22.6,101320,,,Magnus Gustafsson,R,185,SWE,32.6,6-3 6-2,3,QF,63,0,1,51,34,25,11,9,0,1,0,4,51,33,20,5,8,2,6,48,884,77,616
1999-620,Bournemouth,Clay,32,A,19990913,27,101962,3,,Younes El Aynaoui,R,193,MAR,28.0,102521,,,Hendrik Dreekmann,R,188,GER,24.6,W/O,3,QF,,,,,,,,,,,,,,,,,,,,26,1337,112,422
1999-620,Bournemouth,Clay,32,A,19990913,28,102437,,,Adrian Voinea,R,185,ROU,25.1,101806,,Q,Marc Kevin Goellner,R,196,GER,28.9,6-3 2-6 6-2,3,QF,90,10,0,75,38,30,19,13,5,8,5,6,79,33,22,22,12,5,9,133,352,211,200
1999-620,Bournemouth,Clay,32,A,19990913,29,102905,5,,Stefan Koubek,L,175,AUT,22.6,102358,1,,Thomas Enqvist,R,190,SWE,25.5,6-3 2-6 5-5 RET,3,SF,135,5,4,106,63,42,23,14,12,14,6,7,86,46,37,23,14,2,3,48,884,17,1710
1999-620,Bournemouth,Clay,32,A,19990913,30,102437,,,Adrian Voinea,R,185,ROU,25.1,101962,3,,Younes El Aynaoui,R,193,MAR,28.0,6-3 6-4,3,SF,80,4,0,77,41,27,21,10,2,3,3,3,65,32,24,15,9,7,10,133,352,26,1337
1999-620,Bournemouth,Clay,32,A,19990913,31,102437,,,Adrian Voinea,R,185,ROU,25.1,102905,5,,Stefan Koubek,L,175,AUT,22.6,1-6 7-5 7-6(2),3,F,122,1,4,113,61,35,31,15,7,12,4,3,88,48,30,28,16,1,5,133,352,48,884
1999-573,Mallorca,Clay,32,A,19990913,1,102607,,Q,Juan Balcells,R,190,ESP,24.2,102845,1,,Carlos Moya,R,190,ESP,23.0,4-6 6-3 6-3,3,R32,106,10,3,97,69,42,15,14,4,8,4,3,89,51,34,15,14,9,15,278,139,15,1856
1999-573,Mallorca,Clay,32,A,19990913,2,103031,,Q,Julian Alonso,R,185,ESP,22.1,102234,,,Oliver Gross,R,185,GER,26.2,6-2 6-7(5) 7-6(6),3,R32,148,5,2,106,61,41,33,16,2,3,2,2,109,65,45,25,16,7,10,131,360,143,315
1999-573,Mallorca,Clay,32,A,19990913,3,102548,,,Juan Antonio Marin,R,175,CRC,24.5,102650,,Q,Roberto Carretero,R,178,ESP,24.0,7-6(4) 6-0,3,R32,84,3,4,58,33,28,13,9,1,2,2,5,65,35,23,13,9,5,9,71,657,182,230
1999-573,Mallorca,Clay,32,A,19990913,4,102783,7,,Rainer Schuettler,R,180,GER,23.3,102238,,,Alberto Berasategui,R,173,ESP,26.2,7-6(6) 7-5,3,R32,93,1,1,65,47,32,9,12,0,3,0,0,71,52,32,10,12,3,7,46,889,89,547
1999-573,Mallorca,Clay,32,A,19990913,5,101969,,,Orlin Stanoytchev,R,185,BUL,27.9,102610,3,,Albert Costa,R,180,ESP,24.2,6-3 6-7(3) 6-3,3,R32,129,6,5,91,46,37,32,16,1,1,4,5,91,56,43,19,14,7,9,111,425,22,1468
1999-573,Mallorca,Clay,32,A,19990913,6,103507,,,Juan Carlos Ferrero,R,183,ESP,19.5,103990,,WC,Tommy Robredo,R,180,ESP,17.3,6-4 6-3,3,R32,75,1,0,55,37,25,12,9,6,7,2,5,63,36,22,8,9,9,13,68,682,242,169
1999-573,Mallorca,Clay,32,A,19990913,7,102533,,,Jens Knippschild,R,190,GER,24.5,102869,,,Galo Blanco,R,173,ESP,22.9,6-3 5-7 6-2,3,R32,128,12,9,95,44,39,23,15,8,11,3,7,98,48,39,18,14,6,11,81,600,75,642
1999-573,Mallorca,Clay,32,A,19990913,8,101532,5,,Francisco Clavet,L,183,ESP,30.8,102287,,,Albert Portas,R,188,ESP,25.8,3-6 7-6(3) 6-4,3,R32,129,6,2,97,57,43,15,15,6,11,6,8,119,79,52,18,16,15,20,29,1298,66,702
1999-573,Mallorca,Clay,32,A,19990913,9,102167,,,Juan Albert Viloca Puig,R,185,ESP,26.6,102950,6,,Fernando Vicente,R,180,ESP,22.5,6-3 5-7 6-4,3,R32,134,9,5,105,68,48,16,16,8,12,2,7,90,55,32,17,15,6,11,158,272,41,979
1999-573,Mallorca,Clay,32,A,19990913,10,103182,,,Markus Hipfl,R,178,AUT,21.3,103292,,,Gaston Gaudio,R,175,ARG,20.7,7-5 6-1,3,R32,90,3,0,47,32,23,8,9,1,3,1,6,82,45,27,12,10,7,13,73,643,72,643
1999-573,Mallorca,Clay,32,A,19990913,11,103264,,,Mariano Puerta,L,180,ARG,20.9,101475,,WC,Carlos Costa,R,183,ESP,31.3,6-4 6-1,3,R32,66,0,2,52,36,28,7,9,2,3,6,2,53,22,15,13,8,4,8,65,714,360,95
1999-573,Mallorca,Clay,32,A,19990913,12,103103,4,,Dominik Hrbaty,R,183,SVK,21.6,102153,,,German Puentes,R,173,ESP,26.7,5-7 7-5 6-1,3,R32,139,7,5,109,52,36,27,16,10,16,4,1,107,65,36,19,15,5,13,25,1419,117,405
1999-573,Mallorca,Clay,32,A,19990913,13,102644,8,,Franco Squillari,L,183,ARG,24.0,101382,,,Marcelo Filippini,R,178,URU,32.1,6-3 7-5,3,R32,89,1,2,66,33,25,20,11,2,3,3,1,65,34,24,14,10,2,5,47,888,88,560
1999-573,Mallorca,Clay,32,A,19990913,14,102024,,,Hernan Gumy,R,188,ARG,27.5,102231,,Q,Alex Calatrava,R,190,ESP,26.2,7-6(15) 4-6 7-5,3,R32,214,3,4,128,84,52,25,17,13,17,6,4,124,60,42,33,17,6,10,91,518,173,246
1999-573,Mallorca,Clay,32,A,19990913,15,103252,,,Alberto Martin,R,175,ESP,21.0,101675,,,Martin Rodriguez,R,178,ARG,29.7,7-6(4) 6-2,3,R32,95,1,2,81,51,33,17,10,4,5,3,8,63,24,17,19,10,1,4,54,785,97,503
1999-573,Mallorca,Clay,32,A,19990913,16,102374,2,,Alex Corretja,R,180,ESP,25.4,102184,,,David Prinosil,R,185,GER,26.5,6-4 6-1,3,R32,81,5,2,68,30,22,27,10,3,3,8,6,54,26,21,15,10,2,4,11,2030,52,797
1999-573,Mallorca,Clay,32,A,19990913,17,103031,,Q,Julian Alonso,R,185,ESP,22.1,102607,,Q,Juan Balcells,R,190,ESP,24.2,7-6(6) 6-4,3,R16,82,3,6,69,43,38,14,11,3,3,4,2,75,51,36,16,11,6,7,131,360,278,139
1999-573,Mallorca,Clay,32,A,19990913,18,102548,,,Juan Antonio Marin,R,175,CRC,24.5,102783,7,,Rainer Schuettler,R,180,GER,23.3,6-3 6-1,3,R16,68,2,4,54,30,21,11,8,6,8,0,2,50,28,13,8,8,3,9,71,657,46,889
1999-573,Mallorca,Clay,32,A,19990913,19,103507,,,Juan Carlos Ferrero,R,183,ESP,19.5,101969,,,Orlin Stanoytchev,R,185,BUL,27.9,6-3 7-6(4),3,R16,105,2,2,73,55,38,10,11,2,4,4,4,76,41,27,15,10,6,9,68,682,111,425
1999-573,Mallorca,Clay,32,A,19990913,20,101532,5,,Francisco Clavet,L,183,ESP,30.8,102533,,,Jens Knippschild,R,190,GER,24.5,6-7(3) 6-4 6-4,3,R16,154,1,4,120,73,44,30,16,12,14,13,13,111,51,40,28,16,8,12,29,1298,81,600
1999-573,Mallorca,Clay,32,A,19990913,21,103182,,,Markus Hipfl,R,178,AUT,21.3,102167,,,Juan Albert Viloca Puig,R,185,ESP,26.6,6-4 6-0,3,R16,77,2,4,42,26,23,9,8,0,0,0,4,60,38,19,10,8,5,9,73,643,158,272
1999-573,Mallorca,Clay,32,A,19990913,22,103103,4,,Dominik Hrbaty,R,183,SVK,21.6,103264,,,Mariano Puerta,L,180,ARG,20.9,7-6(5) 6-3,3,R16,81,5,4,60,26,21,22,10,1,2,4,1,70,42,28,16,11,2,5,25,1419,65,714
1999-573,Mallorca,Clay,32,A,19990913,23,102024,,,Hernan Gumy,R,188,ARG,27.5,102644,8,,Franco Squillari,L,183,ARG,24.0,7-6(4) 6-3,3,R16,116,2,3,88,57,42,15,11,5,6,3,0,72,49,32,13,10,9,11,91,518,47,888
1999-573,Mallorca,Clay,32,A,19990913,24,102374,2,,Alex Corretja,R,180,ESP,25.4,103252,,,Alberto Martin,R,175,ESP,21.0,6-1 6-2,3,R16,70,5,3,48,17,14,21,8,3,3,1,1,44,24,10,12,7,2,6,11,2030,54,785
1999-573,Mallorca,Clay,32,A,19990913,25,103031,,Q,Julian Alonso,R,185,ESP,22.1,102548,,,Juan Antonio Marin,R,175,CRC,24.5,7-6(5) 7-5,3,QF,110,3,3,80,40,23,25,12,2,6,1,6,89,48,29,19,12,7,12,131,360,71,657
1999-573,Mallorca,Clay,32,A,19990913,26,103507,,,Juan Carlos Ferrero,R,183,ESP,19.5,101532,5,,Francisco Clavet,L,183,ESP,30.8,6-3 6-3,3,QF,62,3,0,38,23,17,13,7,3,3,1,3,57,32,18,9,8,11,16,68,682,29,1298
1999-573,Mallorca,Clay,32,A,19990913,27,103103,4,,Dominik Hrbaty,R,183,SVK,21.6,103182,,,Markus Hipfl,R,178,AUT,21.3,4-6 7-5 6-3,3,QF,125,8,3,91,48,37,23,16,5,8,3,2,93,55,39,19,15,4,8,25,1419,73,643
1999-573,Mallorca,Clay,32,A,19990913,28,102374,2,,Alex Corretja,R,180,ESP,25.4,102024,,,Hernan Gumy,R,188,ARG,27.5,6-3 6-2,3,QF,94,3,4,63,27,22,17,9,2,3,1,2,55,35,21,8,8,2,6,11,2030,91,518
1999-573,Mallorca,Clay,32,A,19990913,29,103507,,,Juan Carlos Ferrero,R,183,ESP,19.5,103031,,Q,Julian Alonso,R,185,ESP,22.1,6-2 7-6(11),3,SF,98,0,3,64,48,35,8,10,2,4,4,4,84,46,28,17,10,3,7,68,682,131,360
1999-573,Mallorca,Clay,32,A,19990913,30,102374,2,,Alex Corretja,R,180,ESP,25.4,103103,4,,Dominik Hrbaty,R,183,SVK,21.6,6-4 6-4,3,SF,83,7,0,65,36,30,12,10,5,6,6,5,56,28,23,13,10,3,6,11,2030,25,1419
1999-573,Mallorca,Clay,32,A,19990913,31,103507,,,Juan Carlos Ferrero,R,183,ESP,19.5,102374,2,,Alex Corretja,R,180,ESP,25.4,2-6 7-5 6-3,3,F,164,3,3,101,73,44,14,14,6,10,5,6,106,60,42,16,15,6,11,68,682,11,2030
1999-73,Tashkent,Hard,32,A,19990913,1,102338,1,,Yevgeny Kafelnikov,R,190,RUS,25.5,101772,,,Andrei Cherkasov,R,180,RUS,29.1,1-6 6-3 6-3,3,R32,111,5,4,81,36,28,19,13,9,14,2,6,83,37,25,19,12,5,10,2,3917,174,246
1999-73,Tashkent,Hard,32,A,19990913,2,101888,,,Daniel Vacek,R,190,CZE,28.4,102957,,WC,Vadim Kutsenko,R,180,RUS,22.4,6-3 3-6 6-1,3,R32,111,4,3,84,48,34,20,13,6,8,3,6,86,35,24,24,12,3,7,70,658,170,249
1999-73,Tashkent,Hard,32,A,19990913,3,103387,,Q,Paradorn Srichaphan,R,185,THA,20.2,103344,,,Ivan Ljubicic,R,193,CRO,20.4,7-5 6-3,3,R32,75,4,3,53,24,21,14,10,0,2,2,2,70,31,18,18,11,6,11,215,196,99,491
1999-73,Tashkent,Hard,32,A,19990913,4,102730,,Q,Ivo Heuberger,R,188,SUI,23.5,102466,8,,Jan Kroslak,R,188,SVK,24.9,6-2 RET,3,R32,22,1,3,21,5,4,10,4,1,2,2,2,20,13,7,0,5,1,4,221,192,53,793
1999-73,Tashkent,Hard,32,A,19990913,5,103017,3,,Nicolas Kiefer,R,183,GER,22.1,102538,,,Tuomas Ketola,R,185,FIN,24.5,4-6 6-2 6-1,3,R32,103,2,6,90,40,30,28,13,4,6,3,2,73,31,18,22,12,4,9,13,1931,148,298
1999-73,Tashkent,Hard,32,A,19990913,6,102455,,,Lorenzo Manta,R,190,SUI,24.9,102770,,,John Van Lottum,R,185,NED,23.4,7-6(1) 6-3,3,R32,90,10,4,63,30,25,23,10,0,0,0,2,77,39,25,23,11,8,10,106,459,85,576
1999-73,Tashkent,Hard,32,A,19990913,7,102821,,,Cecil Mamiit,R,173,PHI,23.2,102077,,Q,Alexander Shvec,R,,BLR,27.2,6-4 6-1,3,R32,62,4,1,53,26,19,18,9,3,4,0,3,40,25,14,7,8,2,6,82,588,370,92
1999-73,Tashkent,Hard,32,A,19990913,8,102395,,,Ville Liukko,R,173,FIN,25.3,103498,6,,Marat Safin,R,193,RUS,19.6,4-6 7-5 3-1 RET,3,R32,92,8,3,84,46,30,20,13,8,11,9,6,90,32,26,27,14,4,8,121,388,35,1110
1999-73,Tashkent,Hard,32,A,19990913,9,103819,,,Roger Federer,R,185,SUI,18.0,101611,5,,Cedric Pioline,R,188,FRA,30.2,6-4 6-3,3,R32,53,9,2,47,28,21,14,9,1,2,3,2,63,31,17,17,10,5,9,104,468,16,1851
1999-73,Tashkent,Hard,32,A,19990913,10,103193,,,Peter Wessels,R,196,NED,21.3,102369,,,Julien Boutter,R,190,FRA,25.4,3-6 6-4 6-2,3,R32,97,13,1,65,41,34,14,13,2,4,6,7,100,51,34,22,14,6,10,92,513,142,315
1999-73,Tashkent,Hard,32,A,19990913,11,102809,,,Axel Pretzsch,R,185,GER,23.2,102433,,,Mose Navarra,L,180,ITA,25.1,3-6 7-6(5) 6-4,3,R32,151,7,7,119,55,44,30,15,9,12,17,6,115,49,38,31,16,7,10,114,411,147,305
1999-73,Tashkent,Hard,32,A,19990913,12,102227,,,Sargis Sargsian,R,180,ARM,26.2,102344,4,,Karol Kucera,R,188,SVK,25.5,6-1 6-4,3,R32,75,4,1,59,38,27,11,9,4,5,1,5,48,22,14,10,8,2,6,60,728,20,1496
1999-73,Tashkent,Hard,32,A,19990913,13,101820,7,,Marc Rosset,R,201,SUI,28.8,102347,,WC,Dmitri Tomashevich,R,,UZB,25.5,6-2 6-2,3,R32,70,10,2,51,30,21,13,8,5,6,1,5,55,27,16,10,8,6,11,33,1163,406,79
1999-73,Tashkent,Hard,32,A,19990913,14,102567,,Q,George Bastl,R,183,SUI,24.4,102087,,,Oleg Ogorodov,R,193,UZB,27.1,7-6(5) 6-2,3,R32,96,6,4,73,47,32,11,10,6,8,6,3,68,36,21,15,10,4,8,154,286,132,356
1999-73,Tashkent,Hard,32,A,19990913,15,102179,,,Antony Dupuis,R,185,FRA,26.5,103166,,,Vladimir Voltchkov,R,180,BLR,21.4,6-2 6-4,3,R32,64,8,2,48,22,20,17,9,2,3,2,8,58,29,20,10,9,2,6,105,465,137,341
1999-73,Tashkent,Hard,32,A,19990913,16,102133,,,Laurence Tieleman,R,180,ITA,26.8,102257,2,,Greg Rusedski,L,193,GBR,26.0,6-3 6-4,3,R32,64,7,1,65,26,20,25,10,2,2,12,3,48,35,26,7,9,1,3,95,511,7,2336
1999-73,Tashkent,Hard,32,A,19990913,17,101888,,,Daniel Vacek,R,190,CZE,28.4,102338,1,,Yevgeny Kafelnikov,R,190,RUS,25.5,7-6(5) 2-6 7-5,3,R16,146,8,4,111,68,47,18,16,7,12,3,6,121,62,43,27,16,8,12,70,658,2,3917
1999-73,Tashkent,Hard,32,A,19990913,18,103387,,Q,Paradorn Srichaphan,R,185,THA,20.2,102730,,Q,Ivo Heuberger,R,188,SUI,23.5,7-5 7-6(2),3,R16,99,10,3,70,48,39,8,12,0,2,5,11,77,30,21,23,12,2,5,215,196,221,192
1999-73,Tashkent,Hard,32,A,19990913,19,103017,3,,Nicolas Kiefer,R,183,GER,22.1,102455,,,Lorenzo Manta,R,190,SUI,24.9,6-4 6-4,3,R16,79,1,5,57,24,18,20,10,1,3,6,5,56,28,21,12,10,3,7,13,1931,106,459
1999-73,Tashkent,Hard,32,A,19990913,20,102821,,,Cecil Mamiit,R,173,PHI,23.2,102395,,,Ville Liukko,R,173,FIN,25.3,6-3 7-5,3,R16,79,4,3,59,30,23,18,11,0,2,0,3,65,32,20,15,10,3,7,82,588,121,388
1999-73,Tashkent,Hard,32,A,19990913,21,103193,,,Peter Wessels,R,196,NED,21.3,103819,,,Roger Federer,R,185,SUI,18.0,4-6 7-6(1) 6-4,3,R16,100,11,7,98,58,44,20,16,2,5,4,4,96,52,35,23,16,5,8,92,513,104,468
1999-73,Tashkent,Hard,32,A,19990913,22,102809,,,Axel Pretzsch,R,185,GER,23.2,102227,,,Sargis Sargsian,R,180,ARM,26.2,6-3 5-7 7-5,3,R16,140,3,2,95,45,31,27,16,2,6,6,6,125,79,48,24,17,13,19,114,411,60,728
1999-73,Tashkent,Hard,32,A,19990913,23,102567,,Q,George Bastl,R,183,SUI,24.4,101820,7,,Marc Rosset,R,201,SUI,28.8,6-3 7-6(4),3,R16,91,3,2,63,41,29,13,11,0,2,9,7,77,36,29,16,10,10,13,154,286,33,1163
1999-73,Tashkent,Hard,32,A,19990913,24,102179,,,Antony Dupuis,R,185,FRA,26.5,102133,,,Laurence Tieleman,R,180,ITA,26.8,6-2 6-3,3,R16,56,9,4,45,24,19,16,8,2,2,2,7,53,22,16,12,9,1,5,105,465,95,511
1999-73,Tashkent,Hard,32,A,19990913,25,101888,,,Daniel Vacek,R,190,CZE,28.4,103387,,Q,Paradorn Srichaphan,R,185,THA,20.2,7-5 7-6(7),3,QF,109,6,6,86,52,38,16,12,7,10,7,4,84,35,25,24,12,2,6,70,658,215,196
1999-73,Tashkent,Hard,32,A,19990913,26,103017,3,,Nicolas Kiefer,R,183,GER,22.1,102821,,,Cecil Mamiit,R,173,PHI,23.2,6-1 7-5,3,QF,78,2,5,55,25,20,17,9,2,3,1,5,59,28,17,13,10,2,7,13,1931,82,588
1999-73,Tashkent,Hard,32,A,19990913,27,103193,,,Peter Wessels,R,196,NED,21.3,102809,,,Axel Pretzsch,R,185,GER,23.2,7-6(8) 6-0,3,QF,79,11,4,64,44,33,11,9,2,3,3,8,81,43,25,17,9,10,14,92,513,114,411
1999-73,Tashkent,Hard,32,A,19990913,28,102567,,Q,George Bastl,R,183,SUI,24.4,102179,,,Antony Dupuis,R,185,FRA,26.5,6-2 6-4,3,QF,,,,,,,,,,,,,,,,,,,,154,286,105,465
1999-73,Tashkent,Hard,32,A,19990913,29,103017,3,,Nicolas Kiefer,R,183,GER,22.1,101888,,,Daniel Vacek,R,190,CZE,28.4,7-6(4) 6-2,3,SF,99,6,0,62,37,25,18,10,0,1,7,2,80,48,29,16,10,6,9,13,1931,70,658
1999-73,Tashkent,Hard,32,A,19990913,30,102567,,Q,George Bastl,R,183,SUI,24.4,103193,,,Peter Wessels,R,196,NED,21.3,6-4 6-3,3,SF,71,7,1,62,43,32,9,10,2,3,2,3,54,31,20,13,9,2,5,154,286,92,513
1999-73,Tashkent,Hard,32,A,19990913,31,103017,3,,Nicolas Kiefer,R,183,GER,22.1,102567,,Q,George Bastl,R,183,SUI,24.4,6-4 6-2,3,F,72,7,4,46,27,22,10,9,2,4,3,1,56,33,19,8,9,6,11,13,1931,154,286
1999-D028,Davis Cup G1 PO: CHN vs PAK,Hard,4,D,19990924,1,103337,,,Ben Qiang Zhu,R,,CHN,20.5,102826,,,Muhammad Khaliq Siddiq,U,,KUW,23.2,6-1 6-3 6-1,5,RR,,,,,,,,,,,,,,,,,,,,592,33,,
1999-D028,Davis Cup G1 PO: CHN vs PAK,Hard,4,D,19990924,2,102787,,,Si Bruce Li,R,,CHN,23.3,103529,,,Aisam Ul Haq Qureshi,R,183,PAK,19.5,3-6 6-4 4-6 6-1 RET,5,RR,,,,,,,,,,,,,,,,,,,,1233,2,514,47
1999-D001,Davis Cup G1 PO: CRO vs POR,Carpet,4,D,19990924,1,101731,,,Nuno Marques,L,190,POR,29.4,103344,,,Ivan Ljubicic,R,193,CRO,20.5,6-4 6-4 3-6 6-3,5,RR,,,,,,,,,,,,,,,,,,,,290,133,101,491
1999-D001,Davis Cup G1 PO: CRO vs POR,Carpet,4,D,19990924,2,101416,,,Joao Cunha Silva,R,173,POR,31.8,103318,,,Zeljko Krajan,R,178,CRO,20.6,7-6(4) 6-2 6-2,5,RR,,,,,,,,,,,,,,,,,,,,250,167,303,126
1999-D001,Davis Cup G1 PO: CRO vs POR,Carpet,4,D,19990924,4,101416,,,Joao Cunha Silva,R,173,POR,31.8,104339,,,Mario Ancic,R,196,CRO,15.4,6-4 6-4,3,RR,,,,,,,,,,,,,,,,,,,,250,167,1049,5
1999-D001,Davis Cup G1 PO: CRO vs POR,Carpet,4,D,19990924,5,103735,,,Lovro Zovko,R,190,CRO,18.5,101938,,,Bernardo Mota,R,178,POR,28.1,6-7(4) 6-4 6-4,3,RR,,,,,,,,,,,,,,,,,,,,529,45,459,60
1999-D002,Davis Cup G1 PO: UKR vs ISR,Clay,4,D,19990924,1,103248,,,Harel Levy,R,185,ISR,21.1,102069,,,Andrei Rybalko,R,180,UKR,27.2,6-2 6-1 6-2,5,RR,,,,,,,,,,,,,,,,,,,,178,237,565,39
1999-D002,Davis Cup G1 PO: UKR vs ISR,Clay,4,D,19990924,2,102446,,,Andrei Medvedev,R,193,UKR,25.0,103174,,,Noam Okun,R,185,ISR,21.4,6-0 6-4 7-6(2),5,RR,,,,,,,,,,,,,,,,,,,,34,1156,252,165
1999-D002,Davis Cup G1 PO: UKR vs ISR,Clay,4,D,19990924,4,102446,,,Andrei Medvedev,R,193,UKR,25.0,103248,,,Harel Levy,R,185,ISR,21.1,7-5 4-6 6-3 6-2,5,RR,,,,,,,,,,,,,,,,,,,,34,1156,178,237
1999-D002,Davis Cup G1 PO: UKR vs ISR,Clay,4,D,19990924,5,103174,,,Noam Okun,R,185,ISR,21.4,103824,,,Orest Tereshchuk,R,,UKR,18.0,6-3 7-5,3,RR,,,,,,,,,,,,,,,,,,,,252,165,918,9
1999-D013,Davis Cup G1 PO: VEN vs BAH,Hard,4,D,19990924,1,101956,,,Mark Knowles,R,190,BAH,28.0,102655,,,Jimy Szymanski,R,175,VEN,24.0,7-5 6-4 7-6(2),5,RR,,,,,,,,,,,,,,,,,,,,275,141,241,171
1999-D013,Davis Cup G1 PO: VEN vs BAH,Hard,4,D,19990924,2,101862,,,Maurice Ruah,R,178,VEN,28.5,102076,,,Mark Merklein,R,188,BAH,27.2,7-5 5-7 6-7(5) 6-3 6-2,5,RR,,,,,,,,,,,,,,,,,,,,197,216,871,10
1999-D013,Davis Cup G1 PO: VEN vs BAH,Hard,4,D,19990924,4,101956,,,Mark Knowles,R,190,BAH,28.0,101862,,,Maurice Ruah,R,178,VEN,28.5,7-6(2) 1-6 0-6 7-5 6-3,5,RR,,,,,,,,,,,,,,,,,,,,275,141,197,216
1999-D073,Davis Cup G2 F: PER vs MEX,Clay,4,D,19990924,1,103632,,,Luis Horna,R,180,PER,19.0,101955,,,Luis Herrera,L,170,MEX,28.0,6-4 6-3 6-4,5,RR,,,,,,,,,,,,,,,,,,,,165,252,598,32
1999-D073,Davis Cup G2 F: PER vs MEX,Clay,4,D,19990924,2,103060,,,Alejandro Hernandez,R,180,MEX,21.9,108585,,,Americo Venero Montes,L,175,PER,27.5,7-5 6-7(3) 6-2 2-6 6-4,5,RR,,,,,,,,,,,,,,,,,,,,174,239,,
1999-D073,Davis Cup G2 F: PER vs MEX,Clay,4,D,19990924,4,103632,,,Luis Horna,R,180,PER,19.0,103060,,,Alejandro Hernandez,R,180,MEX,21.9,6-1 6-1 6-4,5,RR,,,,,,,,,,,,,,,,,,,,165,252,174,239
1999-D073,Davis Cup G2 F: PER vs MEX,Clay,4,D,19990924,5,108585,,,Americo Venero Montes,L,175,PER,27.5,101955,,,Luis Herrera,L,170,MEX,28.0,6-3 6-4 1-6 6-3,5,RR,,,,,,,,,,,,,,,,,,,,,,598,32
1999-D077,Davis Cup G2 F: THA vs PHI,Hard,4,D,19990924,1,102462,,,Bryan Juinio,R,,USA,24.9,103821,,,Danai Udomchoke,R,173,THA,18.1,6-4 7-6(6) 7-6(8),5,RR,,,,,,,,,,,,,,,,,,,,974,7,366,93
1999-D077,Davis Cup G2 F: THA vs PHI,Hard,4,D,19990924,2,103387,,,Paradorn Srichaphan,R,185,THA,20.2,101563,,,Joseph Lizardo,R,,PHI,30.6,6-7(3) 6-3 6-2 7-6(10),5,RR,,,,,,,,,,,,,,,,,,,,168,245,1156,3
1999-D077,Davis Cup G2 F: THA vs PHI,Hard,4,D,19990924,4,103387,,,Paradorn Srichaphan,R,185,THA,20.2,102462,,,Bryan Juinio,R,,USA,24.9,3-6 6-3 6-2 6-7(6) 6-3,5,RR,,,,,,,,,,,,,,,,,,,,168,245,974,7
1999-D077,Davis Cup G2 F: THA vs PHI,Hard,4,D,19990924,5,103821,,,Danai Udomchoke,R,173,THA,18.1,101563,,,Joseph Lizardo,R,,PHI,30.6,6-0 6-3,3,RR,,,,,,,,,,,,,,,,,,,,366,93,1156,3
1999-D037,Davis Cup G2 SF: HUN vs DEN,Clay,4,D,19990924,1,102737,,,Gergely Kisgyorgy,R,,HUN,23.5,102202,,,Kenneth Carlsen,L,190,DEN,26.4,2-6 3-6 6-4 6-1 6-2,5,RR,,,,,,,,,,,,,,,,,,,,358,99,81,596
1999-D037,Davis Cup G2 SF: HUN vs DEN,Clay,4,D,19990924,2,102722,,,Attila Savolt,R,183,HUN,23.6,101775,,,Frederik Fetterlein,R,190,DEN,29.1,6-1 6-4 4-6 6-4,5,RR,,,,,,,,,,,,,,,,,,,,136,332,599,32
1999-D037,Davis Cup G2 SF: HUN vs DEN,Clay,4,D,19990924,4,102623,,,Thomas Larsen,R,180,DEN,24.1,103374,,,Zoltan Boroczky,R,,HUN,20.3,6-3 4-6 6-2,3,RR,,,,,,,,,,,,,,,,,,,,373,92,736,19
1999-D070,Davis Cup G2 SF: MAR vs POL,Clay,4,D,19990924,1,102271,,,Hicham Arazi,L,175,MAR,25.9,102632,,,Michal Gawlowski,R,,POL,24.1,6-2 6-1 6-7(5) 6-3,5,RR,,,,,,,,,,,,,,,,,,,,40,1002,937,8
1999-D070,Davis Cup G2 SF: MAR vs POL,Clay,4,D,19990924,2,102223,,,Karim Alami,R,185,MAR,26.3,102993,,,Michal Chmela,R,,POL,22.3,6-3 6-3 6-3,5,RR,,,,,,,,,,,,,,,,,,,,59,758,782,15
1999-D070,Davis Cup G2 SF: MAR vs POL,Clay,4,D,19990924,4,102271,,,Hicham Arazi,L,175,MAR,25.9,103298,,,Piotr Szczepanik,R,,POL,20.7,6-2 6-2,3,RR,,,,,,,,,,,,,,,,,,,,40,1002,572,37
1999-D070,Davis Cup G2 SF: MAR vs POL,Clay,4,D,19990924,5,103007,,,Mounir El Aarej,R,,MAR,22.2,108868,,,Mariusz Zielinski,U,,POL,23.7,7-5 7-5,3,RR,,,,,,,,,,,,,,,,,,,,446,64,,
1999-D010,Davis Cup WG PO: AUT vs SWE,Clay,4,D,19990924,1,103182,,,Markus Hipfl,R,178,AUT,21.4,102796,,,Magnus Norman,R,188,SWE,23.3,6-4 6-3 6-4,5,RR,,,,,,,,,,,,,,,,,,,,69,668,23,1462
1999-D010,Davis Cup WG PO: AUT vs SWE,Clay,4,D,19990924,2,102905,,,Stefan Koubek,L,175,AUT,22.7,101320,,,Magnus Gustafsson,R,185,SWE,32.7,6-4 4-6 6-4 4-6 10-8,5,RR,,,,,,,,,,,,,,,,,,,,41,990,70,663
1999-D010,Davis Cup WG PO: AUT vs SWE,Clay,4,D,19990924,4,102796,,,Magnus Norman,R,188,SWE,23.3,102905,,,Stefan Koubek,L,175,AUT,22.7,6-7(5) 6-1 6-4 6-2,5,RR,,,,,,,,,,,,,,,,,,,,23,1462,41,990
1999-D010,Davis Cup WG PO: AUT vs SWE,Clay,4,D,19990924,5,103182,,,Markus Hipfl,R,178,AUT,21.4,101320,,,Magnus Gustafsson,R,185,SWE,32.7,6-1 6-2 7-5,5,RR,,,,,,,,,,,,,,,,,,,,69,668,70,663
1999-D041,Davis Cup WG PO: ECU vs NED,Clay,4,D,19990924,1,102839,,,Nicolas Lapentti,R,188,ECU,23.1,101733,,,Jan Siemerink,L,183,NED,29.4,6-4 4-6 6-3 6-2,5,RR,,,,,,,,,,,,,,,,,,,,14,1866,64,723
1999-D041,Davis Cup WG PO: ECU vs NED,Clay,4,D,19990924,2,102854,,,Sjeng Schalken,R,193,NED,23.0,102192,,,Luis Adrian Morejon,R,178,ECU,26.4,7-6(9) 6-2 6-0,5,RR,,,,,,,,,,,,,,,,,,,,43,933,206,202
1999-D041,Davis Cup WG PO: ECU vs NED,Clay,4,D,19990924,4,102839,,,Nicolas Lapentti,R,188,ECU,23.1,102854,,,Sjeng Schalken,R,193,NED,23.0,1-6 3-6 6-0 7-6(5) 6-3,5,RR,,,,,,,,,,,,,,,,,,,,14,1866,43,933
1999-D041,Davis Cup WG PO: ECU vs NED,Clay,4,D,19990924,5,101733,,,Jan Siemerink,L,183,NED,29.4,102192,,,Luis Adrian Morejon,R,178,ECU,26.4,6-4 7-5 3-6 6-3,5,RR,,,,,,,,,,,,,,,,,,,,64,723,206,202
1999-D047,Davis Cup WG PO: GBR vs RSA,Hard,4,D,19990924,1,102257,,,Greg Rusedski,L,193,GBR,26.0,102524,,,Neville Godwin,R,173,RSA,24.6,6-4 4-6 6-4 6-3,5,RR,,,,,,,,,,,,,,,,,,,,6,2336,198,211
1999-D047,Davis Cup WG PO: GBR vs RSA,Hard,4,D,19990924,2,102450,,,Tim Henman,R,185,GBR,25.0,101917,,,Grant Stafford,R,188,RSA,28.3,6-3 7-5 7-6(6),5,RR,,,,,,,,,,,,,,,,,,,,7,2300,500,51
1999-D047,Davis Cup WG PO: GBR vs RSA,Hard,4,D,19990924,4,102450,,,Tim Henman,R,185,GBR,25.0,102524,,,Neville Godwin,R,173,RSA,24.6,6-2 6-2 6-2,5,RR,,,,,,,,,,,,,,,,,,,,7,2300,198,211
1999-D047,Davis Cup WG PO: GBR vs RSA,Hard,4,D,19990924,5,102257,,,Greg Rusedski,L,193,GBR,26.0,101917,,,Grant Stafford,R,188,RSA,28.3,6-4 7-5,3,RR,,,,,,,,,,,,,,,,,,,,6,2336,500,51
1999-D045,Davis Cup WG PO: ITA vs FIN,Clay,4,D,19990924,1,102247,,,Andrea Gaudenzi,R,183,ITA,26.1,103813,,,Jarkko Nieminen,L,185,FIN,18.1,6-2 6-3 7-5,5,RR,,,,,,,,,,,,,,,,,,,,93,512,596,32
1999-D045,Davis Cup WG PO: ITA vs FIN,Clay,4,D,19990924,2,102395,,,Ville Liukko,R,173,FIN,25.3,102106,,,Davide Sanguinetti,R,188,ITA,27.0,6-3 1-6 7-6(2) 4-6 6-3,5,RR,,,,,,,,,,,,,,,,,,,,117,411,116,418
1999-D045,Davis Cup WG PO: ITA vs FIN,Clay,4,D,19990924,4,102247,,,Andrea Gaudenzi,R,183,ITA,26.1,102395,,,Ville Liukko,R,173,FIN,25.3,6-3 6-7(5) 2-6 6-1 6-3,5,RR,,,,,,,,,,,,,,,,,,,,93,512,117,411
1999-D045,Davis Cup WG PO: ITA vs FIN,Clay,4,D,19990924,5,102106,,,Davide Sanguinetti,R,188,ITA,27.0,102538,,,Tuomas Ketola,R,185,FIN,24.5,6-2 6-2 1-6 6-1,5,RR,,,,,,,,,,,,,,,,,,,,116,418,148,298
1999-D043,Davis Cup WG PO: NZL vs ESP,Hard,4,D,19990924,1,102456,,,Felix Mantilla,R,180,ESP,24.9,103066,,,Mark Nielsen,R,185,NZL,21.9,6-2 3-6 4-6 7-6(2) 6-3,5,RR,,,,,,,,,,,,,,,,,,,,18,1536,267,147
1999-D043,Davis Cup WG PO: NZL vs ESP,Hard,4,D,19990924,2,101532,,,Francisco Clavet,L,183,ESP,30.9,101601,,,Brett Steven,R,185,NZL,30.3,6-2 6-4 6-4,5,RR,,,,,,,,,,,,,,,,,,,,32,1181,185,225
1999-D043,Davis Cup WG PO: NZL vs ESP,Hard,4,D,19990924,4,103031,,,Julian Alonso,R,185,ESP,22.1,102536,,,James Greenhalgh,R,183,NZL,24.5,3-6 6-1 6-3,3,RR,,,,,,,,,,,,,,,,,,,,120,401,,
1999-D043,Davis Cup WG PO: NZL vs ESP,Hard,4,D,19990924,5,101532,,,Francisco Clavet,L,183,ESP,30.9,103066,,,Mark Nielsen,R,185,NZL,21.9,6-0 6-4,3,RR,,,,,,,,,,,,,,,,,,,,32,1181,267,147
1999-D049,Davis Cup WG PO: ROU vs GER,Clay,4,D,19990924,1,103163,,,Tommy Haas,R,188,GER,21.4,102437,,,Adrian Voinea,R,185,ROU,25.1,7-5 6-2 3-6 6-1,5,RR,,,,,,,,,,,,,,,,,,,,11,2097,103,478
1999-D049,Davis Cup WG PO: ROU vs GER,Clay,4,D,19990924,2,102318,,,Andrei Pavel,R,183,ROU,25.6,102783,,,Rainer Schuettler,R,180,GER,23.4,7-6(2) 6-2 6-2,5,RR,,,,,,,,,,,,,,,,,,,,49,868,46,898
1999-D049,Davis Cup WG PO: ROU vs GER,Clay,4,D,19990924,4,103163,,,Tommy Haas,R,188,GER,21.4,102318,,,Andrei Pavel,R,183,ROU,25.6,6-4 6-2 7-6(4),5,RR,,,,,,,,,,,,,,,,,,,,11,2097,49,868
1999-D049,Davis Cup WG PO: ROU vs GER,Clay,4,D,19990924,5,101806,,,Marc Kevin Goellner,R,196,GER,28.9,102437,,,Adrian Voinea,R,185,ROU,25.1,6-4 7-6(6),3,RR,,,,,,,,,,,,,,,,,,,,264,150,103,478
1999-D036,Davis Cup WG PO: UZB vs CZE,Hard,4,D,19990924,1,102562,,,Jiri Novak,R,190,CZE,24.4,102957,,,Vadim Kutsenko,R,180,RUS,22.5,6-3 6-3 6-2,5,RR,,,,,,,,,,,,,,,,,,,,35,1097,166,249
1999-D036,Davis Cup WG PO: UZB vs CZE,Hard,4,D,19990924,2,101888,,,Daniel Vacek,R,190,CZE,28.4,102087,,,Oleg Ogorodov,R,193,UZB,27.1,7-5 6-3 6-4,5,RR,,,,,,,,,,,,,,,,,,,,58,763,134,356
1999-D036,Davis Cup WG PO: UZB vs CZE,Hard,4,D,19990924,4,103457,,,Petr Kralert,R,188,CZE,19.9,102087,,,Oleg Ogorodov,R,193,UZB,27.1,6-3 6-2,3,RR,,,,,,,,,,,,,,,,,,,,156,273,134,356
1999-D036,Davis Cup WG PO: UZB vs CZE,Hard,4,D,19990924,5,101866,,,David Rikl,L,178,CZE,28.5,102957,,,Vadim Kutsenko,R,180,RUS,22.5,4-6 6-2 6-3,3,RR,,,,,,,,,,,,,,,,,,,,863,10,166,249
1999-D025,Davis Cup WG PO: ZIM vs CHI,Hard,4,D,19990924,1,101647,,,Byron Black,R,175,ZIM,29.9,103454,,,Nicolas Massu,R,183,CHI,19.9,4-6 5-7 6-4 6-2 6-3,5,RR,,,,,,,,,,,,,,,,,,,,79,601,144,308
1999-D025,Davis Cup WG PO: ZIM vs CHI,Hard,4,D,19990924,2,102286,,,Wayne Black,R,170,ZIM,25.8,102701,,,Marcelo Rios,L,175,CHI,23.7,7-5 5-7 7-6(3) 7-6(4),5,RR,,,,,,,,,,,,,,,,,,,,121,392,8,2276
1999-D025,Davis Cup WG PO: ZIM vs CHI,Hard,4,D,19990924,4,101647,,,Byron Black,R,175,ZIM,29.9,102701,,,Marcelo Rios,L,175,CHI,23.7,7-6(3) 3-6 6-2 7-6(6),5,RR,,,,,,,,,,,,,,,,,,,,79,601,8,2276
1999-D025,Davis Cup WG PO: ZIM vs CHI,Hard,4,D,19990924,5,102061,,,Kevin Ullyett,R,178,ZIM,27.3,103454,,,Nicolas Massu,R,183,CHI,19.9,7-6(5) 7-6(4),3,RR,,,,,,,,,,,,,,,,,,,,184,225,144,308
1999-D006,Davis Cup WG SF: AUS vs RUS,Grass,4,D,19990924,1,103720,,,Lleyton Hewitt,R,180,AUS,18.5,103498,,,Marat Safin,R,193,RUS,19.6,7-6(0) 6-2 4-6 6-3,5,RR,,,,,,,,,,,,,,,,,,,,31,1217,36,1094
1999-D006,Davis Cup WG SF: AUS vs RUS,Grass,4,D,19990924,2,101885,,,Wayne Arthurs,L,190,AUS,28.5,102338,,,Yevgeny Kafelnikov,R,190,RUS,25.5,6-2 6-7(4) 6-2 6-0,5,RR,,,,,,,,,,,,,,,,,,,,91,534,2,3819
1999-D006,Davis Cup WG SF: AUS vs RUS,Grass,4,D,19990924,4,103720,,,Lleyton Hewitt,R,180,AUS,18.5,102338,,,Yevgeny Kafelnikov,R,190,RUS,25.5,6-4 7-5 6-2,5,RR,,,,,,,,,,,,,,,,,,,,31,1217,2,3819
1999-D006,Davis Cup WG SF: AUS vs RUS,Grass,4,D,19990924,5,101885,,,Wayne Arthurs,L,190,AUS,28.5,103498,,,Marat Safin,R,193,RUS,19.6,6-3 6-2,3,RR,,,,,,,,,,,,,,,,,,,,91,534,36,1094
1999-D015,Davis Cup WG SF: FRA vs BEL,Carpet,4,D,19990924,1,103206,,,Sebastien Grosjean,R,175,FRA,21.3,103598,,,Xavier Malisse,R,185,BEL,19.1,7-5 6-2 7-6(3),5,RR,,,,,,,,,,,,,,,,,,,,30,1233,98,496
1999-D015,Davis Cup WG SF: FRA vs BEL,Carpet,4,D,19990924,2,101611,,,Cedric Pioline,R,188,FRA,30.2,102029,,,Filip Dewulf,R,190,BEL,27.5,6-3 5-7 3-6 6-3 6-2,5,RR,,,,,,,,,,,,,,,,,,,,16,1794,432,68
1999-D015,Davis Cup WG SF: FRA vs BEL,Carpet,4,D,19990924,4,102419,,,Christophe Van Garsse,R,185,BEL,25.2,101611,,,Cedric Pioline,R,188,FRA,30.2,6-3 6-4,3,RR,,,,,,,,,,,,,,,,,,,,204,205,16,1794
1999-D015,Davis Cup WG SF: FRA vs BEL,Carpet,4,D,19990924,5,102148,,,Fabrice Santoro,R,178,FRA,26.7,103294,,,Christophe Rochus,R,170,BEL,20.7,7-5 6-4,3,RR,,,,,,,,,,,,,,,,,,,,39,1031,147,299
1999-773,Bucharest,Clay,32,A,19990927,1,102374,1,,Alex Corretja,R,180,ESP,25.4,103084,,,Guillermo Canas,R,185,ARG,21.8,6-3 1-6 7-6(3),3,R32,162,3,3,96,40,30,31,14,4,7,2,1,111,64,42,24,14,10,12,10,2161,71,662
1999-773,Bucharest,Clay,32,A,19990927,2,102533,,,Jens Knippschild,R,190,GER,24.6,102375,,WC,Dinu Pescariu,R,185,ROU,25.4,6-4 6-4,3,R32,75,10,1,55,30,28,13,10,2,3,1,3,80,49,26,17,10,7,10,90,544,161,263
1999-773,Bucharest,Clay,32,A,19990927,3,103507,,,Juan Carlos Ferrero,R,183,ESP,19.6,102473,,Q,Thomas Schiessling,R,180,AUT,24.9,6-3 6-3,3,R32,100,0,5,62,45,27,6,9,6,10,1,2,71,53,20,10,9,10,17,48,885,277,141
1999-773,Bucharest,Clay,32,A,19990927,4,102223,,,Karim Alami,R,185,MAR,26.3,102905,7,,Stefan Koubek,L,175,AUT,22.7,6-2 6-1,3,R32,45,2,0,33,21,17,11,7,0,0,0,3,48,28,16,6,8,4,9,60,758,41,990
1999-773,Bucharest,Clay,32,A,19990927,5,103292,,,Gaston Gaudio,R,175,ARG,20.7,103151,4,,Mariano Zabaleta,R,183,ARG,21.5,6-2 6-7(5) 3-1 RET,3,R32,14,0,10,91,59,40,14,12,6,9,3,6,93,44,30,17,13,11,17,73,643,28,1275
1999-773,Bucharest,Clay,32,A,19990927,6,102548,,,Juan Antonio Marin,R,175,CRC,24.5,103264,,,Mariano Puerta,L,180,ARG,21.0,3-6 6-1 6-3,3,R32,106,4,4,79,48,32,18,12,3,5,2,0,85,62,36,12,13,5,10,56,780,63,742
1999-773,Bucharest,Clay,32,A,19990927,7,103444,,Q,Jean Rene Lisnard,R,173,MON,20.0,102135,,Q,Emilio Benfele Alvarez,R,183,ESP,26.8,6-4 6-3,3,R32,80,1,4,55,28,20,13,9,4,6,0,2,64,40,24,8,10,4,9,160,266,152,291
1999-773,Bucharest,Clay,32,A,19990927,8,102238,,,Alberto Berasategui,R,173,ESP,26.2,101532,5,,Francisco Clavet,L,183,ESP,30.9,3-6 6-4 7-5,3,R32,125,2,4,98,73,40,13,16,8,16,3,6,96,53,35,13,15,7,15,91,536,32,1181
1999-773,Bucharest,Clay,32,A,19990927,9,102271,6,,Hicham Arazi,L,175,MAR,25.9,102318,,,Andrei Pavel,R,183,ROU,25.6,7-6(5) 6-3,3,R32,88,3,0,75,35,27,22,10,7,8,2,3,70,50,33,9,11,2,5,40,1002,49,868
1999-773,Bucharest,Clay,32,A,19990927,10,102227,,,Sargis Sargsian,R,180,ARM,26.3,103182,,,Markus Hipfl,R,178,AUT,21.4,6-1 0-6 6-0,3,R32,74,3,0,61,44,28,10,10,5,8,3,2,53,33,23,4,9,0,5,61,748,69,668
1999-773,Bucharest,Clay,32,A,19990927,11,102869,,,Galo Blanco,R,173,ESP,22.9,103324,,,Arnaud Di Pasquale,R,185,FRA,20.6,6-2 6-4,3,R32,70,4,0,52,25,17,19,9,2,3,3,4,61,35,21,11,9,3,7,78,607,53,788
1999-773,Bucharest,Clay,32,A,19990927,12,102610,3,,Albert Costa,R,180,ESP,24.2,101382,,,Marcelo Filippini,R,178,URU,32.1,6-3 0-6 6-4,3,R32,101,2,2,72,44,32,13,13,3,6,0,0,77,52,38,11,12,2,4,25,1345,93,514
1999-773,Bucharest,Clay,32,A,19990927,13,102950,8,,Fernando Vicente,R,180,ESP,22.5,102644,,,Franco Squillari,L,183,ARG,24.0,6-4 6-0,3,R32,67,0,4,48,21,17,13,8,3,5,0,5,49,23,12,9,8,3,9,42,979,47,894
1999-773,Bucharest,Clay,32,A,19990927,14,103252,,,Alberto Martin,R,175,ESP,21.1,102437,,WC,Adrian Voinea,R,185,ROU,25.1,3-6 6-4 7-5,3,R32,149,1,3,113,69,45,25,15,16,19,4,3,112,58,40,29,16,6,10,62,747,103,478
1999-773,Bucharest,Clay,32,A,19990927,15,102776,,,Andrew Ilie,R,180,AUS,23.4,102600,,Q,David Miketa,R,183,CZE,24.3,7-5 4-6 6-3,3,R32,148,3,9,125,50,38,39,16,7,10,2,6,104,54,33,29,15,10,14,50,809,228,181
1999-773,Bucharest,Clay,32,A,19990927,16,101962,2,,Younes El Aynaoui,R,193,MAR,28.0,102287,,,Albert Portas,R,188,ESP,25.8,7-5 7-6(4),3,R32,99,8,7,80,29,28,22,12,3,6,1,2,79,59,37,9,12,3,7,27,1293,72,650
1999-773,Bucharest,Clay,32,A,19990927,17,102374,1,,Alex Corretja,R,180,ESP,25.4,102533,,,Jens Knippschild,R,190,GER,24.6,6-4 6-7(11) 6-4,3,R16,164,7,5,108,56,47,27,16,3,5,15,4,115,61,44,28,16,7,11,10,2161,90,544
1999-773,Bucharest,Clay,32,A,19990927,18,102223,,,Karim Alami,R,185,MAR,26.3,103507,,,Juan Carlos Ferrero,R,183,ESP,19.6,6-2 6-1,3,R16,68,4,0,48,25,22,13,8,3,3,0,2,56,40,22,6,7,4,8,60,758,48,885
1999-773,Bucharest,Clay,32,A,19990927,19,102548,,,Juan Antonio Marin,R,175,CRC,24.5,103292,,,Gaston Gaudio,R,175,ARG,20.7,3-6 7-5 6-1,3,R16,104,2,4,79,50,32,12,14,6,12,0,6,85,54,27,14,14,9,17,56,780,73,643
1999-773,Bucharest,Clay,32,A,19990927,20,102238,,,Alberto Berasategui,R,173,ESP,26.2,103444,,Q,Jean Rene Lisnard,R,173,MON,20.0,2-6 7-6(3) 6-1,3,R16,114,0,3,98,78,43,11,13,5,11,4,8,93,49,28,20,14,5,12,91,536,160,266
1999-773,Bucharest,Clay,32,A,19990927,21,102227,,,Sargis Sargsian,R,180,ARM,26.3,102271,6,,Hicham Arazi,L,175,MAR,25.9,6-4 6-4,3,R16,82,0,0,60,47,32,8,10,4,6,2,0,71,34,21,19,10,9,13,61,748,40,1002
1999-773,Bucharest,Clay,32,A,19990927,22,102610,3,,Albert Costa,R,180,ESP,24.2,102869,,,Galo Blanco,R,173,ESP,22.9,6-4 4-6 6-3,3,R16,122,3,3,79,52,45,8,14,3,5,8,4,92,45,33,21,15,3,7,25,1345,78,607
1999-773,Bucharest,Clay,32,A,19990927,23,103252,,,Alberto Martin,R,175,ESP,21.1,102950,8,,Fernando Vicente,R,180,ESP,22.5,2-6 6-0 6-4,3,R16,111,0,2,95,71,44,9,12,11,15,0,8,69,43,24,9,12,4,10,62,747,42,979
1999-773,Bucharest,Clay,32,A,19990927,24,101962,2,,Younes El Aynaoui,R,193,MAR,28.0,102776,,,Andrew Ilie,R,180,AUS,23.4,6-4 6-2,3,R16,71,6,4,48,26,21,15,9,0,0,6,4,69,34,24,14,9,12,15,27,1293,50,809
1999-773,Bucharest,Clay,32,A,19990927,25,102223,,,Karim Alami,R,185,MAR,26.3,102374,1,,Alex Corretja,R,180,ESP,25.4,1-6 6-3 7-6(1),3,QF,132,5,2,87,63,42,15,14,3,6,5,6,95,44,30,28,14,7,9,60,758,10,2161
1999-773,Bucharest,Clay,32,A,19990927,26,102238,,,Alberto Berasategui,R,173,ESP,26.2,102548,,,Juan Antonio Marin,R,175,CRC,24.5,3-6 6-3 6-4,3,QF,118,1,2,94,71,50,13,14,9,11,2,1,94,63,39,16,14,4,7,91,536,56,780
1999-773,Bucharest,Clay,32,A,19990927,27,102610,3,,Albert Costa,R,180,ESP,24.2,102227,,,Sargis Sargsian,R,180,ARM,26.3,6-2 1-6 6-1,3,QF,96,1,3,67,41,26,13,11,3,6,2,1,74,47,28,10,11,8,13,25,1345,61,748
1999-773,Bucharest,Clay,32,A,19990927,28,103252,,,Alberto Martin,R,175,ESP,21.1,101962,2,,Younes El Aynaoui,R,193,MAR,28.0,6-3 6-4,3,QF,74,0,1,68,53,38,8,10,3,4,4,5,57,29,25,10,9,5,8,62,747,27,1293
1999-773,Bucharest,Clay,32,A,19990927,29,102223,,,Karim Alami,R,185,MAR,26.3,102238,,,Alberto Berasategui,R,173,ESP,26.2,6-4 3-6 6-3,3,SF,111,0,3,87,50,34,17,14,4,9,0,3,87,67,39,10,14,11,17,60,758,91,536
1999-773,Bucharest,Clay,32,A,19990927,30,103252,,,Alberto Martin,R,175,ESP,21.1,102610,3,,Albert Costa,R,180,ESP,24.2,7-6(6) 6-3,3,SF,86,4,1,68,48,35,11,11,2,4,0,3,64,43,28,9,10,4,7,62,747,25,1345
1999-773,Bucharest,Clay,32,A,19990927,31,103252,,,Alberto Martin,R,175,ESP,21.1,102223,,,Karim Alami,R,185,MAR,26.3,6-2 6-3,3,F,86,1,2,70,50,35,11,9,6,7,2,4,58,36,18,9,8,7,11,62,747,60,758
1999-604,Grand Slam Cup,Hard,12,A,19990927,1,103163,,,Tommy Haas,R,188,GER,21.4,103103,,,Dominik Hrbaty,R,183,SVK,21.7,6-3 6-2,3,R16,,,,,,,,,,,,,,,,,,,,11,2097,22,1485
1999-604,Grand Slam Cup,Hard,12,A,19990927,2,102839,,,Nicolas Lapentti,R,188,ECU,23.1,101897,,,Fernando Meligeni,L,180,BRA,28.4,6-4 2-6 16-14,3,R16,,,,,,,,,,,,,,,,,,,,14,1866,26,1316
1999-604,Grand Slam Cup,Hard,12,A,19990927,3,101990,,,Richard Krajicek,R,196,NED,27.8,102434,,,Vincent Spadea,R,183,USA,25.1,6-2 7-5,3,R16,,,,,,,,,,,,,,,,,,,,9,2243,19,1502
1999-604,Grand Slam Cup,Hard,12,A,19990927,4,102257,,,Greg Rusedski,L,193,GBR,26.0,102856,,,Gustavo Kuerten,R,190,BRA,23.0,6-3 3-6 6-3,3,R16,,,,,,,,,,,,,,,,,,,,6,2336,5,2707
1999-604,Grand Slam Cup,Hard,12,A,19990927,5,103163,,,Tommy Haas,R,188,GER,21.4,101736,1,,Andre Agassi,R,180,USA,29.4,6-0 6-7(2) 6-4,3,QF,,,,,,,,,,,,,,,,,,,,11,2097,1,4470
1999-604,Grand Slam Cup,Hard,12,A,19990927,6,102358,4,,Thomas Enqvist,R,190,SWE,25.5,102839,,,Nicolas Lapentti,R,188,ECU,23.1,6-3 6-2,3,QF,,,,,,,,,,,,,,,,,,,,17,1774,14,1866
1999-604,Grand Slam Cup,Hard,12,A,19990927,7,102446,3,,Andrei Medvedev,R,193,UKR,25.0,101990,,,Richard Krajicek,R,196,NED,27.8,7-6(5) 6-4,3,QF,,,,,,,,,,,,,,,,,,,,34,1156,9,2243
1999-604,Grand Slam Cup,Hard,12,A,19990927,8,102257,,,Greg Rusedski,L,193,GBR,26.0,102338,2,,Yevgeny Kafelnikov,R,190,RUS,25.6,7-5 7-6(6),3,QF,,,,,,,,,,,,,,,,,,,,6,2336,2,3819
1999-604,Grand Slam Cup,Hard,12,A,19990927,9,103163,,,Tommy Haas,R,188,GER,21.4,102358,4,,Thomas Enqvist,R,190,SWE,25.5,6-3 6-4 6-7(4) 6-4,5,SF,,,,,,,,,,,,,,,,,,,,11,2097,17,1774
1999-604,Grand Slam Cup,Hard,12,A,19990927,10,102257,,,Greg Rusedski,L,193,GBR,26.0,102446,3,,Andrei Medvedev,R,193,UKR,25.0,6-3 3-6 7-6(1) 7-5,5,SF,,,,,,,,,,,,,,,,,,,,6,2336,34,1156
1999-604,Grand Slam Cup,Hard,12,A,19990927,11,102257,,,Greg Rusedski,L,193,GBR,26.0,103163,,,Tommy Haas,R,188,GER,21.4,6-3 6-4 6-7(5) 7-6(5),5,F,,,,,,,,,,,,,,,,,,,,6,2336,11,2097
1999-327,Toulouse,Hard,32,A,19990927,1,102450,1,,Tim Henman,R,185,GBR,25.0,101945,,Q,Thierry Guardiola,R,188,FRA,28.1,6-1 6-2,3,R32,63,8,3,52,23,18,15,8,2,3,0,1,41,25,11,5,7,2,7,7,2300,155,283
1999-327,Toulouse,Hard,32,A,19990927,2,102765,,WC,Nicolas Escude,R,185,FRA,23.4,101902,,Q,Stephane Huet,L,180,FRA,28.4,7-6(7) 7-6(8),3,R32,123,8,3,87,40,31,28,12,2,4,8,3,96,55,40,23,12,4,6,80,598,140,328
1999-327,Toulouse,Hard,32,A,19990927,3,103819,,,Roger Federer,R,185,SUI,18.1,102783,,,Rainer Schuettler,R,180,GER,23.4,7-6(4) 6-1,3,R32,74,7,2,65,44,33,13,10,0,0,0,3,76,52,33,11,9,4,6,96,510,46,898
1999-327,Toulouse,Hard,32,A,19990927,4,102148,7,,Fabrice Santoro,R,178,FRA,26.7,102770,,,John Van Lottum,R,185,NED,23.4,4-6 7-5 6-0,3,R32,121,5,4,107,58,44,23,14,10,12,4,3,86,41,29,18,14,5,10,39,1031,85,576
1999-327,Toulouse,Hard,32,A,19990927,5,101320,,,Magnus Gustafsson,R,185,SWE,32.7,103206,4,,Sebastien Grosjean,R,175,FRA,21.3,6-7(6) 6-4 6-3,3,R32,119,2,1,89,61,45,18,16,1,2,10,4,112,57,40,26,15,11,14,70,663,30,1233
1999-327,Toulouse,Hard,32,A,19990927,6,101647,,,Byron Black,R,175,ZIM,29.9,102162,,,Chris Woodruff,R,188,USA,26.7,6-4 3-6 6-1,3,R32,88,12,2,72,52,37,15,13,3,4,14,3,77,51,37,11,13,4,7,79,601,68,686
1999-327,Toulouse,Hard,32,A,19990927,7,101150,,,Gianluca Pozzi,L,180,ITA,34.2,101703,,,Guillaume Raoux,R,180,FRA,29.6,6-4 6-0,3,R32,54,6,0,45,22,18,14,8,1,2,1,1,43,31,14,5,8,1,6,86,568,109,453
1999-327,Toulouse,Hard,32,A,19990927,8,101820,5,,Marc Rosset,R,201,SUI,28.8,101964,,WC,Goran Ivanisevic,L,193,CRO,28.0,6-4 5-7 7-6(7),3,R32,109,24,10,107,63,55,24,17,4,5,23,6,107,58,50,27,17,3,4,33,1161,45,905
1999-327,Toulouse,Hard,32,A,19990927,9,102179,,LL,Antony Dupuis,R,185,FRA,26.5,103498,6,,Marat Safin,R,193,RUS,19.6,6-4 6-7(3) 6-4,3,R32,141,9,4,122,69,54,24,16,7,9,10,2,109,54,41,27,16,3,7,100,494,36,1094
1999-327,Toulouse,Hard,32,A,19990927,10,102887,,,Ramon Delgado,R,185,PAR,22.8,101675,,,Martin Rodriguez,R,178,ARG,29.7,7-6(6) 6-4,3,R32,96,4,2,70,37,27,17,11,2,4,13,7,90,42,30,22,11,4,7,108,464,99,496
1999-327,Toulouse,Hard,32,A,19990927,11,102023,,Q,Petr Luxa,R,190,CZE,27.5,103344,,,Ivan Ljubicic,R,193,CRO,20.5,6-2 6-4,3,R32,81,5,1,54,32,26,13,9,3,3,9,1,66,40,27,11,9,8,11,232,178,101,491
1999-327,Toulouse,Hard,32,A,19990927,12,102563,3,,Thomas Johansson,R,180,SWE,24.5,101733,,,Jan Siemerink,L,183,NED,29.4,7-6(3) 6-1,3,R32,67,13,2,54,33,31,13,10,0,0,5,2,60,31,22,14,9,3,5,24,1459,65,723
1999-327,Toulouse,Hard,32,A,19990927,13,101888,,,Daniel Vacek,R,190,CZE,28.4,103096,8,,Arnaud Clement,R,173,FRA,21.7,7-6(9) 6-3,3,R32,101,17,1,71,42,32,15,11,2,4,5,1,81,46,28,15,10,8,11,59,763,44,914
1999-327,Toulouse,Hard,32,A,19990927,14,101549,,Q,Rodolphe Gilbert,L,183,FRA,30.7,101086,,,Ronald Agenor,R,180,USA,34.8,6-1 6-1,3,R32,47,8,0,34,22,19,10,7,1,1,2,2,43,24,12,7,7,3,8,181,237,102,479
1999-327,Toulouse,Hard,32,A,19990927,15,101543,,,Jeff Tarango,L,180,USA,30.8,102521,,,Hendrik Dreekmann,R,188,GER,24.6,6-2 6-3,3,R32,64,8,4,56,34,24,13,9,1,2,7,5,56,21,17,12,8,2,6,75,632,107,470
1999-327,Toulouse,Hard,32,A,19990927,16,101735,,,Richard Fromberg,R,196,AUS,29.4,101611,2,,Cedric Pioline,R,188,FRA,30.2,7-6(10) 2-6 6-4,3,R32,119,16,3,123,77,52,24,15,7,9,8,1,84,55,45,18,15,0,1,87,560,16,1794
1999-327,Toulouse,Hard,32,A,19990927,17,102765,,WC,Nicolas Escude,R,185,FRA,23.4,102450,1,,Tim Henman,R,185,GBR,25.0,6-4 6-2,3,R16,70,3,2,53,34,25,12,9,0,0,3,2,59,31,21,12,9,3,6,80,598,7,2300
1999-327,Toulouse,Hard,32,A,19990927,18,102148,7,,Fabrice Santoro,R,178,FRA,26.7,103819,,,Roger Federer,R,185,SUI,18.1,6-3 7-6(3),3,R16,80,2,1,58,39,30,12,10,0,1,6,3,82,49,30,15,11,6,9,39,1031,96,510
1999-327,Toulouse,Hard,32,A,19990927,19,101320,,,Magnus Gustafsson,R,185,SWE,32.7,101647,,,Byron Black,R,175,ZIM,29.9,6-4 6-2,3,R16,61,6,2,50,29,26,12,9,3,3,1,1,54,40,26,4,9,3,6,70,663,79,601
1999-327,Toulouse,Hard,32,A,19990927,20,101820,5,,Marc Rosset,R,201,SUI,28.8,101150,,,Gianluca Pozzi,L,180,ITA,34.2,6-2 6-7(4) 6-3,3,R16,116,13,7,88,50,44,23,15,0,0,7,1,96,45,37,23,14,3,6,33,1161,86,568
1999-327,Toulouse,Hard,32,A,19990927,21,102179,,LL,Antony Dupuis,R,185,FRA,26.5,102887,,,Ramon Delgado,R,185,PAR,22.8,6-4 6-4,3,R16,69,14,1,58,43,34,9,10,1,2,5,1,74,52,34,10,10,8,11,100,494,108,464
1999-327,Toulouse,Hard,32,A,19990927,22,102563,3,,Thomas Johansson,R,180,SWE,24.5,102023,,Q,Petr Luxa,R,190,CZE,27.5,6-2 6-4,3,R16,70,10,3,64,34,28,14,9,3,4,3,1,48,34,19,6,9,1,5,24,1459,232,178
1999-327,Toulouse,Hard,32,A,19990927,23,101888,,,Daniel Vacek,R,190,CZE,28.4,101549,,Q,Rodolphe Gilbert,L,183,FRA,30.7,6-3 6-2,3,R16,62,12,3,53,25,22,16,9,2,2,4,2,50,36,21,8,8,3,6,59,763,181,237
1999-327,Toulouse,Hard,32,A,19990927,24,101543,,,Jeff Tarango,L,180,USA,30.8,101735,,,Richard Fromberg,R,196,AUS,29.4,6-4 6-7(4) 6-4,3,R16,124,9,0,91,56,46,22,16,1,1,20,4,113,71,53,22,16,5,7,75,632,87,560
1999-327,Toulouse,Hard,32,A,19990927,25,102765,,WC,Nicolas Escude,R,185,FRA,23.4,102148,7,,Fabrice Santoro,R,178,FRA,26.7,4-6 7-5 6-2,3,QF,111,14,1,89,55,41,22,15,6,7,5,5,103,60,41,22,15,10,13,80,598,39,1031
1999-327,Toulouse,Hard,32,A,19990927,26,101820,5,,Marc Rosset,R,201,SUI,28.8,101320,,,Magnus Gustafsson,R,185,SWE,32.7,6-3 3-6 6-3,3,QF,120,12,3,83,46,37,21,14,3,4,1,3,80,44,30,24,13,4,6,33,1161,70,663
1999-327,Toulouse,Hard,32,A,19990927,27,102563,3,,Thomas Johansson,R,180,SWE,24.5,102179,,LL,Antony Dupuis,R,185,FRA,26.5,6-7(5) 6-3 6-4,3,QF,130,15,5,103,55,45,31,16,3,3,17,3,91,48,40,25,15,6,8,24,1459,100,494
1999-327,Toulouse,Hard,32,A,19990927,28,101888,,,Daniel Vacek,R,190,CZE,28.4,101543,,,Jeff Tarango,L,180,USA,30.8,6-4 6-1,3,QF,67,10,0,46,32,28,5,8,1,2,4,3,54,38,19,6,9,3,8,59,763,75,632
1999-327,Toulouse,Hard,32,A,19990927,29,102765,,WC,Nicolas Escude,R,185,FRA,23.4,101820,5,,Marc Rosset,R,201,SUI,28.8,7-6(6) 6-4,3,SF,85,7,0,68,42,32,21,11,1,1,9,4,71,39,33,16,11,1,2,80,598,33,1161
1999-327,Toulouse,Hard,32,A,19990927,30,101888,,,Daniel Vacek,R,190,CZE,28.4,102563,3,,Thomas Johansson,R,180,SWE,24.5,6-1 5-7 6-2,3,SF,99,11,3,77,55,47,7,14,1,2,15,5,73,41,32,13,13,4,8,59,763,24,1459
1999-327,Toulouse,Hard,32,A,19990927,31,102765,,WC,Nicolas Escude,R,185,FRA,23.4,101888,,,Daniel Vacek,R,190,CZE,28.4,7-5 6-1,3,F,70,8,4,55,29,27,14,10,2,3,5,3,55,31,23,9,9,3,7,80,598,59,763
1999-328,Basel,Carpet,32,A,19991004,1,101736,1,,Andre Agassi,R,180,USA,29.4,101733,,,Jan Siemerink,L,183,NED,29.4,6-3 6-4,3,R32,62,7,1,47,29,26,11,9,0,0,5,3,54,28,21,13,10,0,3,1,4470,94,513
1999-328,Basel,Carpet,32,A,19991004,2,102765,,,Nicolas Escude,R,185,FRA,23.5,102783,,Q,Rainer Schuettler,R,180,GER,23.4,6-2 6-3,3,R32,75,2,1,57,34,21,16,8,4,5,1,1,60,35,21,10,9,5,10,53,825,48,898
1999-328,Basel,Carpet,32,A,19991004,3,102344,,,Karol Kucera,R,188,SVK,25.5,102563,,,Thomas Johansson,R,180,SWE,24.5,7-5 6-3,3,R32,78,10,2,59,36,31,15,11,2,2,10,3,61,29,25,15,10,2,4,20,1496,24,1454
1999-328,Basel,Carpet,32,A,19991004,4,102271,,,Hicham Arazi,L,175,MAR,25.9,102839,7,,Nicolas Lapentti,R,188,ECU,23.1,6-3 3-6 6-3,3,R32,92,13,4,82,48,41,17,14,5,6,4,1,76,54,37,15,13,5,7,40,1004,14,1866
1999-328,Basel,Carpet,32,A,19991004,5,102257,3,,Greg Rusedski,L,193,GBR,26.0,102148,,,Fabrice Santoro,R,178,FRA,26.8,7-6(3) 6-2,3,R32,90,9,4,67,29,26,23,10,3,3,1,0,72,47,29,14,10,5,7,8,2253,38,1046
1999-328,Basel,Carpet,32,A,19991004,6,103103,,,Dominik Hrbaty,R,183,SVK,21.7,102318,,,Andrei Pavel,R,183,ROU,25.6,6-2 6-0,3,R32,43,8,2,50,31,25,10,7,2,2,2,4,41,26,11,6,7,0,5,22,1485,52,868
1999-328,Basel,Carpet,32,A,19991004,7,102562,,,Jiri Novak,R,190,CZE,24.5,101888,,,Daniel Vacek,R,190,CZE,28.5,6-4 6-4,3,R32,69,5,2,59,38,30,13,10,1,1,0,2,58,28,22,15,10,1,3,35,1097,51,891
1999-328,Basel,Carpet,32,A,19991004,8,103017,6,,Nicolas Kiefer,R,183,GER,22.2,101723,,,Magnus Larsson,R,193,SWE,29.5,6-1 6-4,3,R32,69,6,4,60,33,28,13,9,4,4,6,1,45,30,18,8,8,0,3,12,2039,123,389
1999-328,Basel,Carpet,32,A,19991004,9,102880,,Q,Alexander Popp,R,201,GER,22.9,102086,,LL,Igor Kornienko,R,,RUS,27.2,7-5 6-4,3,R32,72,9,3,68,49,43,6,11,3,4,1,4,65,36,25,14,11,1,4,134,345,433,65
1999-328,Basel,Carpet,32,A,19991004,10,103819,,WC,Roger Federer,R,185,SUI,18.1,210013,,,Martin Damm Sr,R,188,CZE,27.1,6-2 3-6 6-4,3,R32,96,4,1,79,45,34,18,14,2,4,3,2,67,32,23,21,13,0,3,106,472,,
1999-328,Basel,Carpet,32,A,19991004,11,102446,,,Andrei Medvedev,R,193,UKR,25.0,103498,,,Marat Safin,R,193,RUS,19.6,2-6 6-4 7-6(2),3,R32,118,6,6,119,71,50,22,15,5,9,14,9,112,53,40,26,15,8,11,34,1138,36,1094
1999-328,Basel,Carpet,32,A,19991004,12,102450,4,,Tim Henman,R,185,GBR,25.0,102567,,WC,George Bastl,R,183,SUI,24.5,5-7 6-2 6-2,3,R32,121,10,0,75,44,38,16,14,3,5,4,3,101,63,36,20,14,8,13,6,2300,113,436
1999-328,Basel,Carpet,32,A,19991004,13,101964,,,Goran Ivanisevic,L,193,CRO,28.0,102358,8,,Thomas Enqvist,R,190,SWE,25.5,6-4 4-6 7-5,3,R32,100,28,10,103,56,48,16,16,3,6,14,7,92,60,47,12,16,3,7,44,905,16,1774
1999-328,Basel,Carpet,32,A,19991004,14,102162,,Q,Chris Woodruff,R,188,USA,26.7,102905,,,Stefan Koubek,L,175,AUT,22.7,3-6 6-2 6-2,3,R32,93,5,3,76,51,34,14,12,3,5,2,7,93,58,39,13,13,5,10,68,686,42,930
1999-328,Basel,Carpet,32,A,19991004,15,102201,,Q,Lionel Roux,R,185,FRA,26.4,102455,,WC,Lorenzo Manta,R,190,SUI,25.0,7-5 3-6 7-6(2),3,R32,139,10,2,108,64,51,26,16,6,7,20,3,103,53,44,28,17,1,2,212,195,115,428
1999-328,Basel,Carpet,32,A,19991004,16,102338,2,,Yevgeny Kafelnikov,R,190,RUS,25.6,102434,,,Vincent Spadea,R,183,USA,25.2,6-3 7-5,3,R32,75,10,2,66,40,32,12,11,2,4,4,3,60,32,19,13,10,1,5,2,3819,19,1502
1999-328,Basel,Carpet,32,A,19991004,17,101736,1,,Andre Agassi,R,180,USA,29.4,102765,,,Nicolas Escude,R,185,FRA,23.5,6-4 5-7 7-5,3,R16,,,,,,,,,,,,,,,,,,,,1,4470,53,825
1999-328,Basel,Carpet,32,A,19991004,18,102344,,,Karol Kucera,R,188,SVK,25.5,102271,,,Hicham Arazi,L,175,MAR,25.9,6-1 7-6(5),3,R16,,,,,,,,,,,,,,,,,,,,20,1496,40,1004
1999-328,Basel,Carpet,32,A,19991004,19,102257,3,,Greg Rusedski,L,193,GBR,26.0,103103,,,Dominik Hrbaty,R,183,SVK,21.7,6-2 6-2,3,R16,,,,,,,,,,,,,,,,,,,,8,2253,22,1485
1999-328,Basel,Carpet,32,A,19991004,20,103017,6,,Nicolas Kiefer,R,183,GER,22.2,102562,,,Jiri Novak,R,190,CZE,24.5,6-3 6-7(2) 6-1,3,R16,,,,,,,,,,,,,,,,,,,,12,2039,35,1097
1999-328,Basel,Carpet,32,A,19991004,21,103819,,WC,Roger Federer,R,185,SUI,18.1,102880,,Q,Alexander Popp,R,201,GER,22.9,6-2 7-5,3,R16,,,,,,,,,,,,,,,,,,,,106,472,134,345
1999-328,Basel,Carpet,32,A,19991004,22,102450,4,,Tim Henman,R,185,GBR,25.0,102446,,,Andrei Medvedev,R,193,UKR,25.0,5-7 6-4 6-1,3,R16,,,,,,,,,,,,,,,,,,,,6,2300,34,1138
1999-328,Basel,Carpet,32,A,19991004,23,101964,,,Goran Ivanisevic,L,193,CRO,28.0,102162,,Q,Chris Woodruff,R,188,USA,26.7,7-5 4-6 7-6(5),3,R16,,,,,,,,,,,,,,,,,,,,44,905,68,686
1999-328,Basel,Carpet,32,A,19991004,24,102338,2,,Yevgeny Kafelnikov,R,190,RUS,25.6,102201,,Q,Lionel Roux,R,185,FRA,26.4,6-1 7-6(1),3,R16,,,,,,,,,,,,,,,,,,,,2,3819,212,195
1999-328,Basel,Carpet,32,A,19991004,25,102344,,,Karol Kucera,R,188,SVK,25.5,101736,1,,Andre Agassi,R,180,USA,29.4,6-4 7-5,3,QF,94,4,0,79,44,29,21,11,4,5,1,1,66,37,29,13,11,0,3,20,1496,1,4470
1999-328,Basel,Carpet,32,A,19991004,26,103017,6,,Nicolas Kiefer,R,183,GER,22.2,102257,3,,Greg Rusedski,L,193,GBR,26.0,2-6 7-6(4) 6-3,3,QF,118,6,4,92,42,34,27,15,3,6,20,6,82,43,36,20,14,1,3,12,2039,8,2253
1999-328,Basel,Carpet,32,A,19991004,27,102450,4,,Tim Henman,R,185,GBR,25.0,103819,,WC,Roger Federer,R,185,SUI,18.1,6-3 7-5,3,QF,84,8,1,65,45,32,12,11,1,3,2,3,79,54,28,14,10,6,10,6,2300,106,472
1999-328,Basel,Carpet,32,A,19991004,28,101964,,,Goran Ivanisevic,L,193,CRO,28.0,102338,2,,Yevgeny Kafelnikov,R,190,RUS,25.6,4-6 6-3 6-4,3,QF,88,29,5,81,50,43,14,15,0,2,12,2,85,47,36,18,14,4,7,44,905,2,3819
1999-328,Basel,Carpet,32,A,19991004,29,102344,,,Karol Kucera,R,188,SVK,25.5,103017,6,,Nicolas Kiefer,R,183,GER,22.2,6-4 6-3,3,SF,80,8,2,50,32,30,9,9,2,2,4,1,67,38,23,15,10,4,7,20,1496,12,2039
1999-328,Basel,Carpet,32,A,19991004,30,102450,4,,Tim Henman,R,185,GBR,25.0,101964,,,Goran Ivanisevic,L,193,CRO,28.0,6-3 6-4,3,SF,57,8,0,48,27,25,16,10,1,1,8,2,52,35,26,6,9,1,3,6,2300,44,905
1999-328,Basel,Carpet,32,A,19991004,31,102344,,,Karol Kucera,R,188,SVK,25.5,102450,4,,Tim Henman,R,185,GBR,25.0,6-4 7-6(10) 4-6 4-6 7-6(2),5,F,236,19,7,188,102,82,40,27,9,14,17,10,173,96,75,41,27,5,9,20,1496,6,2300
1999-325,Palermo,Clay,32,A,19991004,1,102374,1,,Alex Corretja,R,180,ESP,25.4,102831,,Q,Jacobo Diaz,R,173,ESP,23.2,6-1 7-5,3,R32,94,10,1,65,35,26,17,10,1,2,1,2,57,36,19,11,9,2,6,10,2172,103,477
1999-325,Palermo,Clay,32,A,19991004,2,102548,,,Juan Antonio Marin,R,175,CRC,24.5,102287,,,Albert Portas,R,188,ESP,25.8,7-5 6-1,3,R32,77,2,2,68,47,30,10,10,3,5,1,6,56,32,16,10,9,2,7,56,800,75,642
1999-325,Palermo,Clay,32,A,19991004,3,102533,,,Jens Knippschild,R,190,GER,24.6,102117,,Q,Eduardo Nicolas,R,173,ESP,27.0,6-3 6-0,3,R32,60,9,1,43,29,26,7,8,0,0,2,1,37,23,15,2,7,3,7,88,551,155,283
1999-325,Palermo,Clay,32,A,19991004,4,103324,,,Arnaud Di Pasquale,R,185,FRA,20.6,102644,7,,Franco Squillari,L,183,ARG,24.1,6-4 4-1 RET,3,R32,63,1,1,47,28,21,8,8,6,8,4,3,52,21,14,10,8,4,9,58,788,50,894
1999-325,Palermo,Clay,32,A,19991004,5,101962,4,,Younes El Aynaoui,R,193,MAR,28.0,103031,,WC,Julian Alonso,R,185,ESP,22.1,6-7(5) 6-2 6-2,3,R32,101,15,3,78,48,42,19,14,0,0,2,2,103,64,41,18,14,6,10,28,1237,121,401
1999-325,Palermo,Clay,32,A,19991004,6,102223,,,Karim Alami,R,185,MAR,26.3,102167,,Q,Juan Albert Viloca Puig,R,185,ESP,26.7,6-4 6-2,3,R32,82,2,3,73,33,23,24,9,9,9,1,4,59,35,23,11,9,7,10,43,928,140,315
1999-325,Palermo,Clay,32,A,19991004,7,103182,,,Markus Hipfl,R,178,AUT,21.4,103176,,Q,David Sanchez,R,183,ESP,21.4,6-2 7-6(5),3,R32,89,1,1,61,46,32,7,10,8,11,1,5,73,54,31,6,10,7,12,69,668,226,184
1999-325,Palermo,Clay,32,A,19991004,8,102106,,WC,Davide Sanguinetti,R,188,ITA,27.1,103151,5,,Mariano Zabaleta,R,183,ARG,21.5,6-4 7-6(2),3,R32,120,4,0,83,56,40,14,11,6,7,4,3,81,39,26,24,11,5,7,117,418,27,1275
1999-325,Palermo,Clay,32,A,19991004,9,102950,6,,Fernando Vicente,R,180,ESP,22.5,102247,,,Andrea Gaudenzi,R,183,ITA,26.1,6-4 6-2,3,R32,69,2,2,49,25,20,14,9,1,2,0,2,56,42,25,6,9,3,7,46,903,95,512
1999-325,Palermo,Clay,32,A,19991004,10,102238,,,Alberto Berasategui,R,173,ESP,26.2,101675,,,Martin Rodriguez,R,178,ARG,29.7,2-6 6-2 6-1,3,R32,88,0,4,82,65,44,7,12,7,9,6,8,72,29,20,20,11,9,13,80,598,108,458
1999-325,Palermo,Clay,32,A,19991004,11,103292,,,Gaston Gaudio,R,175,ARG,20.8,103084,,,Guillermo Canas,R,185,ARG,21.8,6-0 6-4,3,R32,70,1,2,49,32,22,10,8,3,4,0,5,59,26,16,10,8,4,9,71,661,70,662
1999-325,Palermo,Clay,32,A,19991004,12,102024,,,Hernan Gumy,R,188,ARG,27.5,101897,3,,Fernando Meligeni,L,180,BRA,28.4,1-6 6-3 3-0 RET,3,R32,98,1,1,63,48,26,7,10,7,11,2,4,68,37,20,15,10,2,7,89,546,26,1316
1999-325,Palermo,Clay,32,A,19991004,13,103507,8,,Juan Carlos Ferrero,R,183,ESP,19.6,102227,,,Sargis Sargsian,R,180,ARM,26.3,6-7(1) 6-0 7-5,3,R32,128,0,1,88,70,50,11,15,3,4,4,1,113,84,53,12,15,5,10,47,901,62,772
1999-325,Palermo,Clay,32,A,19991004,14,103252,,,Alberto Martin,R,175,ESP,21.1,101717,,WC,Diego Nargiso,L,188,ITA,29.5,6-1 6-4,3,R32,67,0,1,57,36,24,13,9,1,3,3,1,54,35,17,8,8,3,8,45,905,172,241
1999-325,Palermo,Clay,32,A,19991004,15,103264,,,Mariano Puerta,L,180,ARG,21.0,102869,,,Galo Blanco,R,173,ESP,22.9,6-4 6-3,3,R32,74,1,0,57,35,26,15,10,0,0,4,2,49,30,21,11,9,1,3,64,742,76,626
1999-325,Palermo,Clay,32,A,19991004,16,102610,2,,Albert Costa,R,180,ESP,24.2,101382,,,Marcelo Filippini,R,178,URU,32.1,6-1 6-1,3,R32,57,0,0,42,34,28,3,7,3,3,1,1,44,33,15,4,7,4,9,25,1397,93,514
1999-325,Palermo,Clay,32,A,19991004,17,102374,1,,Alex Corretja,R,180,ESP,25.4,102548,,,Juan Antonio Marin,R,175,CRC,24.5,7-6(4) 6-2,3,R16,114,3,4,72,31,22,19,10,3,7,2,2,65,37,21,10,10,3,9,10,2172,56,800
1999-325,Palermo,Clay,32,A,19991004,18,103324,,,Arnaud Di Pasquale,R,185,FRA,20.6,102533,,,Jens Knippschild,R,190,GER,24.6,6-4 4-6 6-2,3,R16,109,2,2,93,61,43,15,14,6,9,3,3,75,36,25,18,14,1,6,58,788,88,551
1999-325,Palermo,Clay,32,A,19991004,19,102223,,,Karim Alami,R,185,MAR,26.3,101962,4,,Younes El Aynaoui,R,193,MAR,28.0,6-4 3-6 6-3,3,R16,123,4,1,97,55,43,21,14,6,7,4,6,114,75,51,18,14,7,9,43,928,28,1237
1999-325,Palermo,Clay,32,A,19991004,20,103182,,,Markus Hipfl,R,178,AUT,21.4,102106,,WC,Davide Sanguinetti,R,188,ITA,27.1,6-4 6-2,3,R16,71,0,1,47,30,23,12,9,0,1,2,2,65,47,28,7,9,4,8,69,668,117,418
1999-325,Palermo,Clay,32,A,19991004,21,102238,,,Alberto Berasategui,R,173,ESP,26.2,102950,6,,Fernando Vicente,R,180,ESP,22.5,4-6 7-6(7) 7-5,3,R16,177,0,4,140,111,59,17,17,9,16,0,1,120,84,53,13,17,9,16,80,598,46,903
1999-325,Palermo,Clay,32,A,19991004,22,102024,,,Hernan Gumy,R,188,ARG,27.5,103292,,,Gaston Gaudio,R,175,ARG,20.8,6-0 6-1,3,R16,56,3,1,32,20,15,10,6,0,0,0,1,48,31,13,5,7,4,10,89,546,71,661
1999-325,Palermo,Clay,32,A,19991004,23,103252,,,Alberto Martin,R,175,ESP,21.1,103507,8,,Juan Carlos Ferrero,R,183,ESP,19.6,6-3 6-2,3,R16,93,0,1,60,37,24,10,9,6,9,0,0,59,45,17,8,8,4,10,45,905,47,901
1999-325,Palermo,Clay,32,A,19991004,24,102610,2,,Albert Costa,R,180,ESP,24.2,103264,,,Mariano Puerta,L,180,ARG,21.0,6-2 3-6 6-4,3,R16,108,4,1,69,45,34,12,13,1,4,4,0,88,65,38,13,14,10,15,25,1397,64,742
1999-325,Palermo,Clay,32,A,19991004,25,103324,,,Arnaud Di Pasquale,R,185,FRA,20.6,102374,1,,Alex Corretja,R,180,ESP,25.4,6-4 7-6(4),3,QF,120,2,3,75,52,36,14,11,1,3,5,1,81,29,17,27,11,6,9,58,788,10,2172
1999-325,Palermo,Clay,32,A,19991004,26,102223,,,Karim Alami,R,185,MAR,26.3,103182,,,Markus Hipfl,R,178,AUT,21.4,4-6 6-4 6-4,3,QF,117,8,1,96,64,45,16,15,3,6,2,2,96,66,41,17,15,7,11,43,928,69,668
1999-325,Palermo,Clay,32,A,19991004,27,102238,,,Alberto Berasategui,R,173,ESP,26.2,102024,,,Hernan Gumy,R,188,ARG,27.5,6-3 6-4,3,QF,91,1,3,66,50,32,7,10,6,9,1,3,57,41,19,7,9,3,8,80,598,89,546
1999-325,Palermo,Clay,32,A,19991004,28,102610,2,,Albert Costa,R,180,ESP,24.2,103252,,,Alberto Martin,R,175,ESP,21.1,7-6(4) 6-3,3,QF,99,4,2,63,47,35,7,10,3,5,0,1,87,57,37,11,11,8,12,25,1397,45,905
1999-325,Palermo,Clay,32,A,19991004,29,103324,,,Arnaud Di Pasquale,R,185,FRA,20.6,102223,,,Karim Alami,R,185,MAR,26.3,7-6(6) 7-5,3,SF,113,1,3,95,75,46,9,12,6,9,5,2,80,57,37,10,12,4,8,58,788,43,928
1999-325,Palermo,Clay,32,A,19991004,30,102238,,,Alberto Berasategui,R,173,ESP,26.2,102610,2,,Albert Costa,R,180,ESP,24.2,2-6 7-6(3) 4-0 RET,3,SF,109,2,4,76,59,36,9,13,4,8,2,1,94,69,43,10,12,4,8,80,598,25,1397
1999-325,Palermo,Clay,32,A,19991004,31,103324,,,Arnaud Di Pasquale,R,185,FRA,20.6,102238,,,Alberto Berasategui,R,173,ESP,26.2,6-1 6-3,3,F,61,1,1,47,36,27,6,8,3,4,0,2,54,45,21,4,8,4,9,58,788,80,598
1999-890,Shanghai,Hard,32,A,19991004,1,102701,1,,Marcelo Rios,L,175,CHI,23.7,102133,,,Laurence Tieleman,R,180,ITA,26.8,6-2 6-1,3,R32,47,5,0,39,17,17,15,8,0,0,5,3,57,33,22,5,7,10,14,7,2276,90,545
1999-890,Shanghai,Hard,32,A,19991004,2,103344,,,Ivan Ljubicic,R,193,CRO,20.5,102925,,,Justin Gimelstob,R,196,USA,22.6,7-6(1) 6-3,3,R32,94,2,1,77,46,36,18,11,6,6,8,5,70,42,29,14,10,7,8,99,491,83,580
1999-890,Shanghai,Hard,32,A,19991004,3,102703,,Q,Hyung Taik Lee,R,180,KOR,23.7,102887,,,Ramon Delgado,R,185,PAR,22.8,6-3 4-6 6-1,3,R32,99,2,5,76,42,31,18,13,2,4,8,4,104,63,38,21,13,7,12,288,129,100,484
1999-890,Shanghai,Hard,32,A,19991004,4,101889,,LL,Todd Woodbridge,R,178,AUS,28.5,102202,,,Kenneth Carlsen,L,190,DEN,26.4,7-6(5) 7-6(4),3,R32,145,1,3,97,60,39,19,12,4,8,3,4,88,52,35,17,12,5,9,153,288,81,596
1999-890,Shanghai,Hard,32,A,19991004,5,103714,,Q,Andreas Vinciguerra,L,180,SWE,18.6,102854,3,,Sjeng Schalken,R,193,NED,23.0,6-4 6-4,3,R32,74,3,0,62,40,28,13,10,3,4,3,4,62,33,25,13,10,7,10,131,364,41,933
1999-890,Shanghai,Hard,32,A,19991004,6,102821,,,Cecil Mamiit,R,173,PHI,23.2,102966,,,Fredrik Jonsson,R,193,SWE,22.5,6-3 3-6 6-2,3,R32,117,5,2,76,49,33,17,13,2,4,6,3,90,49,32,20,13,11,15,78,617,124,387
1999-890,Shanghai,Hard,32,A,19991004,7,102694,,,Lars Burgsmuller,R,183,GER,23.8,102205,,,Sebastien Lareau,R,183,CAN,26.4,4-6 7-6(5) 6-3,3,R32,131,4,5,103,54,39,25,16,5,10,8,8,96,52,35,22,15,4,9,126,374,96,512
1999-890,Shanghai,Hard,32,A,19991004,8,102035,5,,Jonas Bjorkman,R,183,SWE,27.5,102834,,,Paul Goldstein,R,178,USA,23.1,6-4 6-2,3,R32,78,1,3,54,32,21,14,9,3,4,0,4,65,37,24,9,9,7,11,63,771,87,567
1999-890,Shanghai,Hard,32,A,19991004,9,102021,6,,Michael Chang,R,175,USA,27.6,102053,,Q,Brian Macphie,L,180,USA,27.3,7-5 7-6(5),3,R32,96,1,2,68,41,30,13,12,2,5,6,5,81,45,28,15,12,3,7,65,723,399,79
1999-890,Shanghai,Hard,32,A,19991004,10,103018,,,Max Mirnyi,R,196,BLR,22.2,101647,,,Byron Black,R,175,ZIM,29.9,6-3 2-6 6-4,3,R32,84,8,6,75,47,36,14,14,1,4,2,3,73,55,39,8,13,2,5,97,504,77,624
1999-890,Shanghai,Hard,32,A,19991004,11,102179,,,Antony Dupuis,R,185,FRA,26.6,101885,,,Wayne Arthurs,L,190,AUS,28.5,6-7(5) 7-6(5) 7-6(6),3,R32,154,10,3,126,83,67,27,18,6,6,30,8,126,62,55,40,18,5,5,92,529,91,534
1999-890,Shanghai,Hard,32,A,19991004,12,102998,4,,Jan Michael Gambill,R,190,USA,22.3,103817,,WC,Yu Jr Wang,L,,CHN,18.1,6-0 6-1,3,R32,42,5,3,34,21,20,8,7,0,0,1,0,39,25,9,5,6,3,8,59,780,1304,1
1999-890,Shanghai,Hard,32,A,19991004,13,103387,,WC,Paradorn Srichaphan,R,185,THA,20.3,102110,7,,Daniel Nestor,L,190,CAN,27.0,6-4 6-4,3,R32,70,6,1,49,32,27,13,10,0,0,1,6,65,38,31,11,10,3,5,169,245,73,648
1999-890,Shanghai,Hard,32,A,19991004,14,102770,,,John Van Lottum,R,185,NED,23.4,103337,,WC,Ben Qiang Zhu,R,,CHN,20.5,6-4 6-2,3,R32,81,2,2,68,38,27,18,9,3,3,4,2,66,36,24,10,9,7,10,84,576,591,33
1999-890,Shanghai,Hard,32,A,19991004,15,103193,,,Peter Wessels,R,196,NED,21.4,101902,,Q,Stephane Huet,L,180,FRA,28.4,6-2 2-6 6-3,3,R32,89,3,4,76,46,35,13,13,4,7,4,4,82,40,28,18,12,5,9,82,586,159,274
1999-890,Shanghai,Hard,32,A,19991004,16,102796,2,,Magnus Norman,R,188,SWE,23.3,102538,,,Tuomas Ketola,R,185,FIN,24.6,6-1 6-3,3,R32,55,3,2,50,30,25,12,8,4,4,0,1,41,21,11,9,8,0,4,23,1462,148,298
1999-890,Shanghai,Hard,32,A,19991004,17,102701,1,,Marcelo Rios,L,175,CHI,23.7,103344,,,Ivan Ljubicic,R,193,CRO,20.5,6-3 6-2,3,R16,59,3,4,53,25,22,18,9,2,2,4,3,50,26,18,9,8,4,7,7,2276,99,491
1999-890,Shanghai,Hard,32,A,19991004,18,101889,,LL,Todd Woodbridge,R,178,AUS,28.5,102703,,Q,Hyung Taik Lee,R,180,KOR,23.7,5-7 6-2 7-6(8),3,R16,149,1,6,99,63,44,18,16,7,11,2,1,122,76,46,23,16,4,9,153,288,288,129
1999-890,Shanghai,Hard,32,A,19991004,19,103714,,Q,Andreas Vinciguerra,L,180,SWE,18.6,102821,,,Cecil Mamiit,R,173,PHI,23.2,6-1 6-3,3,R16,63,0,3,42,24,19,11,8,2,4,1,4,47,21,13,6,8,5,11,131,364,78,617
1999-890,Shanghai,Hard,32,A,19991004,20,102035,5,,Jonas Bjorkman,R,183,SWE,27.5,102694,,,Lars Burgsmuller,R,183,GER,23.8,7-5 3-6 6-2,3,R16,132,3,7,94,55,34,21,14,2,6,1,6,95,60,35,15,15,1,7,63,771,126,374
1999-890,Shanghai,Hard,32,A,19991004,21,102021,6,,Michael Chang,R,175,USA,27.6,103018,,,Max Mirnyi,R,196,BLR,22.2,6-4 7-5,3,R16,86,0,0,63,43,31,13,11,3,4,4,7,67,36,28,12,11,4,7,65,723,97,504
1999-890,Shanghai,Hard,32,A,19991004,22,102998,4,,Jan Michael Gambill,R,190,USA,22.3,102179,,,Antony Dupuis,R,185,FRA,26.6,6-3 6-4,3,R16,86,9,3,60,35,29,10,10,1,3,3,3,71,35,23,14,9,5,9,59,780,92,529
1999-890,Shanghai,Hard,32,A,19991004,23,103387,,WC,Paradorn Srichaphan,R,185,THA,20.3,102770,,,John Van Lottum,R,185,NED,23.4,6-3 6-2,3,R16,61,4,4,48,25,22,13,9,0,1,1,2,48,25,17,8,8,3,7,169,245,84,576
1999-890,Shanghai,Hard,32,A,19991004,24,102796,2,,Magnus Norman,R,188,SWE,23.3,103193,,,Peter Wessels,R,196,NED,21.4,6-7(4) 7-5 7-6(3),3,R16,152,4,4,122,78,54,24,18,5,9,14,5,122,60,46,26,18,6,11,23,1462,82,586
1999-890,Shanghai,Hard,32,A,19991004,25,102701,1,,Marcelo Rios,L,175,CHI,23.7,101889,,LL,Todd Woodbridge,R,178,AUS,28.5,6-3 6-3,3,QF,64,2,2,43,19,18,18,9,0,0,1,3,53,29,20,12,9,1,4,7,2276,153,288
1999-890,Shanghai,Hard,32,A,19991004,26,102035,5,,Jonas Bjorkman,R,183,SWE,27.5,103714,,Q,Andreas Vinciguerra,L,180,SWE,18.6,6-3 3-6 6-4,3,QF,130,3,1,89,52,37,23,14,11,13,3,5,112,79,52,15,14,8,11,63,771,131,364
1999-890,Shanghai,Hard,32,A,19991004,27,102021,6,,Michael Chang,R,175,USA,27.6,102998,4,,Jan Michael Gambill,R,190,USA,22.3,6-3 7-5,3,QF,101,3,1,60,37,30,15,11,0,0,13,3,70,40,31,11,10,4,6,65,723,59,780
1999-890,Shanghai,Hard,32,A,19991004,28,102796,2,,Magnus Norman,R,188,SWE,23.3,103387,,WC,Paradorn Srichaphan,R,185,THA,20.3,7-6(4) 6-1,3,QF,79,1,2,59,38,30,8,10,4,7,0,4,57,24,15,11,9,6,11,23,1462,169,245
1999-890,Shanghai,Hard,32,A,19991004,29,102701,1,,Marcelo Rios,L,175,CHI,23.7,102035,5,,Jonas Bjorkman,R,183,SWE,27.5,6-4 6-1,3,SF,71,4,0,46,28,21,11,8,0,1,3,3,67,34,22,11,9,7,12,7,2276,63,771
1999-890,Shanghai,Hard,32,A,19991004,30,102796,2,,Magnus Norman,R,188,SWE,23.3,102021,6,,Michael Chang,R,175,USA,27.6,0-6 6-4 6-2,3,SF,124,4,5,82,45,35,15,12,4,7,3,4,83,52,37,12,12,6,9,23,1462,65,723
1999-890,Shanghai,Hard,32,A,19991004,31,102796,2,,Magnus Norman,R,188,SWE,23.3,102701,1,,Marcelo Rios,L,175,CHI,23.7,2-6 6-3 7-5,3,F,142,4,1,120,74,51,19,15,12,17,7,2,97,57,37,20,14,4,9,23,1462,7,2276
1999-326,Singapore,Hard,32,A,19991011,1,102701,1,,Marcelo Rios,L,175,CHI,23.7,102966,,Q,Fredrik Jonsson,R,193,SWE,22.5,6-4 6-2,3,R32,66,6,1,55,32,27,13,9,4,4,2,2,53,25,18,12,9,4,7,6,2357,125,380
1999-326,Singapore,Hard,32,A,19991011,2,102110,,,Daniel Nestor,L,190,CAN,27.0,102821,,,Cecil Mamiit,R,173,PHI,23.2,6-3 4-6 6-4,3,R32,117,8,7,90,49,37,17,15,3,8,6,4,83,57,36,12,14,5,11,70,648,72,624
1999-326,Singapore,Hard,32,A,19991011,3,102021,,,Michael Chang,R,175,USA,27.6,102233,,WC,Leander Paes,R,178,IND,26.3,6-1 6-3,3,R32,60,1,1,42,22,18,15,8,0,0,2,2,52,32,17,8,8,1,5,76,606,186,219
1999-326,Singapore,Hard,32,A,19991011,4,102998,7,,Jan Michael Gambill,R,190,USA,22.3,102925,,,Justin Gimelstob,R,196,USA,22.7,7-6(2) 6-4,3,R32,97,5,2,71,43,35,15,11,3,4,3,2,65,35,25,14,11,2,4,58,799,80,580
1999-326,Singapore,Hard,32,A,19991011,5,103720,4,,Lleyton Hewitt,R,180,AUS,18.6,102834,,,Paul Goldstein,R,178,USA,23.1,4-6 6-2 6-4,3,R32,112,3,4,82,48,31,17,14,5,10,2,2,80,53,30,11,14,4,11,31,1217,85,549
1999-326,Singapore,Hard,32,A,19991011,6,102202,,,Kenneth Carlsen,L,190,DEN,26.4,102205,,,Sebastien Lareau,R,183,CAN,26.4,6-4 3-6 6-2,3,R32,108,7,6,85,46,36,21,13,7,8,5,4,71,39,32,16,14,3,6,81,578,98,512
1999-326,Singapore,Hard,32,A,19991011,7,102770,,,John Van Lottum,R,185,NED,23.5,101885,,,Wayne Arthurs,L,190,AUS,28.5,7-6(2) 7-6(7),3,R32,106,5,4,91,57,43,24,12,2,2,8,6,79,35,30,28,12,0,0,79,585,90,534
1999-326,Singapore,Hard,32,A,19991011,8,101889,,WC,Todd Woodbridge,R,178,AUS,28.5,102854,5,,Sjeng Schalken,R,193,NED,23.0,4-6 7-5 6-3,3,R32,120,2,2,91,58,35,21,16,1,5,3,3,98,59,39,19,15,6,11,154,288,44,933
1999-326,Singapore,Hard,32,A,19991011,9,102776,6,,Andrew Ilie,R,180,AUS,23.4,102887,,,Ramon Delgado,R,185,PAR,22.9,6-2 6-2,3,R32,52,1,0,43,21,17,16,8,1,1,3,1,48,25,12,12,8,3,7,56,809,118,412
1999-326,Singapore,Hard,32,A,19991011,10,101902,,Q,Stephane Huet,L,180,FRA,28.4,101900,,,Nicklas Kulti,R,190,SWE,28.4,7-5 6-4,3,R32,88,9,3,63,37,30,13,11,1,2,4,4,60,32,22,14,11,2,5,160,275,104,474
1999-326,Singapore,Hard,32,A,19991011,11,102179,,,Antony Dupuis,R,185,FRA,26.6,101185,,,Mark Woodforde,L,188,AUS,34.0,3-6 6-4 7-6(2),3,R32,128,6,1,103,55,41,24,15,5,9,3,5,105,54,37,25,16,7,11,89,535,77,604
1999-326,Singapore,Hard,32,A,19991011,12,103387,,WC,Paradorn Srichaphan,R,185,THA,20.3,102796,3,,Magnus Norman,R,188,SWE,23.3,6-3 1-6 6-3,3,R32,103,10,5,95,55,41,20,13,4,6,5,6,79,45,30,19,12,4,6,156,286,19,1638
1999-326,Singapore,Hard,32,A,19991011,13,102035,8,,Jonas Bjorkman,R,183,SWE,27.5,101735,,,Richard Fromberg,R,196,AUS,29.4,7-5 6-2,3,R32,76,1,1,64,41,30,14,10,5,6,6,2,65,37,25,11,10,4,8,53,842,83,572
1999-326,Singapore,Hard,32,A,19991011,14,102025,,Q,Mikael Tillstrom,R,185,SWE,27.6,101647,,,Byron Black,R,175,ZIM,30.0,6-3 6-4,3,R32,72,6,2,55,35,27,9,10,2,4,2,0,62,29,20,13,9,8,12,142,310,82,576
1999-326,Singapore,Hard,32,A,19991011,15,103344,,,Ivan Ljubicic,R,193,CRO,20.5,103018,,,Max Mirnyi,R,196,BLR,22.2,7-6(1) 6-4,3,R32,97,6,2,78,42,30,23,11,6,7,5,4,69,43,31,11,11,5,7,99,507,94,519
1999-326,Singapore,Hard,32,A,19991011,16,102882,2,,Mark Philippoussis,R,196,AUS,22.9,103184,,Q,Bob Bryan,L,193,USA,21.4,6-4 6-4,3,R32,58,11,1,48,28,24,16,10,0,0,5,0,61,44,28,11,10,3,5,22,1494,227,182
1999-326,Singapore,Hard,32,A,19991011,17,102701,1,,Marcelo Rios,L,175,CHI,23.7,102110,,,Daniel Nestor,L,190,CAN,27.0,6-4 6-1,3,R16,62,6,0,48,29,22,11,8,0,1,4,3,68,44,23,10,9,6,11,6,2357,70,648
1999-326,Singapore,Hard,32,A,19991011,18,102998,7,,Jan Michael Gambill,R,190,USA,22.3,102021,,,Michael Chang,R,175,USA,27.6,6-2 7-6(4),3,R16,107,18,3,89,52,37,17,10,10,11,3,1,68,47,32,8,10,3,6,58,799,76,606
1999-326,Singapore,Hard,32,A,19991011,19,103720,4,,Lleyton Hewitt,R,180,AUS,18.6,102202,,,Kenneth Carlsen,L,190,DEN,26.4,6-1 6-2,3,R16,69,1,0,55,36,27,10,8,4,4,4,1,45,29,17,6,7,4,8,31,1217,81,578
1999-326,Singapore,Hard,32,A,19991011,20,102770,,,John Van Lottum,R,185,NED,23.5,101889,,WC,Todd Woodbridge,R,178,AUS,28.5,6-4 6-0,3,R16,80,2,2,52,26,20,16,8,1,1,1,5,64,39,22,9,8,9,13,79,585,154,288
1999-326,Singapore,Hard,32,A,19991011,21,102776,6,,Andrew Ilie,R,180,AUS,23.4,101902,,Q,Stephane Huet,L,180,FRA,28.4,7-6(6) 5-7 6-3,3,R16,126,7,3,105,57,41,27,16,3,5,6,1,102,53,41,24,17,4,7,56,809,160,275
1999-326,Singapore,Hard,32,A,19991011,22,103387,,WC,Paradorn Srichaphan,R,185,THA,20.3,102179,,,Antony Dupuis,R,185,FRA,26.6,6-4 6-1,3,R16,54,6,2,47,28,24,12,9,0,0,2,1,45,26,15,10,8,1,4,156,286,89,535
1999-326,Singapore,Hard,32,A,19991011,23,102025,,Q,Mikael Tillstrom,R,185,SWE,27.6,102035,8,,Jonas Bjorkman,R,183,SWE,27.5,3-6 6-4 6-3,3,R16,104,2,4,87,64,41,13,14,6,9,2,0,82,41,30,20,14,3,7,142,310,53,842
1999-326,Singapore,Hard,32,A,19991011,24,103344,,,Ivan Ljubicic,R,193,CRO,20.5,102882,2,,Mark Philippoussis,R,196,AUS,22.9,3-6 7-5 7-6(6),3,R16,140,19,6,105,60,48,22,16,6,9,22,6,131,91,65,17,17,11,14,99,507,22,1494
1999-326,Singapore,Hard,32,A,19991011,25,102701,1,,Marcelo Rios,L,175,CHI,23.7,102998,7,,Jan Michael Gambill,R,190,USA,22.3,6-4 6-4,3,QF,70,3,1,53,32,30,12,10,1,1,6,1,59,32,25,14,10,2,4,6,2357,58,799
1999-326,Singapore,Hard,32,A,19991011,26,103720,4,,Lleyton Hewitt,R,180,AUS,18.6,102770,,,John Van Lottum,R,185,NED,23.5,6-4 6-2,3,QF,74,2,4,56,33,20,16,9,0,1,2,3,53,28,18,10,9,3,7,31,1217,79,585
1999-326,Singapore,Hard,32,A,19991011,27,103387,,WC,Paradorn Srichaphan,R,185,THA,20.3,102776,6,,Andrew Ilie,R,180,AUS,23.4,7-5 3-6 7-6(3),3,QF,148,10,8,107,57,45,29,16,7,9,6,4,129,74,51,29,17,8,10,156,286,56,809
1999-326,Singapore,Hard,32,A,19991011,28,102025,,Q,Mikael Tillstrom,R,185,SWE,27.6,103344,,,Ivan Ljubicic,R,193,CRO,20.5,7-6(4) 4-6 6-3,3,QF,113,5,2,103,64,47,23,16,7,9,12,1,84,48,40,21,15,3,5,142,310,99,507
1999-326,Singapore,Hard,32,A,19991011,29,102701,1,,Marcelo Rios,L,175,CHI,23.7,103720,4,,Lleyton Hewitt,R,180,AUS,18.6,7-5 6-3,3,SF,73,6,3,48,25,24,13,10,0,1,3,0,73,44,25,16,11,5,9,6,2357,31,1217
1999-326,Singapore,Hard,32,A,19991011,30,102025,,Q,Mikael Tillstrom,R,185,SWE,27.6,103387,,WC,Paradorn Srichaphan,R,185,THA,20.3,6-4 3-6 6-3,3,SF,111,2,1,78,54,40,14,14,2,4,5,5,103,50,36,25,14,4,7,142,310,156,286
1999-326,Singapore,Hard,32,A,19991011,31,102701,1,,Marcelo Rios,L,175,CHI,23.7,102025,,Q,Mikael Tillstrom,R,185,SWE,27.6,6-2 7-6(5),3,F,92,7,2,69,35,29,20,10,7,8,1,1,92,57,33,18,10,10,13,6,2357,142,310
1999-337,Vienna,Hard,32,A,19991011,1,102338,1,,Yevgeny Kafelnikov,R,190,RUS,25.6,102358,,,Thomas Enqvist,R,190,SWE,25.5,6-3 6-4,3,R32,70,11,1,54,32,26,14,9,3,3,5,4,61,29,22,16,10,2,5,2,3839,17,1774
1999-337,Vienna,Hard,32,A,19991011,2,101733,,,Jan Siemerink,L,183,NED,29.4,103096,,Q,Arnaud Clement,R,173,FRA,21.8,5-7 7-6(5) 7-6(6),3,R32,157,15,7,135,75,54,31,18,2,5,6,1,114,69,54,25,18,1,3,96,513,49,896
1999-337,Vienna,Hard,32,A,19991011,3,103781,,WC,Jurgen Melzer,L,183,AUT,18.3,102694,,Q,Lars Burgsmuller,R,183,GER,23.8,7-6(5) 2-6 6-3,3,R32,139,7,12,100,38,26,31,14,7,12,1,1,104,65,41,19,15,11,16,635,28,122,393
1999-337,Vienna,Hard,32,A,19991011,4,103017,7,,Nicolas Kiefer,R,183,GER,22.2,103151,,,Mariano Zabaleta,R,183,ARG,21.6,6-3 6-4,3,R32,77,4,2,58,35,27,13,10,3,4,8,4,50,22,18,13,9,0,3,11,2091,27,1250
1999-337,Vienna,Hard,32,A,19991011,5,101964,,,Goran Ivanisevic,L,193,CRO,28.0,102856,3,,Gustavo Kuerten,R,190,BRA,23.0,6-1 6-7(2) 6-4,3,R32,96,18,5,82,49,46,17,15,0,0,16,2,94,44,35,26,14,9,12,43,958,5,2497
1999-337,Vienna,Hard,32,A,19991011,6,102905,,,Stefan Koubek,L,175,AUT,22.7,101543,,Q,Jeff Tarango,L,180,USA,30.8,6-4 6-4,3,R32,85,10,2,56,37,26,13,10,2,3,6,6,80,44,29,16,10,10,13,45,930,74,616
1999-337,Vienna,Hard,32,A,19991011,7,101723,,,Magnus Larsson,R,193,SWE,29.5,101611,,,Cedric Pioline,R,188,FRA,30.3,6-4 7-6(2),3,R32,94,10,7,91,61,46,13,11,1,2,5,3,72,43,30,17,11,2,4,123,390,16,1794
1999-337,Vienna,Hard,32,A,19991011,8,101990,6,,Richard Krajicek,R,196,NED,27.8,102567,,Q,George Bastl,R,183,SUI,24.5,4-6 7-5 6-4,3,R32,111,16,4,99,58,45,21,16,5,7,13,6,86,58,47,10,16,3,6,8,2243,113,436
1999-337,Vienna,Hard,32,A,19991011,9,102257,5,,Greg Rusedski,L,193,GBR,26.0,102563,,,Thomas Johansson,R,180,SWE,24.5,4-6 6-3 7-6(3),3,R32,133,24,1,103,65,48,22,16,8,10,4,5,101,46,31,35,15,5,7,7,2278,26,1313
1999-337,Vienna,Hard,32,A,19991011,10,102446,,,Andrei Medvedev,R,193,UKR,25.1,103594,,WC,Oliver Marach,R,185,AUT,19.2,6-4 6-2,3,R32,68,9,2,61,33,26,18,9,4,4,3,4,49,22,13,16,9,2,5,33,1174,414,73
1999-337,Vienna,Hard,32,A,19991011,11,103206,,,Sebastien Grosjean,R,175,FRA,21.3,101820,,,Marc Rosset,R,201,SUI,28.9,6-3 4-6 7-6(5),3,R32,143,5,1,100,57,38,25,16,2,5,11,13,119,61,42,28,15,9,12,30,1233,36,1079
1999-337,Vienna,Hard,32,A,19991011,12,103498,,,Marat Safin,R,193,RUS,19.7,102450,4,,Tim Henman,R,185,GBR,25.0,6-4 2-6 6-3,3,R32,102,10,3,90,43,30,25,14,8,12,5,1,77,46,32,15,13,5,9,35,1094,9,2172
1999-337,Vienna,Hard,32,A,19991011,13,102839,8,,Nicolas Lapentti,R,188,ECU,23.1,101532,,,Francisco Clavet,L,183,ESP,30.9,7-6(1) 6-2,3,R32,94,9,0,66,39,30,15,10,3,4,1,1,72,39,24,15,10,4,7,14,1866,32,1181
1999-337,Vienna,Hard,32,A,19991011,14,102344,,,Karol Kucera,R,188,SVK,25.6,103103,,,Dominik Hrbaty,R,183,SVK,21.7,3-6 6-4 7-6(3),3,R32,120,8,4,94,45,31,31,15,0,3,2,5,104,57,42,22,16,7,10,15,1819,23,1490
1999-337,Vienna,Hard,32,A,19991011,15,103819,,WC,Roger Federer,R,185,SUI,18.1,102434,,,Vincent Spadea,R,183,USA,25.2,6-4 6-2,3,R32,59,4,1,51,28,24,9,9,1,3,3,5,51,20,13,11,9,2,7,93,525,21,1502
1999-337,Vienna,Hard,32,A,19991011,16,102562,,,Jiri Novak,R,190,CZE,24.5,101774,2,,Todd Martin,R,198,USA,29.2,7-6(3) 6-7(5) 6-4,3,R32,147,6,1,131,85,51,26,17,12,17,10,10,108,69,46,14,17,6,12,34,1103,4,2969
1999-337,Vienna,Hard,32,A,19991011,17,102338,1,,Yevgeny Kafelnikov,R,190,RUS,25.6,101733,,,Jan Siemerink,L,183,NED,29.4,W/O,3,R16,,,,,,,,,,,,,,,,,,,,2,3839,96,513
1999-337,Vienna,Hard,32,A,19991011,18,103017,7,,Nicolas Kiefer,R,183,GER,22.2,103781,,WC,Jurgen Melzer,L,183,AUT,18.3,6-4 6-0,3,R16,60,4,2,41,21,15,13,8,0,2,3,5,51,22,11,10,8,7,13,11,2091,635,28
1999-337,Vienna,Hard,32,A,19991011,19,102905,,,Stefan Koubek,L,175,AUT,22.7,101964,,,Goran Ivanisevic,L,193,CRO,28.0,6-7(3) 6-2 6-4,3,R16,109,12,1,94,63,47,18,15,4,5,15,13,94,48,39,19,15,6,10,45,930,43,958
1999-337,Vienna,Hard,32,A,19991011,20,101990,6,,Richard Krajicek,R,196,NED,27.8,101723,,,Magnus Larsson,R,193,SWE,29.5,6-4 6-2,3,R16,56,9,1,51,29,27,10,9,1,1,3,2,54,34,23,8,9,2,5,8,2243,123,390
1999-337,Vienna,Hard,32,A,19991011,21,102257,5,,Greg Rusedski,L,193,GBR,26.0,102446,,,Andrei Medvedev,R,193,UKR,25.1,4-6 7-5 6-3,3,R16,112,7,3,100,60,47,16,16,5,8,6,4,90,46,37,19,15,2,6,7,2278,33,1174
1999-337,Vienna,Hard,32,A,19991011,22,103206,,,Sebastien Grosjean,R,175,FRA,21.3,103498,,,Marat Safin,R,193,RUS,19.7,6-4 4-6 7-6(5),3,R16,122,5,7,97,48,36,20,16,1,6,16,6,106,47,33,27,16,4,9,30,1233,35,1094
1999-337,Vienna,Hard,32,A,19991011,23,102344,,,Karol Kucera,R,188,SVK,25.6,102839,8,,Nicolas Lapentti,R,188,ECU,23.1,6-2 6-3,3,R16,82,5,1,67,31,17,23,9,2,3,2,2,58,39,25,5,8,5,9,15,1819,14,1866
1999-337,Vienna,Hard,32,A,19991011,24,103819,,WC,Roger Federer,R,185,SUI,18.1,102562,,,Jiri Novak,R,190,CZE,24.5,7-6(8) 6-1,3,R16,71,6,3,60,35,24,13,9,1,3,0,2,71,49,27,8,10,5,10,93,525,34,1103
1999-337,Vienna,Hard,32,A,19991011,25,103017,7,,Nicolas Kiefer,R,183,GER,22.2,102338,1,,Yevgeny Kafelnikov,R,190,RUS,25.6,6-0 6-4,3,QF,68,7,2,45,24,20,11,8,0,1,4,9,64,22,13,19,8,7,12,11,2091,2,3839
1999-337,Vienna,Hard,32,A,19991011,26,101990,6,,Richard Krajicek,R,196,NED,27.8,102905,,,Stefan Koubek,L,175,AUT,22.7,6-2 6-1,3,QF,57,13,1,37,28,24,5,7,2,2,1,2,57,33,15,10,8,6,11,8,2243,45,930
1999-337,Vienna,Hard,32,A,19991011,27,102257,5,,Greg Rusedski,L,193,GBR,26.0,103206,,,Sebastien Grosjean,R,175,FRA,21.3,7-5 6-2,3,QF,77,6,3,52,24,22,19,10,2,2,3,3,76,50,31,12,10,10,13,7,2278,30,1233
1999-337,Vienna,Hard,32,A,19991011,28,103819,,WC,Roger Federer,R,185,SUI,18.1,102344,,,Karol Kucera,R,188,SVK,25.6,2-6 6-4 6-1,3,QF,89,6,4,77,45,38,14,13,3,5,6,6,79,41,27,21,12,7,10,93,525,15,1819
1999-337,Vienna,Hard,32,A,19991011,29,103017,7,,Nicolas Kiefer,R,183,GER,22.2,101990,6,,Richard Krajicek,R,196,NED,27.8,7-6(9) 6-4,3,SF,112,5,4,96,52,37,27,11,8,8,15,4,72,43,35,15,11,1,2,11,2091,8,2243
1999-337,Vienna,Hard,32,A,19991011,30,102257,5,,Greg Rusedski,L,193,GBR,26.0,103819,,WC,Roger Federer,R,185,SUI,18.1,6-3 6-4,3,SF,62,7,1,48,31,28,12,10,0,0,4,3,63,41,28,11,9,1,3,7,2278,93,525
1999-337,Vienna,Hard,32,A,19991011,31,102257,5,,Greg Rusedski,L,193,GBR,26.0,103017,7,,Nicolas Kiefer,R,183,GER,22.2,6-7(5) 2-6 6-3 7-5 6-4,5,F,221,31,8,154,88,71,33,26,3,7,4,6,183,113,73,38,25,17,22,7,2278,11,2091
1999-375,Lyon,Carpet,48,A,19991018,1,101191,,Q,Richey Reneberg,R,180,USA,34.0,102533,,,Jens Knippschild,R,190,GER,24.6,6-3 RET,3,R64,44,5,1,37,18,15,11,5,2,2,5,2,26,12,9,7,5,2,3,178,236,86,543
1999-375,Lyon,Carpet,48,A,19991018,2,101723,,,Magnus Larsson,R,193,SWE,29.5,102887,,Q,Ramon Delgado,R,185,PAR,22.9,6-3 6-3,3,R64,57,12,2,41,26,26,10,9,0,0,3,4,59,26,18,14,9,4,7,113,440,119,412
1999-375,Lyon,Carpet,48,A,19991018,3,101793,,,Jim Courier,R,185,USA,29.1,103324,,,Arnaud Di Pasquale,R,185,FRA,20.6,2-6 7-6(2) 7-5,3,R64,151,3,2,106,58,41,28,16,7,10,3,6,119,77,48,24,16,4,6,44,942,43,959
1999-375,Lyon,Carpet,48,A,19991018,4,102854,,,Sjeng Schalken,R,193,NED,23.1,101703,,WC,Guillaume Raoux,R,180,FRA,29.6,7-6(5) 6-2,3,R64,104,9,5,76,42,34,14,10,3,5,2,7,72,32,24,15,10,4,8,54,834,107,453
1999-375,Lyon,Carpet,48,A,19991018,5,102162,,,Chris Woodruff,R,188,USA,26.7,103096,,,Arnaud Clement,R,173,FRA,21.8,6-4 6-2,3,R64,81,8,7,53,29,27,9,9,2,3,6,5,68,34,19,16,9,4,8,65,738,48,896
1999-375,Lyon,Carpet,48,A,19991018,6,103819,,,Roger Federer,R,185,SUI,18.1,101888,,,Daniel Vacek,R,190,CZE,28.5,6-3 6-4,3,R64,70,2,1,57,33,25,15,9,4,5,3,4,69,32,23,15,10,3,7,67,683,53,837
1999-375,Lyon,Carpet,48,A,19991018,7,101964,,,Goran Ivanisevic,L,193,CRO,28.0,101150,,,Gianluca Pozzi,L,180,ITA,34.3,4-6 6-3 6-4,3,R64,106,16,12,85,43,36,21,15,2,4,9,3,92,33,27,30,14,7,10,40,1002,92,529
1999-375,Lyon,Carpet,48,A,19991018,8,102025,,,Mikael Tillstrom,R,185,SWE,27.6,102905,,,Stefan Koubek,L,175,AUT,22.7,2-6 7-5 6-3,3,R64,94,1,5,84,52,39,18,14,6,8,5,5,90,54,43,14,15,5,8,99,485,42,978
1999-375,Lyon,Carpet,48,A,19991018,9,101733,,,Jan Siemerink,L,183,NED,29.5,102271,,,Hicham Arazi,L,175,MAR,25.9,6-3 7-6(4),3,R64,81,3,4,63,35,30,16,11,0,1,3,1,66,38,26,15,10,3,5,83,551,37,1016
1999-375,Lyon,Carpet,48,A,19991018,10,102998,,,Jan Michael Gambill,R,190,USA,22.3,102466,,,Jan Kroslak,R,188,SVK,25.0,6-1 6-2,3,R64,56,10,3,47,24,21,14,8,1,1,3,6,48,31,18,4,7,4,8,58,805,63,756
1999-375,Lyon,Carpet,48,A,19991018,11,101965,,,Wayne Ferreira,R,185,RSA,28.0,102354,,Q,Jerome Hanquez,R,185,FRA,25.6,6-4 6-3,3,R64,76,8,6,55,27,21,12,9,2,4,2,4,62,23,15,17,10,3,8,41,980,239,167
1999-375,Lyon,Carpet,48,A,19991018,12,102950,,,Fernando Vicente,R,180,ESP,22.6,102184,,,David Prinosil,R,185,GER,26.6,0-6 6-4 7-6(5),3,R64,117,1,5,102,51,28,21,14,8,15,8,7,101,52,38,20,14,6,11,49,875,66,712
1999-375,Lyon,Carpet,48,A,19991018,13,102765,,WC,Nicolas Escude,R,185,FRA,23.5,102035,,,Jonas Bjorkman,R,183,SWE,27.5,6-4 7-5,3,R64,104,8,4,87,45,31,20,11,7,9,0,3,76,40,23,19,11,3,7,50,861,59,799
1999-375,Lyon,Carpet,48,A,19991018,14,101543,,,Jeff Tarango,L,180,USA,30.9,101956,,Q,Mark Knowles,R,190,BAH,28.1,6-4 6-1,3,R64,56,10,6,49,32,28,7,8,5,5,5,1,52,38,21,7,9,2,6,78,579,247,160
1999-375,Lyon,Carpet,48,A,19991018,15,102783,,,Rainer Schuettler,R,180,GER,23.4,102148,,,Fabrice Santoro,R,178,FRA,26.8,6-1 6-1,3,R64,60,2,2,43,22,18,13,7,3,3,1,2,46,28,16,3,7,3,8,47,900,39,1004
1999-375,Lyon,Carpet,48,A,19991018,16,101320,,,Magnus Gustafsson,R,185,SWE,32.7,103084,,,Guillermo Canas,R,185,ARG,21.8,6-4 6-3,3,R64,61,1,2,54,36,26,11,9,3,4,5,4,50,25,16,9,8,3,7,74,621,71,662
1999-375,Lyon,Carpet,48,A,19991018,17,102338,1,,Yevgeny Kafelnikov,R,190,RUS,25.6,101191,,Q,Richey Reneberg,R,180,USA,34.0,6-3 3-6 6-4,3,R32,99,10,11,82,38,32,21,14,1,4,10,7,94,45,33,23,14,3,7,2,3842,178,236
1999-375,Lyon,Carpet,48,A,19991018,18,101723,,,Magnus Larsson,R,193,SWE,29.5,101820,16,,Marc Rosset,R,201,SUI,28.9,6-2 6-2,3,R32,52,10,1,44,26,22,11,8,0,0,3,4,45,20,15,8,8,3,7,113,440,36,1079
1999-375,Lyon,Carpet,48,A,19991018,19,101793,,,Jim Courier,R,185,USA,29.1,102882,9,,Mark Philippoussis,R,196,AUS,22.9,6-3 3-6 6-1,3,R32,100,3,1,76,42,31,23,13,6,7,13,4,66,36,30,12,12,1,4,44,942,21,1518
1999-375,Lyon,Carpet,48,A,19991018,20,102434,8,,Vincent Spadea,R,183,USA,25.2,102854,,,Sjeng Schalken,R,193,NED,23.1,2-6 6-1 6-4,3,R32,108,0,2,86,36,28,21,13,9,13,8,5,82,50,31,11,12,7,12,22,1502,54,834
1999-375,Lyon,Carpet,48,A,19991018,21,102162,,,Chris Woodruff,R,188,USA,26.7,102374,4,,Alex Corretja,R,180,ESP,25.5,7-5 7-6(0),3,R32,104,6,3,80,48,31,17,12,5,9,7,4,72,30,17,19,12,4,9,65,738,10,2137
1999-375,Lyon,Carpet,48,A,19991018,22,103720,13,,Lleyton Hewitt,R,180,AUS,18.6,103819,,,Roger Federer,R,185,SUI,18.1,7-6(4) 2-6 6-4,3,R32,131,3,1,97,47,32,25,15,7,12,5,4,109,54,39,26,15,6,10,27,1259,67,683
1999-375,Lyon,Carpet,48,A,19991018,23,103151,11,,Mariano Zabaleta,R,183,ARG,21.6,101964,,,Goran Ivanisevic,L,193,CRO,28.0,6-4 6-4,3,R32,61,7,0,48,26,25,15,10,0,0,13,4,56,33,26,11,10,4,6,29,1241,40,1002
1999-375,Lyon,Carpet,48,A,19991018,24,102025,,,Mikael Tillstrom,R,185,SWE,27.6,103163,5,,Tommy Haas,R,188,GER,21.5,6-2 7-6(3),3,R32,70,3,0,62,49,31,9,10,2,4,4,5,72,40,25,12,10,7,11,99,485,12,2069
1999-375,Lyon,Carpet,48,A,19991018,25,102839,6,,Nicolas Lapentti,R,188,ECU,23.1,101733,,,Jan Siemerink,L,183,NED,29.5,3-6 6-3 7-6(4),3,R32,138,2,3,93,64,47,16,15,3,5,7,2,103,61,45,22,15,7,9,14,1866,83,551
1999-375,Lyon,Carpet,48,A,19991018,26,103206,12,,Sebastien Grosjean,R,175,FRA,21.3,102998,,,Jan Michael Gambill,R,190,USA,22.3,1-6 6-3 6-3,3,R32,113,5,0,71,32,25,21,12,3,6,8,9,93,41,30,21,13,6,10,26,1290,58,805
1999-375,Lyon,Carpet,48,A,19991018,27,101965,,,Wayne Ferreira,R,185,RSA,28.0,102446,14,,Andrei Medvedev,R,193,UKR,25.1,6-3 7-5,3,R32,78,4,0,70,30,22,24,10,5,5,5,5,71,39,25,16,11,5,8,41,980,32,1200
1999-375,Lyon,Carpet,48,A,19991018,28,102856,3,,Gustavo Kuerten,R,190,BRA,23.1,102950,,,Fernando Vicente,R,180,ESP,22.6,6-3 7-6(4),3,R32,70,15,5,75,37,32,16,11,3,5,4,3,67,33,24,15,10,3,6,5,2497,49,875
1999-375,Lyon,Carpet,48,A,19991018,29,102765,,WC,Nicolas Escude,R,185,FRA,23.5,101611,7,,Cedric Pioline,R,188,FRA,30.3,6-1 6-0,3,R32,45,3,0,28,14,11,13,6,0,0,3,4,42,15,7,7,7,4,10,50,861,17,1730
1999-375,Lyon,Carpet,48,A,19991018,30,101543,,,Jeff Tarango,L,180,USA,30.9,102610,10,,Albert Costa,R,180,ESP,24.3,6-4 1-0,3,R32,39,4,2,29,17,16,8,6,0,0,4,0,35,20,14,7,6,2,3,78,579,24,1482
1999-375,Lyon,Carpet,48,A,19991018,31,102783,,,Rainer Schuettler,R,180,GER,23.4,103498,15,,Marat Safin,R,193,RUS,19.7,6-1 6-4,3,R32,59,0,4,49,28,24,12,9,3,4,7,5,47,18,12,10,8,5,9,47,900,35,1134
1999-375,Lyon,Carpet,48,A,19991018,32,101320,,,Magnus Gustafsson,R,185,SWE,32.7,101774,2,,Todd Martin,R,198,USA,29.2,6-1 4-6 6-4,3,R32,106,11,6,87,48,33,19,14,4,8,4,4,77,38,28,13,13,3,9,74,621,4,2812
1999-375,Lyon,Carpet,48,A,19991018,33,102338,1,,Yevgeny Kafelnikov,R,190,RUS,25.6,101723,,,Magnus Larsson,R,193,SWE,29.5,7-5 7-5,3,R16,72,4,4,64,22,18,26,12,1,3,7,4,70,41,25,15,12,4,8,2,3842,113,440
1999-375,Lyon,Carpet,48,A,19991018,34,102434,8,,Vincent Spadea,R,183,USA,25.2,101793,,,Jim Courier,R,185,USA,29.1,6-4 6-4,3,R16,92,8,4,73,31,23,21,10,3,5,2,0,66,42,23,13,10,2,6,22,1502,44,942
1999-375,Lyon,Carpet,48,A,19991018,35,103720,13,,Lleyton Hewitt,R,180,AUS,18.6,102162,,,Chris Woodruff,R,188,USA,26.7,6-4 6-3,3,R16,78,5,2,56,28,22,13,9,2,4,5,2,60,31,20,11,10,5,10,27,1259,65,738
1999-375,Lyon,Carpet,48,A,19991018,36,102025,,,Mikael Tillstrom,R,185,SWE,27.6,103151,11,,Mariano Zabaleta,R,183,ARG,21.6,4-6 7-6(4) 6-2,3,R16,167,2,3,121,76,45,26,15,11,15,3,2,124,64,43,24,15,13,18,99,485,29,1241
1999-375,Lyon,Carpet,48,A,19991018,37,102839,6,,Nicolas Lapentti,R,188,ECU,23.1,103206,12,,Sebastien Grosjean,R,175,FRA,21.3,4-6 6-4 6-1,3,R16,113,3,6,88,49,35,19,14,3,7,2,1,83,52,31,12,13,4,10,14,1866,26,1290
1999-375,Lyon,Carpet,48,A,19991018,38,102856,3,,Gustavo Kuerten,R,190,BRA,23.1,101965,,,Wayne Ferreira,R,185,RSA,28.0,7-6(5) 6-3,3,R16,80,3,1,65,30,28,18,10,4,6,7,5,83,50,38,9,11,4,8,5,2497,41,980
1999-375,Lyon,Carpet,48,A,19991018,39,101543,,,Jeff Tarango,L,180,USA,30.9,102765,,WC,Nicolas Escude,R,185,FRA,23.5,6-2 1-6 6-1,3,R16,87,6,3,74,40,28,17,11,3,5,7,3,66,35,24,13,11,1,5,78,579,50,861
1999-375,Lyon,Carpet,48,A,19991018,40,101320,,,Magnus Gustafsson,R,185,SWE,32.7,102783,,,Rainer Schuettler,R,180,GER,23.4,6-4 6-2,3,R16,70,2,0,51,32,23,12,9,2,3,2,1,57,35,22,10,9,4,8,74,621,47,900
1999-375,Lyon,Carpet,48,A,19991018,41,102434,8,,Vincent Spadea,R,183,USA,25.2,102338,1,,Yevgeny Kafelnikov,R,190,RUS,25.6,6-2 3-6 7-6(5),3,QF,123,7,3,97,39,29,31,14,7,10,7,9,115,56,41,27,15,12,16,22,1502,2,3842
1999-375,Lyon,Carpet,48,A,19991018,42,103720,13,,Lleyton Hewitt,R,180,AUS,18.6,102025,,,Mikael Tillstrom,R,185,SWE,27.6,6-3 7-6(1),3,QF,97,6,1,62,39,30,11,10,3,5,3,4,91,46,26,22,11,9,13,27,1259,99,485
1999-375,Lyon,Carpet,48,A,19991018,43,102839,6,,Nicolas Lapentti,R,188,ECU,23.1,102856,3,,Gustavo Kuerten,R,190,BRA,23.1,5-7 6-4 7-5,3,QF,159,5,3,111,63,47,21,17,4,8,11,4,130,57,41,33,17,10,15,14,1866,5,2497
1999-375,Lyon,Carpet,48,A,19991018,44,101320,,,Magnus Gustafsson,R,185,SWE,32.7,101543,,,Jeff Tarango,L,180,USA,30.9,7-6(4) 4-6 6-4,3,QF,142,15,2,103,64,44,22,16,3,6,9,6,127,71,46,28,16,18,21,74,621,78,579
1999-375,Lyon,Carpet,48,A,19991018,45,103720,13,,Lleyton Hewitt,R,180,AUS,18.6,102434,8,,Vincent Spadea,R,183,USA,25.2,6-3 6-3,3,SF,81,1,4,47,26,19,13,9,0,1,2,2,70,24,20,16,9,10,14,27,1259,22,1502
1999-375,Lyon,Carpet,48,A,19991018,46,102839,6,,Nicolas Lapentti,R,188,ECU,23.1,101320,,,Magnus Gustafsson,R,185,SWE,32.7,6-7(5) 7-6(6) 6-2,3,SF,141,8,2,98,62,50,22,16,1,2,0,5,106,67,49,21,16,3,6,14,1866,74,621
1999-375,Lyon,Carpet,48,A,19991018,47,102839,6,,Nicolas Lapentti,R,188,ECU,23.1,103720,13,,Lleyton Hewitt,R,180,AUS,18.6,6-3 6-2,3,F,82,4,3,50,29,23,12,9,1,2,3,3,64,42,26,6,8,9,13,14,1866,27,1259
1999-357,Stuttgart Masters,Hard,48,M,19991025,1,102882,,,Mark Philippoussis,R,196,AUS,22.9,101150,,Q,Gianluca Pozzi,L,180,ITA,34.3,6-4 4-6 7-5,3,R64,115,20,3,103,66,53,15,16,4,5,12,3,94,59,41,23,16,2,4,22,1518,101,505
1999-357,Stuttgart Masters,Hard,48,M,19991025,2,102854,,,Sjeng Schalken,R,193,NED,23.1,103096,,Q,Arnaud Clement,R,173,FRA,21.8,7-5 7-6(4),3,R64,89,1,1,67,46,28,15,12,1,4,1,3,72,44,27,15,12,4,8,55,834,46,896
1999-357,Stuttgart Masters,Hard,48,M,19991025,3,101888,,Q,Daniel Vacek,R,190,CZE,28.5,102446,,,Andrei Medvedev,R,193,UKR,25.1,6-1 2-1 RET,3,R64,35,2,3,31,18,15,7,5,1,1,4,1,34,18,10,5,5,1,4,54,837,34,1109
1999-357,Stuttgart Masters,Hard,48,M,19991025,4,102318,,WC,Andrei Pavel,R,183,ROU,25.7,101897,,,Fernando Meligeni,L,180,BRA,28.5,3-6 6-3 6-4,3,R64,99,4,3,82,51,40,15,14,3,5,2,4,89,50,30,23,14,7,10,50,858,29,1247
1999-357,Stuttgart Masters,Hard,48,M,19991025,5,102610,,,Albert Costa,R,180,ESP,24.3,102271,,,Hicham Arazi,L,175,MAR,26.0,7-5 2-6 6-3,3,R64,98,4,1,85,60,43,14,15,4,7,8,5,84,48,37,16,14,6,9,24,1482,38,1008
1999-357,Stuttgart Masters,Hard,48,M,19991025,6,102021,,WC,Michael Chang,R,175,USA,27.6,102783,,WC,Rainer Schuettler,R,180,GER,23.4,3-6 7-6(4) 6-2,3,R64,130,6,0,80,55,41,17,14,0,1,3,6,108,52,36,30,15,7,9,73,619,43,930
1999-357,Stuttgart Masters,Hard,48,M,19991025,7,103103,,,Dominik Hrbaty,R,183,SVK,21.8,102563,,,Thomas Johansson,R,180,SWE,24.5,6-7(3) 7-6(4) 6-1,3,R64,128,14,4,105,59,48,27,16,5,6,18,3,114,50,42,33,15,8,11,23,1490,28,1255
1999-357,Stuttgart Masters,Hard,48,M,19991025,8,103206,,,Sebastien Grosjean,R,175,FRA,21.4,102950,,,Fernando Vicente,R,180,ESP,22.6,6-2 6-2,3,R64,59,2,1,45,23,18,16,8,0,0,0,1,44,22,12,11,8,3,7,26,1296,48,875
1999-357,Stuttgart Masters,Hard,48,M,19991025,9,101723,,,Magnus Larsson,R,193,SWE,29.5,102133,,Q,Laurence Tieleman,R,180,ITA,26.9,7-6(4) 6-7(6) 6-2,3,R64,126,11,2,111,68,54,28,16,5,5,13,5,115,60,49,29,16,10,12,104,476,86,530
1999-357,Stuttgart Masters,Hard,48,M,19991025,10,101965,,,Wayne Ferreira,R,185,RSA,28.1,102925,,Q,Justin Gimelstob,R,196,USA,22.7,6-4 4-6 6-4,3,R64,124,5,2,93,50,39,22,15,5,7,9,6,105,54,40,24,15,2,5,51,856,82,566
1999-357,Stuttgart Masters,Hard,48,M,19991025,11,102562,,,Jiri Novak,R,190,CZE,24.5,101964,,,Goran Ivanisevic,L,193,CRO,28.1,6-2 3-6 7-6(2),3,R64,85,8,0,76,55,43,14,14,1,3,11,11,89,43,34,23,15,3,6,33,1138,40,1002
1999-357,Stuttgart Masters,Hard,48,M,19991025,12,102148,,,Fabrice Santoro,R,178,FRA,26.8,101962,,,Younes El Aynaoui,R,193,MAR,28.1,6-2 6-4,3,R64,63,4,0,50,33,27,11,9,0,0,5,3,64,44,27,8,9,4,7,39,1004,30,1237
1999-357,Stuttgart Masters,Hard,48,M,19991025,13,102162,,Q,Chris Woodruff,R,188,USA,26.8,101532,,,Francisco Clavet,L,183,ESP,31.0,6-1 6-4,3,R64,46,4,2,42,22,21,15,9,0,0,2,3,38,24,15,8,8,1,4,58,808,32,1181
1999-357,Stuttgart Masters,Hard,48,M,19991025,14,101793,,,Jim Courier,R,185,USA,29.1,101820,,,Marc Rosset,R,201,SUI,28.9,4-6 7-6(6) 6-2,3,R64,118,9,1,99,75,61,9,15,5,6,12,9,92,45,39,25,15,5,7,41,994,37,1079
1999-357,Stuttgart Masters,Hard,48,M,19991025,15,103498,,,Marat Safin,R,193,RUS,19.7,103720,,,Lleyton Hewitt,R,180,AUS,18.6,7-6(7) 3-6 6-2,3,R64,116,15,1,98,47,38,25,14,4,7,2,2,95,50,35,27,15,5,9,36,1087,25,1387
1999-357,Stuttgart Masters,Hard,48,M,19991025,16,103151,,,Mariano Zabaleta,R,183,ARG,21.6,102434,,,Vincent Spadea,R,183,USA,25.2,6-4 3-6 6-1,3,R64,117,5,4,85,48,38,17,13,6,8,5,2,86,41,27,22,13,4,8,27,1265,19,1629
1999-357,Stuttgart Masters,Hard,48,M,19991025,17,101736,1,,Andre Agassi,R,180,USA,29.4,102882,,,Mark Philippoussis,R,196,AUS,22.9,6-2 6-4,3,R32,61,7,2,46,23,22,14,9,0,0,12,1,52,30,22,8,9,4,7,1,4144,22,1518
1999-357,Stuttgart Masters,Hard,48,M,19991025,18,102854,,,Sjeng Schalken,R,193,NED,23.1,102344,15,,Karol Kucera,R,188,SVK,25.6,7-5 6-1,3,R32,87,2,1,78,55,35,10,9,10,12,5,12,71,28,18,15,10,8,14,55,834,17,1653
1999-357,Stuttgart Masters,Hard,48,M,19991025,19,101888,,Q,Daniel Vacek,R,190,CZE,28.5,102450,10,,Tim Henman,R,185,GBR,25.1,6-3 6-1,3,R32,63,0,0,44,23,22,11,8,2,2,4,4,55,36,22,6,8,5,9,54,837,10,2137
1999-357,Stuttgart Masters,Hard,48,M,19991025,20,102318,,WC,Andrei Pavel,R,183,ROU,25.7,103017,7,,Nicolas Kiefer,R,183,GER,22.3,6-5 RET,3,R32,45,4,0,27,19,12,6,5,0,1,2,6,35,14,11,9,6,2,4,50,858,7,2322
1999-357,Stuttgart Masters,Hard,48,M,19991025,21,102856,4,,Gustavo Kuerten,R,190,BRA,23.1,102610,,,Albert Costa,R,180,ESP,24.3,3-6 7-5 6-3,3,R32,113,14,5,97,42,35,23,15,8,12,4,1,88,54,34,19,15,3,8,5,2537,24,1482
1999-357,Stuttgart Masters,Hard,48,M,19991025,22,102358,13,,Thomas Enqvist,R,190,SWE,25.6,102021,,WC,Michael Chang,R,175,USA,27.6,6-4 6-2,3,R32,71,11,3,63,32,29,15,9,4,4,1,3,53,29,19,14,9,2,5,18,1645,73,619
1999-357,Stuttgart Masters,Hard,48,M,19991025,23,102839,12,,Nicolas Lapentti,R,188,ECU,23.1,103103,,,Dominik Hrbaty,R,183,SVK,21.8,3-6 6-4 6-3,3,R32,102,7,2,83,53,41,15,14,1,3,6,5,87,40,26,30,14,7,10,11,2113,23,1490
1999-357,Stuttgart Masters,Hard,48,M,19991025,24,102701,6,,Marcelo Rios,L,175,CHI,23.8,103206,,,Sebastien Grosjean,R,175,FRA,21.4,6-3 6-4,3,R32,67,4,0,51,29,25,16,10,2,2,8,2,63,35,27,11,9,2,4,9,2298,26,1296
1999-357,Stuttgart Masters,Hard,48,M,19991025,25,102257,5,,Greg Rusedski,L,193,GBR,26.1,101723,,,Magnus Larsson,R,193,SWE,29.5,W/O,3,R32,,,,,,,,,,,,,,,,,,,,6,2409,104,476
1999-357,Stuttgart Masters,Hard,48,M,19991025,26,103163,11,,Tommy Haas,R,188,GER,21.5,101965,,,Wayne Ferreira,R,185,RSA,28.1,6-2 7-6(2),3,R32,70,4,3,59,27,23,23,10,1,1,2,0,64,37,25,15,10,1,3,13,1903,51,856
1999-357,Stuttgart Masters,Hard,48,M,19991025,27,102562,,,Jiri Novak,R,190,CZE,24.5,101611,14,,Cedric Pioline,R,188,FRA,30.3,6-4 3-6 6-3,3,R32,108,7,2,90,58,43,18,14,2,3,8,2,83,40,33,23,14,2,4,33,1138,16,1727
1999-357,Stuttgart Masters,Hard,48,M,19991025,28,101774,3,,Todd Martin,R,198,USA,29.2,102148,,,Fabrice Santoro,R,178,FRA,26.8,6-4 6-2,3,R32,66,2,1,45,21,18,16,9,0,1,4,3,65,36,23,11,9,6,10,4,2812,39,1004
1999-357,Stuttgart Masters,Hard,48,M,19991025,29,101990,8,,Richard Krajicek,R,196,NED,27.8,102162,,Q,Chris Woodruff,R,188,USA,26.8,6-4 7-6(3),3,R32,86,25,0,71,46,38,17,11,4,4,6,1,77,47,32,20,11,4,5,8,2313,58,808
1999-357,Stuttgart Masters,Hard,48,M,19991025,30,102374,9,,Alex Corretja,R,180,ESP,25.5,101793,,,Jim Courier,R,185,USA,29.1,6-3 6-7(5) 6-3,3,R32,158,12,3,107,48,42,31,16,8,9,8,6,112,69,47,23,14,9,12,12,1926,41,994
1999-357,Stuttgart Masters,Hard,48,M,19991025,31,102796,16,,Magnus Norman,R,188,SWE,23.4,103498,,,Marat Safin,R,193,RUS,19.7,6-4 7-5,3,R32,71,3,2,61,41,35,10,11,2,2,10,5,75,32,26,21,11,3,5,20,1615,36,1087
1999-357,Stuttgart Masters,Hard,48,M,19991025,32,103151,,,Mariano Zabaleta,R,183,ARG,21.6,102338,2,,Yevgeny Kafelnikov,R,190,RUS,25.6,6-3 6-3,3,R32,80,4,1,60,30,24,15,9,1,2,4,6,70,31,22,16,9,9,13,27,1265,2,3842
1999-357,Stuttgart Masters,Hard,48,M,19991025,33,101736,1,,Andre Agassi,R,180,USA,29.4,102854,,,Sjeng Schalken,R,193,NED,23.1,6-4 6-2,3,R16,76,5,1,55,34,28,9,9,1,2,6,3,73,52,29,8,9,5,9,1,4144,55,834
1999-357,Stuttgart Masters,Hard,48,M,19991025,34,102318,,WC,Andrei Pavel,R,183,ROU,25.7,101888,,Q,Daniel Vacek,R,190,CZE,28.5,6-4 7-5,3,R16,83,10,1,67,45,34,11,11,6,7,8,5,74,32,23,21,11,6,9,50,858,54,837
1999-357,Stuttgart Masters,Hard,48,M,19991025,35,102358,13,,Thomas Enqvist,R,190,SWE,25.6,102856,4,,Gustavo Kuerten,R,190,BRA,23.1,6-4 5-7 6-4,3,R16,99,12,3,90,44,36,20,16,3,7,9,4,89,56,40,13,16,2,7,18,1645,5,2537
1999-357,Stuttgart Masters,Hard,48,M,19991025,36,102701,6,,Marcelo Rios,L,175,CHI,23.8,102839,12,,Nicolas Lapentti,R,188,ECU,23.1,6-4 6-3,3,R16,67,6,4,50,28,24,14,10,1,2,4,1,57,38,25,8,9,6,9,9,2298,11,2113
1999-357,Stuttgart Masters,Hard,48,M,19991025,37,102257,5,,Greg Rusedski,L,193,GBR,26.1,103163,11,,Tommy Haas,R,188,GER,21.5,6-4 6-3,3,R16,76,10,2,52,30,27,17,10,0,0,4,5,75,35,26,17,9,11,13,6,2409,13,1903
1999-357,Stuttgart Masters,Hard,48,M,19991025,38,101774,3,,Todd Martin,R,198,USA,29.2,102562,,,Jiri Novak,R,190,CZE,24.5,6-2 6-4,3,R16,54,7,1,50,32,30,9,9,1,1,1,3,46,29,21,9,9,0,3,4,2812,33,1138
1999-357,Stuttgart Masters,Hard,48,M,19991025,39,101990,8,,Richard Krajicek,R,196,NED,27.8,102374,9,,Alex Corretja,R,180,ESP,25.5,7-6(4) 7-6(5),3,R16,111,14,2,76,44,35,25,12,3,3,6,2,94,47,38,24,12,6,6,8,2313,12,1926
1999-357,Stuttgart Masters,Hard,48,M,19991025,40,103151,,,Mariano Zabaleta,R,183,ARG,21.6,102796,16,,Magnus Norman,R,188,SWE,23.4,6-3 6-4,3,R16,82,7,1,63,37,27,16,10,3,3,5,5,65,34,26,13,9,4,6,27,1265,20,1615
1999-357,Stuttgart Masters,Hard,48,M,19991025,41,101736,1,,Andre Agassi,R,180,USA,29.4,102318,,WC,Andrei Pavel,R,183,ROU,25.7,6-2 6-1,3,QF,54,5,1,46,30,21,10,7,1,1,3,1,50,31,17,6,8,6,11,1,4144,50,858
1999-357,Stuttgart Masters,Hard,48,M,19991025,42,102358,13,,Thomas Enqvist,R,190,SWE,25.6,102701,6,,Marcelo Rios,L,175,CHI,23.8,6-4 6-2,3,QF,56,6,1,53,33,29,11,9,2,2,7,2,53,31,19,12,9,2,5,18,1645,9,2298
1999-357,Stuttgart Masters,Hard,48,M,19991025,43,102257,5,,Greg Rusedski,L,193,GBR,26.1,101774,3,,Todd Martin,R,198,USA,29.2,4-6 7-6(10) 6-4,3,QF,128,22,3,111,61,48,30,16,4,5,12,1,103,70,54,20,16,3,4,6,2409,4,2812
1999-357,Stuttgart Masters,Hard,48,M,19991025,44,101990,8,,Richard Krajicek,R,196,NED,27.8,103151,,,Mariano Zabaleta,R,183,ARG,21.6,6-3 6-2,3,QF,60,9,2,44,33,31,5,9,0,0,7,1,52,32,24,5,8,4,7,8,2313,27,1265
1999-357,Stuttgart Masters,Hard,48,M,19991025,45,102358,13,,Thomas Enqvist,R,190,SWE,25.6,101736,1,,Andre Agassi,R,180,USA,29.4,6-3 4-6 6-0,3,SF,81,14,1,73,48,35,14,13,3,5,6,6,71,29,21,18,12,5,10,18,1645,1,4144
1999-357,Stuttgart Masters,Hard,48,M,19991025,46,101990,8,,Richard Krajicek,R,196,NED,27.8,102257,5,,Greg Rusedski,L,193,GBR,26.1,6-4 6-4,3,SF,64,10,1,54,28,26,16,10,1,1,4,2,55,33,26,11,10,1,3,8,2313,6,2409
1999-357,Stuttgart Masters,Hard,48,M,19991025,47,102358,13,,Thomas Enqvist,R,190,SWE,25.6,101990,8,,Richard Krajicek,R,196,NED,27.8,6-1 6-4 5-7 7-5,5,F,153,10,7,118,64,49,32,21,4,7,26,6,125,75,59,18,20,8,14,18,1645,8,2313
1999-352,Paris Masters,Carpet,48,M,19991101,1,101962,,,Younes El Aynaoui,R,193,MAR,28.1,102434,,,Vincent Spadea,R,183,USA,25.2,6-2 6-4,3,R64,73,4,4,63,34,25,16,9,6,7,2,3,60,26,18,12,9,4,8,29,1237,20,1629
1999-352,Paris Masters,Carpet,48,M,19991101,2,102854,,Q,Sjeng Schalken,R,193,NED,23.1,103096,,WC,Arnaud Clement,R,173,FRA,21.8,7-6(4) 4-6 7-6(2),3,R64,169,6,5,102,59,43,29,17,0,3,7,8,145,76,54,35,17,9,11,49,891,48,896
1999-352,Paris Masters,Carpet,48,M,19991101,3,103507,,LL,Juan Carlos Ferrero,R,183,ESP,19.7,101965,,,Wayne Ferreira,R,185,RSA,28.1,4-6 6-2 6-2,3,R64,112,5,3,101,53,35,27,13,11,13,5,6,88,43,32,15,13,7,12,44,923,54,847
1999-352,Paris Masters,Carpet,48,M,19991101,4,102882,,,Mark Philippoussis,R,196,AUS,22.9,102765,,WC,Nicolas Escude,R,185,FRA,23.5,6-4 7-6(4),3,R64,82,17,0,70,39,32,19,11,2,3,6,1,58,34,23,19,11,1,3,22,1508,50,888
1999-352,Paris Masters,Carpet,48,M,19991101,5,101532,,,Francisco Clavet,L,183,ESP,31.0,102562,,,Jiri Novak,R,190,CZE,24.6,6-4 6-1,3,R64,56,6,3,54,37,24,8,9,1,3,1,0,46,29,15,6,8,5,10,32,1124,37,1044
1999-352,Paris Masters,Carpet,48,M,19991101,6,102905,,Q,Stefan Koubek,L,175,AUT,22.8,103103,,,Dominik Hrbaty,R,183,SVK,21.8,7-5 6-4,3,R64,72,3,1,59,39,25,11,11,0,3,3,3,75,34,24,17,11,4,9,41,978,23,1499
1999-352,Paris Masters,Carpet,48,M,19991101,7,102148,,,Fabrice Santoro,R,178,FRA,26.8,102783,,Q,Rainer Schuettler,R,180,GER,23.5,6-2 6-3,3,R64,86,2,3,73,42,27,17,8,8,9,5,4,70,39,24,9,9,6,11,38,1016,43,930
1999-352,Paris Masters,Carpet,48,M,19991101,8,102610,,,Albert Costa,R,180,ESP,24.3,102796,,,Magnus Norman,R,188,SWE,23.4,4-6 6-3 6-2,3,R64,97,4,2,95,52,37,21,14,10,13,7,6,70,37,23,15,13,1,6,24,1498,19,1635
1999-352,Paris Masters,Carpet,48,M,19991101,9,103498,,,Marat Safin,R,193,RUS,19.7,103151,,,Mariano Zabaleta,R,183,ARG,21.6,6-7(3) 7-5 6-3,3,R64,137,10,3,107,44,38,40,17,4,4,5,5,112,59,46,28,16,7,9,34,1102,25,1426
1999-352,Paris Masters,Carpet,48,M,19991101,10,101820,,,Marc Rosset,R,201,SUI,28.9,102567,,Q,George Bastl,R,183,SUI,24.5,7-6(7) 6-2,3,R64,92,16,5,76,47,41,10,10,2,3,1,2,70,41,27,14,10,2,5,36,1079,94,511
1999-352,Paris Masters,Carpet,48,M,19991101,11,101793,,,Jim Courier,R,185,USA,29.2,103324,,WC,Arnaud Di Pasquale,R,185,FRA,20.7,7-6(5) 3-6 7-6(6),3,R64,141,6,2,105,65,50,23,16,2,5,8,2,120,75,57,23,17,10,12,39,1014,47,906
1999-352,Paris Masters,Carpet,48,M,19991101,12,102358,,,Thomas Enqvist,R,190,SWE,25.6,103206,,,Sebastien Grosjean,R,175,FRA,21.4,3-6 6-4 7-6(5),3,R64,128,11,5,106,51,39,31,16,1,3,15,2,111,55,44,29,15,8,9,9,2223,27,1305
1999-352,Paris Masters,Carpet,48,M,19991101,13,102770,,Q,John Van Lottum,R,185,NED,23.5,102456,,,Felix Mantilla,R,180,ESP,25.1,6-3 6-2,3,R64,70,4,5,63,33,27,15,8,6,6,4,2,65,33,23,11,9,2,6,76,591,21,1533
1999-352,Paris Masters,Carpet,48,M,19991101,14,102021,,Q,Michael Chang,R,175,USA,27.6,102563,,,Thomas Johansson,R,180,SWE,24.6,6-7(7) 7-5 6-4,3,R64,155,6,4,116,66,44,31,17,4,6,12,9,118,51,41,29,17,7,11,72,638,30,1174
1999-352,Paris Masters,Carpet,48,M,19991101,15,102446,,,Andrei Medvedev,R,193,UKR,25.1,101703,,WC,Guillaume Raoux,R,180,FRA,29.7,6-3 6-4,3,R64,67,8,4,58,33,29,12,9,5,5,5,8,60,27,21,14,10,5,8,33,1109,120,400
1999-352,Paris Masters,Carpet,48,M,19991101,16,103720,,,Lleyton Hewitt,R,180,AUS,18.6,101897,,,Fernando Meligeni,L,180,BRA,28.5,6-3 6-2,3,R64,73,1,1,56,25,18,16,8,4,6,4,1,59,35,21,7,9,6,12,26,1387,28,1247
1999-352,Paris Masters,Carpet,48,M,19991101,17,101736,1,,Andre Agassi,R,180,USA,29.5,101962,,,Younes El Aynaoui,R,193,MAR,28.1,6-4 6-3,3,R32,57,7,0,40,20,18,18,9,0,0,4,4,64,43,29,9,10,5,8,1,4281,29,1237
1999-352,Paris Masters,Carpet,48,M,19991101,18,102854,,Q,Sjeng Schalken,R,193,NED,23.1,102344,16,,Karol Kucera,R,188,SVK,25.6,6-3 6-4,3,R32,79,1,1,59,37,25,12,10,2,4,4,6,65,28,20,13,9,8,12,49,891,18,1653
1999-352,Paris Masters,Carpet,48,M,19991101,19,102450,10,,Tim Henman,R,185,GBR,25.1,103507,,LL,Juan Carlos Ferrero,R,183,ESP,19.7,4-6 7-6(7) 6-4,3,R32,125,6,6,101,46,34,33,16,5,8,2,4,107,56,42,26,16,0,3,10,2137,44,923
1999-352,Paris Masters,Carpet,48,M,19991101,20,102882,,,Mark Philippoussis,R,196,AUS,22.9,101990,8,,Richard Krajicek,R,196,NED,27.9,7-5 6-3,3,R32,64,7,1,60,35,30,17,11,3,3,10,3,57,38,29,8,10,0,2,22,1508,12,2095
1999-352,Paris Masters,Carpet,48,M,19991101,21,101948,3,,Pete Sampras,R,185,USA,28.2,101532,,,Francisco Clavet,L,183,ESP,31.0,4-6 6-3 7-6(4),3,R32,122,14,6,109,71,57,19,16,8,9,6,1,99,64,42,25,15,3,4,3,2946,32,1124
1999-352,Paris Masters,Carpet,48,M,19991101,22,103163,13,,Tommy Haas,R,188,GER,21.5,102905,,Q,Stefan Koubek,L,175,AUT,22.8,6-3 6-2,3,R32,60,6,6,63,28,23,18,9,5,6,2,2,48,28,15,10,8,6,10,14,1911,41,978
1999-352,Paris Masters,Carpet,48,M,19991101,23,102839,11,,Nicolas Lapentti,R,188,ECU,23.2,102148,,,Fabrice Santoro,R,178,FRA,26.8,6-3 7-6(5),3,R32,87,4,0,60,36,27,15,10,5,7,2,2,82,48,32,14,11,7,11,11,2126,38,1016
1999-352,Paris Masters,Carpet,48,M,19991101,24,102610,,,Albert Costa,R,180,ESP,24.3,102257,6,,Greg Rusedski,L,193,GBR,26.1,7-6(7) RET,3,R32,52,2,0,48,34,27,7,6,5,6,8,6,41,19,17,11,6,1,2,24,1498,6,2501
1999-352,Paris Masters,Carpet,48,M,19991101,25,103498,,,Marat Safin,R,193,RUS,19.7,102856,5,,Gustavo Kuerten,R,190,BRA,23.1,7-6(4) 3-6 7-6(4),3,R32,116,15,2,105,47,36,30,17,5,11,7,2,95,47,33,27,16,1,5,34,1102,5,2563
1999-352,Paris Masters,Carpet,48,M,19991101,26,101820,,,Marc Rosset,R,201,SUI,28.9,102374,12,,Alex Corretja,R,180,ESP,25.5,7-5 6-3,3,R32,80,12,7,63,42,37,9,10,5,5,1,4,69,35,25,16,11,0,3,36,1079,13,1953
1999-352,Paris Masters,Carpet,48,M,19991101,27,101793,,,Jim Courier,R,185,USA,29.2,102845,14,,Carlos Moya,R,190,ESP,23.1,6-2 6-1,3,R32,43,6,2,40,27,25,7,8,0,0,3,2,40,17,8,10,7,3,7,39,1014,16,1765
1999-352,Paris Masters,Carpet,48,M,19991101,28,102358,,,Thomas Enqvist,R,190,SWE,25.6,101774,4,,Todd Martin,R,198,USA,29.3,4-6 7-6(5) 7-6(6),3,R32,140,16,8,115,70,56,22,17,8,10,14,2,124,75,57,25,17,5,6,9,2223,4,2837
1999-352,Paris Masters,Carpet,48,M,19991101,29,102770,,Q,John Van Lottum,R,185,NED,23.5,102227,,LL,Sargis Sargsian,R,180,ARM,26.4,6-3 7-6(7),3,R32,88,6,0,79,48,38,15,11,4,5,4,2,65,41,27,15,10,0,2,76,591,56,837
1999-352,Paris Masters,Carpet,48,M,19991101,30,102021,,Q,Michael Chang,R,175,USA,27.6,102701,9,,Marcelo Rios,L,175,CHI,23.8,7-5 6-2,3,R32,75,7,0,59,32,27,14,10,1,2,5,6,61,36,25,10,10,2,6,72,638,8,2304
1999-352,Paris Masters,Carpet,48,M,19991101,31,101611,15,,Cedric Pioline,R,188,FRA,30.3,102446,,,Andrei Medvedev,R,193,UKR,25.1,6-1 6-4,3,R32,68,4,3,55,29,25,14,9,3,3,9,5,57,33,23,8,8,4,7,17,1727,33,1109
1999-352,Paris Masters,Carpet,48,M,19991101,32,103720,,,Lleyton Hewitt,R,180,AUS,18.6,102338,2,,Yevgeny Kafelnikov,R,190,RUS,25.7,6-4 2-6 6-4,3,R32,133,5,2,102,55,39,25,14,7,9,10,6,100,43,36,26,14,2,4,26,1387,2,3585
1999-352,Paris Masters,Carpet,48,M,19991101,33,101736,1,,Andre Agassi,R,180,USA,29.5,102854,,Q,Sjeng Schalken,R,193,NED,23.1,6-4 3-6 6-2,3,R16,96,7,6,63,35,33,14,13,3,5,5,5,91,51,37,17,14,6,10,1,4281,49,891
1999-352,Paris Masters,Carpet,48,M,19991101,34,102882,,,Mark Philippoussis,R,196,AUS,22.9,102450,10,,Tim Henman,R,185,GBR,25.1,6-1 3-6 6-3,3,R16,92,14,0,74,47,38,14,13,4,5,7,6,86,36,27,25,12,7,10,22,1508,10,2137
1999-352,Paris Masters,Carpet,48,M,19991101,35,103163,13,,Tommy Haas,R,188,GER,21.5,101948,3,,Pete Sampras,R,185,USA,28.2,W/O,3,R16,,,,,,,,,,,,,,,,,,,,14,1911,3,2946
1999-352,Paris Masters,Carpet,48,M,19991101,36,102839,11,,Nicolas Lapentti,R,188,ECU,23.2,102610,,,Albert Costa,R,180,ESP,24.3,6-2 7-5,3,R16,83,5,2,63,37,25,18,10,1,2,0,3,62,31,20,14,10,1,5,11,2126,24,1498
1999-352,Paris Masters,Carpet,48,M,19991101,37,103498,,,Marat Safin,R,193,RUS,19.7,101820,,,Marc Rosset,R,201,SUI,28.9,6-4 6-4,3,R16,58,9,1,49,32,29,11,10,0,0,9,6,62,36,30,9,10,4,6,34,1102,36,1079
1999-352,Paris Masters,Carpet,48,M,19991101,38,101793,,,Jim Courier,R,185,USA,29.2,102358,,,Thomas Enqvist,R,190,SWE,25.6,6-7(3) 7-6(4) 7-5,3,R16,147,8,7,130,79,61,26,18,12,14,13,7,108,65,51,23,18,1,4,39,1014,9,2223
1999-352,Paris Masters,Carpet,48,M,19991101,39,102021,,Q,Michael Chang,R,175,USA,27.6,102770,,Q,John Van Lottum,R,185,NED,23.5,6-1 6-2,3,R16,59,4,0,41,26,21,11,8,0,0,2,4,61,27,18,11,7,13,17,72,638,76,591
1999-352,Paris Masters,Carpet,48,M,19991101,40,101611,15,,Cedric Pioline,R,188,FRA,30.3,103720,,,Lleyton Hewitt,R,180,AUS,18.6,7-6(4) 3-6 7-6(6),3,R16,164,10,5,98,47,39,26,16,0,3,5,8,124,62,45,35,17,5,7,17,1727,26,1387
1999-352,Paris Masters,Carpet,48,M,19991101,41,101736,1,,Andre Agassi,R,180,USA,29.5,102882,,,Mark Philippoussis,R,196,AUS,22.9,6-4 6-1,3,QF,64,9,1,43,27,27,9,9,0,0,9,7,70,38,26,11,8,8,11,1,4281,22,1508
1999-352,Paris Masters,Carpet,48,M,19991101,42,102839,11,,Nicolas Lapentti,R,188,ECU,23.2,103163,13,,Tommy Haas,R,188,GER,21.5,6-4 3-6 6-3,3,QF,95,5,4,76,46,38,18,14,5,6,9,4,77,35,29,24,14,4,6,11,2126,14,1911
1999-352,Paris Masters,Carpet,48,M,19991101,43,103498,,,Marat Safin,R,193,RUS,19.7,101793,,,Jim Courier,R,185,USA,29.2,6-2 6-4,3,QF,56,8,5,47,25,23,14,9,2,2,2,0,52,35,24,9,9,5,8,34,1102,39,1014
1999-352,Paris Masters,Carpet,48,M,19991101,44,102021,,Q,Michael Chang,R,175,USA,27.6,101611,15,,Cedric Pioline,R,188,FRA,30.3,5-7 7-6(6) 6-4,3,QF,177,3,1,114,65,44,24,17,7,12,9,5,115,58,45,23,17,7,12,72,638,17,1727
1999-352,Paris Masters,Carpet,48,M,19991101,45,101736,1,,Andre Agassi,R,180,USA,29.5,102839,11,,Nicolas Lapentti,R,188,ECU,23.2,3-6 6-3 6-2,3,SF,112,3,2,68,44,32,14,13,1,4,7,1,89,58,36,12,13,7,12,1,4281,11,2126
1999-352,Paris Masters,Carpet,48,M,19991101,46,103498,,,Marat Safin,R,193,RUS,19.7,102021,,Q,Michael Chang,R,175,USA,27.6,6-7(5) 7-6(5) 6-3,3,SF,141,9,3,97,42,36,29,16,1,4,8,2,110,65,48,21,17,5,10,34,1102,72,638
1999-352,Paris Masters,Carpet,48,M,19991101,47,101736,1,,Andre Agassi,R,180,USA,29.5,103498,,,Marat Safin,R,193,RUS,19.7,7-6(1) 6-2 4-6 6-4,5,F,149,7,2,134,83,58,29,20,10,13,19,8,117,51,40,33,20,2,7,1,4281,34,1102
1999-438,Moscow,Carpet,32,A,19991108,1,102338,1,,Yevgeny Kafelnikov,R,190,RUS,25.7,103096,,,Arnaud Clement,R,173,FRA,21.8,6-3 6-2,3,R32,51,6,0,40,19,19,15,8,1,1,6,5,52,21,14,14,9,5,9,2,3392,48,896
1999-438,Moscow,Carpet,32,A,19991108,2,102184,,,David Prinosil,R,185,GER,26.6,102776,,,Andrew Ilie,R,180,AUS,23.5,6-3 6-2,3,R32,53,6,4,49,17,16,19,9,0,1,4,5,47,22,11,13,8,4,8,64,715,56,845
1999-438,Moscow,Carpet,32,A,19991108,3,101888,,,Daniel Vacek,R,190,CZE,28.6,104022,,WC,Mikhail Youzhny,R,183,RUS,17.3,6-1 6-4,3,R32,60,4,3,66,41,31,13,9,6,6,5,2,49,27,19,8,8,1,4,46,920,325,112
1999-438,Moscow,Carpet,32,A,19991108,4,102642,,Q,Cyril Saulnier,R,190,FRA,24.2,102562,8,,Jiri Novak,R,190,CZE,24.6,2-6 7-6(3) 6-4,3,R32,121,6,5,109,52,37,25,15,9,15,4,2,95,51,31,20,15,2,7,214,193,41,973
1999-438,Moscow,Carpet,32,A,19991108,5,102765,,,Nicolas Escude,R,185,FRA,23.5,101962,4,,Younes El Aynaoui,R,193,MAR,28.1,7-6(3) 7-6(5),3,R32,95,11,2,82,46,39,15,12,6,9,3,6,88,50,35,15,12,2,5,53,863,29,1248
1999-438,Moscow,Carpet,32,A,19991108,6,102466,,,Jan Kroslak,R,188,SVK,25.0,101733,,,Jan Siemerink,L,183,NED,29.5,5-7 7-6(3) 7-6(3),3,R32,151,7,5,135,80,57,35,18,5,6,18,6,130,77,62,25,18,6,6,97,502,87,531
1999-438,Moscow,Carpet,32,A,19991108,7,102911,,Q,Andrei Stoliarov,R,178,RUS,22.8,103084,,,Guillermo Canas,R,185,ARG,21.9,6-3 5-7 7-6(6),3,R32,157,2,3,127,66,44,29,17,13,18,8,5,103,57,37,22,16,7,12,175,242,72,657
1999-438,Moscow,Carpet,32,A,19991108,8,102446,5,,Andrei Medvedev,R,193,UKR,25.1,103018,,Q,Max Mirnyi,R,196,BLR,22.3,6-2 6-4,3,R32,70,4,4,69,30,23,20,9,7,8,6,6,61,34,21,12,9,5,9,33,1130,79,578
1999-438,Moscow,Carpet,32,A,19991108,9,102148,,,Fabrice Santoro,R,178,FRA,26.9,103498,6,,Marat Safin,R,193,RUS,19.7,7-6(3) 7-5,3,R32,84,6,2,88,50,38,22,12,6,7,9,4,68,38,28,18,12,0,2,38,1016,26,1437
1999-438,Moscow,Carpet,32,A,19991108,10,102925,,,Justin Gimelstob,R,196,USA,22.7,101772,,WC,Andrei Cherkasov,R,180,RUS,29.3,6-3 6-3,3,R32,67,9,2,47,27,26,11,9,1,1,2,11,58,34,26,6,9,5,8,85,544,208,200
1999-438,Moscow,Carpet,32,A,19991108,11,101647,,,Byron Black,R,175,ZIM,30.0,102271,,,Hicham Arazi,L,175,MAR,26.0,6-1 7-5,3,R32,67,1,4,73,39,29,17,10,6,7,4,1,55,33,23,7,9,3,7,80,576,40,1008
1999-438,Moscow,Carpet,32,A,19991108,12,101964,,,Goran Ivanisevic,L,193,CRO,28.1,103206,3,,Sebastien Grosjean,R,175,FRA,21.4,6-4 7-5,3,R32,67,18,11,73,41,36,13,11,8,9,11,4,64,38,28,12,11,3,6,47,913,27,1305
1999-438,Moscow,Carpet,32,A,19991108,13,101820,7,,Marc Rosset,R,201,SUI,29.0,102087,,,Oleg Ogorodov,R,193,UZB,27.3,3-6 6-1 6-3,3,R32,80,12,3,72,41,35,16,12,2,3,2,4,73,40,27,18,13,4,8,37,1041,133,361
1999-438,Moscow,Carpet,32,A,19991108,14,102227,,,Sargis Sargsian,R,180,ARM,26.4,103497,,Q,Artem Derepasko,R,,RUS,19.7,6-4 6-1,3,R32,61,5,1,39,16,14,16,8,3,4,2,5,57,33,20,8,9,2,7,57,796,322,114
1999-438,Moscow,Carpet,32,A,19991108,15,102318,,,Andrei Pavel,R,183,ROU,25.7,103857,,WC,Igor Kunitsyn,R,180,RUS,18.1,6-2 6-2,3,R32,49,8,2,44,29,22,11,8,0,0,0,0,50,30,18,7,8,4,8,42,970,295,125
1999-438,Moscow,Carpet,32,A,19991108,16,101543,,,Jeff Tarango,L,180,USA,30.9,102434,2,,Vincent Spadea,R,183,USA,25.3,7-6(5) 6-2,3,R32,72,3,5,68,41,35,12,10,3,4,5,1,58,27,22,15,10,4,7,73,653,21,1567
1999-438,Moscow,Carpet,32,A,19991108,17,102338,1,,Yevgeny Kafelnikov,R,190,RUS,25.7,102184,,,David Prinosil,R,185,GER,26.6,6-4 7-5,3,R16,75,6,2,68,31,23,24,11,2,3,6,5,59,22,16,21,11,2,5,2,3392,64,715
1999-438,Moscow,Carpet,32,A,19991108,18,101888,,,Daniel Vacek,R,190,CZE,28.6,102642,,Q,Cyril Saulnier,R,190,FRA,24.2,6-7(9) 6-3 7-5,3,R16,150,5,12,115,55,44,28,16,10,13,9,5,118,56,41,28,17,4,10,46,920,214,193
1999-438,Moscow,Carpet,32,A,19991108,19,102765,,,Nicolas Escude,R,185,FRA,23.5,102466,,,Jan Kroslak,R,188,SVK,25.0,6-1 3-6 6-3,3,R16,84,10,3,87,44,34,24,13,7,8,4,4,82,51,35,14,12,6,9,53,863,97,502
1999-438,Moscow,Carpet,32,A,19991108,20,102446,5,,Andrei Medvedev,R,193,UKR,25.1,102911,,Q,Andrei Stoliarov,R,178,RUS,22.8,4-6 6-4 6-1,3,R16,109,13,7,87,33,27,23,13,6,10,3,4,111,59,31,24,14,10,17,33,1130,175,242
1999-438,Moscow,Carpet,32,A,19991108,21,102148,,,Fabrice Santoro,R,178,FRA,26.9,102925,,,Justin Gimelstob,R,196,USA,22.7,5-7 6-1 7-6(6),3,R16,160,1,4,111,57,40,29,16,9,13,14,5,126,70,44,26,15,7,12,38,1016,85,544
1999-438,Moscow,Carpet,32,A,19991108,22,101647,,,Byron Black,R,175,ZIM,30.0,101964,,,Goran Ivanisevic,L,193,CRO,28.1,7-6(4) 3-1 RET,3,R16,55,9,0,45,24,21,16,9,0,0,9,6,51,20,18,17,8,3,4,80,576,47,913
1999-438,Moscow,Carpet,32,A,19991108,23,101820,7,,Marc Rosset,R,201,SUI,29.0,102227,,,Sargis Sargsian,R,180,ARM,26.4,6-3 6-4,3,R16,85,12,4,65,30,28,16,10,5,5,9,3,68,39,26,14,9,4,6,37,1041,57,796
1999-438,Moscow,Carpet,32,A,19991108,24,101543,,,Jeff Tarango,L,180,USA,30.9,102318,,,Andrei Pavel,R,183,ROU,25.7,6-3 7-5,3,R16,72,6,6,75,39,33,18,11,8,8,4,2,59,34,26,11,10,4,6,73,653,42,970
1999-438,Moscow,Carpet,32,A,19991108,25,102338,1,,Yevgeny Kafelnikov,R,190,RUS,25.7,101888,,,Daniel Vacek,R,190,CZE,28.6,7-6(3) 6-3,3,QF,81,13,4,65,34,29,16,11,0,2,7,3,72,36,27,17,10,2,5,2,3392,46,920
1999-438,Moscow,Carpet,32,A,19991108,26,102765,,,Nicolas Escude,R,185,FRA,23.5,102446,5,,Andrei Medvedev,R,193,UKR,25.1,2-6 6-3 6-2,3,QF,85,8,6,81,47,38,17,13,5,7,5,5,87,51,35,16,12,7,10,53,863,33,1130
1999-438,Moscow,Carpet,32,A,19991108,27,101647,,,Byron Black,R,175,ZIM,30.0,102148,,,Fabrice Santoro,R,178,FRA,26.9,6-3 6-4,3,QF,75,10,4,65,33,24,13,10,3,6,9,7,62,29,18,11,9,6,11,80,576,38,1016
1999-438,Moscow,Carpet,32,A,19991108,28,101543,,,Jeff Tarango,L,180,USA,30.9,101820,7,,Marc Rosset,R,201,SUI,29.0,5-7 7-6(4) 6-4,3,QF,145,3,5,124,64,43,38,17,6,8,27,11,112,61,52,21,17,4,6,73,653,37,1041
1999-438,Moscow,Carpet,32,A,19991108,29,102338,1,,Yevgeny Kafelnikov,R,190,RUS,25.7,102765,,,Nicolas Escude,R,185,FRA,23.5,6-7(4) 7-6(2) 6-3,3,SF,138,13,5,118,60,48,34,17,4,5,19,2,128,78,61,19,16,7,9,2,3392,53,863
1999-438,Moscow,Carpet,32,A,19991108,30,101647,,,Byron Black,R,175,ZIM,30.0,101543,,,Jeff Tarango,L,180,USA,30.9,6-3 6-2,3,SF,59,11,2,43,23,21,12,9,1,2,4,8,50,25,17,6,8,4,8,80,576,73,653
1999-438,Moscow,Carpet,32,A,19991108,31,102338,1,,Yevgeny Kafelnikov,R,190,RUS,25.7,101647,,,Byron Black,R,175,ZIM,30.0,7-6(2) 6-4,3,F,91,7,2,74,38,27,23,11,2,3,11,4,81,46,32,17,11,7,9,2,3392,80,576
1999-429,Stockholm,Hard,32,A,19991108,1,102358,1,,Thomas Enqvist,R,190,SWE,25.6,102950,,,Fernando Vicente,R,180,ESP,22.6,6-0 6-1,3,R32,46,4,3,47,23,17,15,7,1,1,3,0,34,17,8,5,6,4,9,7,2310,50,875
1999-429,Stockholm,Hard,32,A,19991108,2,102533,,,Jens Knippschild,R,190,GER,24.7,101723,,,Magnus Larsson,R,193,SWE,29.6,6-4 6-4,3,R32,78,5,1,75,35,27,22,10,7,7,1,1,54,33,24,11,10,0,2,93,516,98,498
1999-429,Stockholm,Hard,32,A,19991108,3,101150,,,Gianluca Pozzi,L,180,ITA,34.3,101900,,WC,Nicklas Kulti,R,190,SWE,28.5,6-7(4) 6-0 7-5,3,R32,128,14,4,93,54,42,22,15,4,6,6,11,104,39,32,26,15,7,13,102,477,121,394
1999-429,Stockholm,Hard,32,A,19991108,4,103714,,WC,Andreas Vinciguerra,L,180,SWE,18.7,103103,8,,Dominik Hrbaty,R,183,SVK,21.8,6-4 3-6 6-3,3,R32,109,5,4,86,46,34,20,14,4,7,5,5,97,45,31,26,14,9,13,108,422,24,1499
1999-429,Stockholm,Hard,32,A,19991108,5,102839,3,,Nicolas Lapentti,R,188,ECU,23.2,103193,,,Peter Wessels,R,196,NED,21.5,6-4 7-6(5),3,R32,92,6,0,77,45,32,19,11,4,6,7,4,86,51,38,13,11,4,7,8,2293,91,525
1999-429,Stockholm,Hard,32,A,19991108,6,102029,,Q,Filip Dewulf,R,190,BEL,27.6,102783,,,Rainer Schuettler,R,180,GER,23.5,6-4 6-3,3,R32,75,2,3,83,56,37,14,10,3,4,4,1,54,25,18,14,9,6,9,429,68,45,930
1999-429,Stockholm,Hard,32,A,19991108,7,101965,,,Wayne Ferreira,R,185,RSA,28.1,102395,,Q,Ville Liukko,R,173,FIN,25.4,7-6(3) 6-3,3,R32,70,9,3,63,32,27,16,11,3,5,1,2,71,36,21,19,10,7,10,55,847,151,304
1999-429,Stockholm,Hard,32,A,19991108,8,102796,6,,Magnus Norman,R,188,SWE,23.4,102025,,WC,Mikael Tillstrom,R,185,SWE,27.6,7-5 6-4,3,R32,99,2,1,74,37,23,17,11,9,13,2,2,84,49,28,13,11,9,15,19,1630,77,583
1999-429,Stockholm,Hard,32,A,19991108,9,102035,,,Jonas Bjorkman,R,183,SWE,27.6,101611,5,,Cedric Pioline,R,188,FRA,30.3,1-6 6-2 6-3,3,R32,90,2,1,68,39,32,14,12,2,4,4,8,75,33,25,20,12,4,7,76,592,15,1814
1999-429,Stockholm,Hard,32,A,19991108,10,102567,,Q,George Bastl,R,183,SUI,24.6,102963,,Q,Robert Lindstedt,R,190,SWE,22.6,6-1 6-1,3,R32,59,4,1,48,33,24,9,7,3,3,0,1,50,34,14,6,7,5,10,88,529,744,17
1999-429,Stockholm,Hard,32,A,19991108,11,101320,,,Magnus Gustafsson,R,185,SWE,32.8,103507,,,Juan Carlos Ferrero,R,183,ESP,19.7,6-3 6-1,3,R32,57,5,1,42,24,21,11,8,0,0,1,3,50,23,13,11,8,6,10,68,660,44,956
1999-429,Stockholm,Hard,32,A,19991108,12,103163,4,,Tommy Haas,R,188,GER,21.5,101532,,,Francisco Clavet,L,183,ESP,31.0,7-5 3-6 6-4,3,R32,93,8,4,90,49,39,24,16,1,3,3,3,78,50,37,18,15,0,2,14,1921,34,1127
1999-429,Stockholm,Hard,32,A,19991108,13,102882,7,,Mark Philippoussis,R,196,AUS,23.0,102021,,,Michael Chang,R,175,USA,27.7,7-6(3) 4-6 6-1,3,R32,116,14,4,92,50,39,24,15,3,4,5,0,93,60,41,17,14,6,8,23,1508,51,874
1999-429,Stockholm,Hard,32,A,19991108,14,102563,,,Thomas Johansson,R,180,SWE,24.6,102133,,,Laurence Tieleman,R,180,ITA,26.9,6-1 6-1,3,R32,46,6,2,41,13,12,17,7,0,0,2,5,38,16,7,9,7,3,8,31,1152,86,539
1999-429,Stockholm,Hard,32,A,19991108,15,102998,,,Jan Michael Gambill,R,190,USA,22.4,103324,,,Arnaud Di Pasquale,R,185,FRA,20.7,6-2 6-3,3,R32,69,9,2,57,30,23,11,8,5,6,1,6,52,27,13,12,9,2,7,71,659,49,890
1999-429,Stockholm,Hard,32,A,19991108,16,102450,2,,Tim Henman,R,185,GBR,25.1,102905,,,Stefan Koubek,L,175,AUT,22.8,6-1 6-3,3,R32,56,5,4,57,27,19,19,8,8,8,1,0,44,25,15,8,8,2,6,10,2137,39,1015
1999-429,Stockholm,Hard,32,A,19991108,17,102358,1,,Thomas Enqvist,R,190,SWE,25.6,102533,,,Jens Knippschild,R,190,GER,24.7,6-2 6-1,3,R16,58,5,5,50,26,22,12,9,0,1,2,6,47,21,15,9,9,0,4,7,2310,93,516
1999-429,Stockholm,Hard,32,A,19991108,18,103714,,WC,Andreas Vinciguerra,L,180,SWE,18.7,101150,,,Gianluca Pozzi,L,180,ITA,34.3,6-3 6-3,3,R16,64,6,0,59,40,26,13,9,1,2,2,1,47,18,10,16,9,4,8,108,422,102,477
1999-429,Stockholm,Hard,32,A,19991108,19,102839,3,,Nicolas Lapentti,R,188,ECU,23.2,102029,,Q,Filip Dewulf,R,190,BEL,27.6,5-7 6-3 6-3,3,R16,110,9,5,100,51,40,20,15,5,8,2,6,102,67,48,13,15,8,13,8,2293,429,68
1999-429,Stockholm,Hard,32,A,19991108,20,102796,6,,Magnus Norman,R,188,SWE,23.4,101965,,,Wayne Ferreira,R,185,RSA,28.1,7-5 6-2,3,R16,79,5,2,59,32,26,17,10,2,2,7,3,65,30,23,15,10,8,11,19,1630,55,847
1999-429,Stockholm,Hard,32,A,19991108,21,102035,,,Jonas Bjorkman,R,183,SWE,27.6,102567,,Q,George Bastl,R,183,SUI,24.6,6-4 6-4,3,R16,75,0,3,62,41,30,10,10,2,3,2,1,54,31,23,11,10,4,7,76,592,88,529
1999-429,Stockholm,Hard,32,A,19991108,22,101320,,,Magnus Gustafsson,R,185,SWE,32.8,103163,4,,Tommy Haas,R,188,GER,21.5,6-3 7-6(7),3,R16,91,11,3,66,28,26,21,10,2,3,2,1,83,44,26,22,11,4,7,68,660,14,1921
1999-429,Stockholm,Hard,32,A,19991108,23,102882,7,,Mark Philippoussis,R,196,AUS,23.0,102563,,,Thomas Johansson,R,180,SWE,24.6,5-7 6-3 7-6(1),3,R16,109,25,4,98,61,53,19,17,2,3,21,3,93,52,48,21,16,6,7,23,1508,31,1152
1999-429,Stockholm,Hard,32,A,19991108,24,102998,,,Jan Michael Gambill,R,190,USA,22.4,102450,2,,Tim Henman,R,185,GBR,25.1,7-5 6-3,3,R16,78,9,0,56,32,27,14,11,1,2,6,5,69,34,28,12,10,4,7,71,659,10,2137
1999-429,Stockholm,Hard,32,A,19991108,25,102358,1,,Thomas Enqvist,R,190,SWE,25.6,103714,,WC,Andreas Vinciguerra,L,180,SWE,18.7,6-2 6-7(6) 6-4,3,QF,121,10,8,102,49,40,30,15,7,7,9,8,104,62,47,18,15,4,7,7,2310,108,422
1999-429,Stockholm,Hard,32,A,19991108,26,102796,6,,Magnus Norman,R,188,SWE,23.4,102839,3,,Nicolas Lapentti,R,188,ECU,23.2,6-1 6-4,3,QF,66,6,3,45,26,22,12,9,1,2,5,2,58,30,20,9,8,4,8,19,1630,8,2293
1999-429,Stockholm,Hard,32,A,19991108,27,101320,,,Magnus Gustafsson,R,185,SWE,32.8,102035,,,Jonas Bjorkman,R,183,SWE,27.6,6-4 0-6 7-5,3,QF,100,3,1,79,51,29,17,14,1,6,1,0,82,55,35,14,14,2,6,68,660,76,592
1999-429,Stockholm,Hard,32,A,19991108,28,102998,,,Jan Michael Gambill,R,190,USA,22.4,102882,7,,Mark Philippoussis,R,196,AUS,23.0,4-6 6-2 7-5,3,QF,119,11,6,107,49,38,27,15,7,9,12,6,87,54,38,17,15,5,9,71,659,23,1508
1999-429,Stockholm,Hard,32,A,19991108,29,102358,1,,Thomas Enqvist,R,190,SWE,25.6,102796,6,,Magnus Norman,R,188,SWE,23.4,6-3 6-4,3,SF,63,7,1,56,31,26,17,10,2,2,9,2,53,32,21,10,9,1,3,7,2310,19,1630
1999-429,Stockholm,Hard,32,A,19991108,30,101320,,,Magnus Gustafsson,R,185,SWE,32.8,102998,,,Jan Michael Gambill,R,190,USA,22.4,6-0 2-6 7-6(4),3,SF,106,9,4,90,54,40,13,13,1,5,6,3,76,35,25,19,13,1,6,68,660,71,659
1999-429,Stockholm,Hard,32,A,19991108,31,102358,1,,Thomas Enqvist,R,190,SWE,25.6,101320,,,Magnus Gustafsson,R,185,SWE,32.8,6-3 6-4 6-2,5,F,86,12,2,76,41,36,22,14,1,2,7,5,71,33,24,15,13,0,5,7,2310,68,660
1999-605,Tour Finals,Hard,8,F,19991122,1,101736,,,Andre Agassi,R,180,USA,29.5,102839,,,Nicolas Lapentti,R,188,ECU,23.2,6-1 6-2,3,RR,68,4,3,54,31,26,13,8,5,5,2,3,50,25,17,7,7,3,7,1,4649,8,2284
1999-605,Tour Finals,Hard,8,F,19991122,2,101736,,,Andre Agassi,R,180,USA,29.5,101948,,,Pete Sampras,R,185,USA,28.2,6-2 6-2,3,RR,59,1,2,44,27,23,11,8,3,3,5,5,53,34,23,6,8,5,9,1,4649,5,2384
1999-605,Tour Finals,Hard,8,F,19991122,3,101736,,,Andre Agassi,R,180,USA,29.5,102856,,,Gustavo Kuerten,R,190,BRA,23.1,6-4 7-5,3,RR,93,4,1,62,37,31,13,11,0,1,13,2,84,36,26,21,11,7,10,1,4649,3,2563
1999-605,Tour Finals,Hard,8,F,19991122,4,101736,,,Andre Agassi,R,180,USA,29.5,102338,,,Yevgeny Kafelnikov,R,190,RUS,25.7,6-4 7-6(5),3,SF,83,9,6,67,34,29,17,11,0,2,7,7,67,32,28,15,11,0,3,1,4649,2,3338
1999-605,Tour Finals,Hard,8,F,19991122,5,101948,,,Pete Sampras,R,185,USA,28.2,101736,,,Andre Agassi,R,180,USA,29.5,6-1 7-5 6-4,5,F,105,15,10,85,50,44,15,15,3,4,4,7,91,43,28,24,14,4,9,5,2384,1,4649
1999-605,Tour Finals,Hard,8,F,19991122,6,101948,,,Pete Sampras,R,185,USA,28.2,102856,,,Gustavo Kuerten,R,190,BRA,23.1,6-2 6-3,3,RR,53,7,4,45,27,24,12,9,0,0,5,1,49,21,16,12,8,1,4,5,2384,3,2563
1999-605,Tour Finals,Hard,8,F,19991122,7,101948,,,Pete Sampras,R,185,USA,28.2,103017,,,Nicolas Kiefer,R,183,GER,22.3,6-3 6-3,3,SF,74,14,2,43,27,24,12,9,0,0,4,6,68,40,29,10,9,10,13,5,2384,6,2322
1999-605,Tour Finals,Hard,8,F,19991122,8,102338,,,Yevgeny Kafelnikov,R,190,RUS,25.7,101774,,,Todd Martin,R,198,USA,29.3,6-4 1-6 6-1,3,RR,96,7,9,73,29,22,21,12,1,5,11,2,79,42,30,13,12,5,10,2,3338,7,2319
1999-605,Tour Finals,Hard,8,F,19991122,9,102338,,,Yevgeny Kafelnikov,R,190,RUS,25.7,102358,,,Thomas Enqvist,R,190,SWE,25.6,7-5 3-6 6-4,3,RR,125,10,3,80,34,29,22,15,1,5,17,6,113,62,43,23,16,9,14,2,3338,4,2537
1999-605,Tour Finals,Hard,8,F,19991122,10,103017,,,Nicolas Kiefer,R,183,GER,22.3,102338,,,Yevgeny Kafelnikov,R,190,RUS,25.7,6-1 4-6 6-2,3,RR,115,11,3,79,37,29,21,12,8,10,3,9,83,35,26,17,13,5,11,6,2322,2,3338
1999-605,Tour Finals,Hard,8,F,19991122,11,103017,,,Nicolas Kiefer,R,183,GER,22.3,101774,,,Todd Martin,R,198,USA,29.3,6-3 6-2,3,RR,70,4,1,53,26,22,17,9,1,1,5,3,50,30,22,4,8,7,10,6,2322,7,2319
1999-605,Tour Finals,Hard,8,F,19991122,12,101774,,,Todd Martin,R,198,USA,29.3,102358,,,Thomas Enqvist,R,190,SWE,25.6,6-4 6-1,3,RR,72,6,0,50,28,23,12,9,2,3,2,4,61,33,19,12,8,7,11,7,2319,4,2537
1999-605,Tour Finals,Hard,8,F,19991122,13,102358,,,Thomas Enqvist,R,190,SWE,25.6,103017,,,Nicolas Kiefer,R,183,GER,22.3,6-4 7-5,3,RR,105,5,4,67,32,25,18,11,3,5,5,4,72,31,21,20,11,3,7,4,2537,6,2322
1999-605,Tour Finals,Hard,8,F,19991122,21,101948,,,Pete Sampras,R,185,USA,28.2,102839,,,Nicolas Lapentti,R,188,ECU,23.2,7-6(2) 7-6(5),3,RR,,,,,,,,,,,,,,,,,,,,5,2384,8,2284
1999-605,Tour Finals,Hard,8,F,19991122,22,102856,,,Gustavo Kuerten,R,190,BRA,23.1,102839,,,Nicolas Lapentti,R,188,ECU,23.2,6-1 6-2,3,RR,,,,,,,,,,,,,,,,,,,,3,2563,8,2284
1999-D005,Davis Cup WG F: FRA vs AUS,Clay,4,D,19991203,1,102882,,,Mark Philippoussis,R,196,AUS,23.0,103206,,,Sebastien Grosjean,R,175,FRA,21.5,6-4 6-2 6-4,5,RR,,,,,,,,,,,,,,,,,,,,19,1570,27,1298
1999-D005,Davis Cup WG F: FRA vs AUS,Clay,4,D,19991203,2,101611,,,Cedric Pioline,R,188,FRA,30.4,103720,,,Lleyton Hewitt,R,180,AUS,18.7,7-6(7) 7-6(6) 7-5,5,RR,,,,,,,,,,,,,,,,,,,,13,1814,22,1458
1999-D005,Davis Cup WG F: FRA vs AUS,Clay,4,D,19991203,4,102882,,,Mark Philippoussis,R,196,AUS,23.0,101611,,,Cedric Pioline,R,188,FRA,30.4,6-3 5-7 6-1 6-2,5,RR,,,,,,,,,,,,,,,,,,,,19,1570,13,1814
1999-D005,Davis Cup WG F: FRA vs AUS,Clay,4,D,19991203,5,103206,,,Sebastien Grosjean,R,175,FRA,21.5,103720,,,Lleyton Hewitt,R,180,AUS,18.7,6-4 6-3,3,RR,,,,,,,,,,,,,,,,,,,,27,1298,22,1458
1999-615,Dusseldorf,Clay,64,A,19990516,293,102374,,,Alex Corretja,R,180,ESP,25.0,103017,,,Nicolas Kiefer,R,183,GER,21.8,6-3 4-6 6-4,3,RR,,,,,,,,,,,,,,,,,,,,6,2849,21,1529
1999-615,Dusseldorf,Clay,64,A,19990516,291,102845,,,Carlos Moya,R,190,ESP,22.7,103163,,,Tommy Haas,R,188,GER,21.1,7-6(3) 6-4,3,RR,,,,,,,,,,,,,,,,,,,,4,3080,19,1640
1999-615,Dusseldorf,Clay,64,A,19990516,285,102358,,,Thomas Enqvist,R,190,SWE,25.1,103163,,,Tommy Haas,R,188,GER,21.1,6-4 6-4,3,RR,,,,,,,,,,,,,,,,,,,,17,1739,19,1640
1999-615,Dusseldorf,Clay,64,A,19990516,284,103017,,,Nicolas Kiefer,R,183,GER,21.8,102563,,,Thomas Johansson,R,180,SWE,24.1,6-2 6-3,3,RR,,,,,,,,,,,,,,,,,,,,21,1529,18,1650
1999-615,Dusseldorf,Clay,64,A,19990516,277,103163,,,Tommy Haas,R,188,GER,21.1,102450,,,Tim Henman,R,185,GBR,24.6,6-7(4) 7-6(7) 6-3,3,RR,,,,,,,,,,,,,,,,,,,,19,1640,7,2671